0.00818494614213705
0.00864715501666069
0.008260254748165607
0.007955098524689674
0.007778550963848829
0.007658613845705986
0.0075768884271383286
0.007515830919146538
0.007460688706487417
0.00740820774808526
0.007358386646956205
0.007308700121939182
0.007259373087435961
0.007211537100374699
0.007166298106312752
0.007123355288058519
0.00708163995295763
0.0070405681617558
0.007000349927693605
0.00696286978200078
0.006928284652531147
0.006896689534187317
0.006867565680295229
0.006840514950454235
0.006814580410718918
0.006788952276110649
0.00676271878182888
0.006735172122716904
0.006705738138407469
0.006671525072306395
0.0066359033808112144
0.006599635351449251
0.0007480416097678244
0.0007090666331350803
0.0007187600713223219
0.000735448207706213
0.0007519177161157131
0.0007671925122849643
0.006807422265410423
0.006715879309922457
0.006569642573595047
0.006473893765360117
0.0064032175578176975
0.006344898138195276
0.006291595753282309
0.006239628419280052
0.0061890860088169575
0.0061332350596785545
0.006064897868782282
0.005994515493512154
0.0059222690761089325
0.005848422180861235
0.005773325450718403
0.005697144661098719
0.005618719849735498
0.0055376263335347176
0.005453693214803934
0.005367087200284004
0.005278106313198805
0.0051870197057724
0.005093866027891636
0.0049991002306342125
0.004903176799416542
0.0048065753653645515
0.004709727596491575
0.004613181576132774
0.0045178732834756374
0.00442431541159749
0.0043315221555531025
0.004239155910909176
0.004147361032664776
0.00405605835840106
0.003965318202972412
0.0038755335845053196
0.003786714281886816
0.003698896849527955
0.003612267319113016
0.003527146065607667
0.003443589899688959
0.003361774841323495
0.0032817369792610407
0.0032033771276474
0.003126373514533043
0.003050629049539566
0.0029762759804725647
0.002903817454352975
0.002833285368978977
0.002764349337667227
0.002696962794288993
0.002631073584780097
0.00256667984649539
0.002503796247765422
