0.02154913730919361
0.023275861516594887
0.02678341045975685
0.029003620147705078
0.030002877116203308
0.03058522194623947
0.03097143955528736
0.031253889203071594
0.03144178166985512
0.03156333789229393
0.031659819185733795
0.031790073961019516
0.03200649470090866
0.032232616096735
0.03245093300938606
0.03262235224246979
0.03274999558925629
0.03286066651344299
0.032977793365716934
0.03310933709144592
0.033250998705625534
0.03339969739317894
0.03356866165995598
0.03377474844455719
0.034014735370874405
0.034301336854696274
0.03464911878108978
0.03506464138627052
0.0355415865778923
0.03606901690363884
0.036636050790548325
0.03723147138953209
0.002289005322381854
0.0020063170231878757
0.0018748037982732058
0.0018014591187238693
0.0017641672166064382
0.0017459493828937411
0.033017612993717194
0.035969529300928116
0.037550535053014755
0.03853309154510498
0.03928379714488983
0.039960309863090515
0.04063962772488594
0.041351303458213806
0.0421055406332016
0.04290991649031639
0.0437580905854702
0.04464595764875412
0.04557579383254051
0.046542465686798096
0.04761137813329697
0.04853192716836929
0.04940958693623543
0.05027163028717041
0.05114711448550224
0.052031807601451874
0.05292554944753647
0.05384407192468643
0.054784130305051804
0.05574721097946167
0.056338611990213394
0.05495390295982361
0.053717240691185
0.052555374801158905
0.05142912641167641
0.05032264068722725
0.049231868237257004
0.048163264989852905
0.047097280621528625
0.04604848101735115
0.04501178488135338
0.04398375749588013
0.04295938462018967
0.04194794222712517
0.04095446318387985
0.03997892513871193
0.03902025148272514
0.03808065131306648
0.037165988236665726
0.0362807959318161
0.03542625531554222
0.03459959104657173
0.03380049765110016
0.03302702307701111
0.03227895498275757
0.03155244141817093
0.030843911692500114
0.030151933431625366
0.02947712130844593
0.028819138184189796
