0.16315528750419617
0.16247697174549103
0.17878387868404388
0.19922226667404175
0.21773922443389893
0.2276008278131485
0.23197439312934875
0.2352980673313141
0.2375703752040863
0.23934097588062286
0.24105297029018402
0.2427695095539093
0.24417732656002045
0.24558545649051666
0.24673053622245789
0.24766160547733307
0.24876514077186584
0.24980926513671875
0.2509782612323761
0.25246694684028625
0.25378498435020447
0.25475993752479553
0.2558182179927826
0.2569486200809479
0.25791653990745544
0.25880640745162964
0.2595783472061157
0.26031097769737244
0.2612597346305847
0.2625458240509033
0.26401814818382263
0.2657993733882904
0.023563379421830177
0.02305000089108944
0.02278866432607174
0.02253107540309429
0.022259289398789406
0.022046580910682678
0.21321646869182587
0.23810361325740814
0.2497413605451584
0.26134422421455383
0.27437877655029297
0.28656432032585144
0.29813769459724426
0.3095623552799225
0.32076460123062134
0.331960529088974
0.34315046668052673
0.3543429672718048
0.36590489745140076
0.37791571021080017
0.39026862382888794
0.40298476815223694
0.4158828854560852
0.42859405279159546
0.4416511654853821
0.455613911151886
0.47404736280441284
0.5029351711273193
0.5642068982124329
0.6559618711471558
0.7881615161895752
0.9792364239692688
1.1916871070861816
1.392594337463379
11.021588325500488
28.031827926635742
38.68035888671875
48.99017333984375
58.778526306152344
68.28780364990234
76.98902130126953
85.78883361816406
94.8233871459961
102.37642669677734
106.68335723876953
110.97482299804688
114.6669921875
117.72077178955078
120.23597717285156
122.39854431152344
124.22135925292969
125.67390441894531
126.87393951416016
127.87188720703125
128.69068908691406
129.3579559326172
129.90785217285156
130.3689422607422
130.7462921142578
131.03260803222656
