0.04186634719371796
0.046468187123537064
0.05326247960329056
0.055700868368148804
0.0562257319688797
0.0564214289188385
0.05665087699890137
0.05701719596982002
0.05733748525381088
0.05756042152643204
0.05770302191376686
0.057813890278339386
0.05795121565461159
0.058120690286159515
0.05827964097261429
0.05844574421644211
0.05860285088419914
0.058745402842760086
0.05892013758420944
0.05914388597011566
0.05938270688056946
0.05964551866054535
0.059908512979745865
0.06017477810382843
0.06053735688328743
0.06103014573454857
0.06160161271691322
0.062252093106508255
0.06297250837087631
0.06375347077846527
0.06460186094045639
0.0654984787106514
0.003060203045606613
0.002809039317071438
0.002800710266456008
0.002790116937831044
0.0027815932407975197
0.00277545559220016
0.058736320585012436
0.06349525600671768
0.06595877557992935
0.0678001195192337
0.0693705826997757
0.07079657912254333
0.07213876396417618
0.07343772053718567
0.07473630458116531
0.07607318460941315
0.07744213938713074
0.07887545228004456
0.08037935942411423
0.08194904029369354
0.08360058814287186
0.08532944321632385
0.08714849501848221
0.08904197812080383
0.09101607650518417
0.09291240572929382
0.09436383098363876
0.09576186537742615
0.09722188860177994
0.09882252663373947
0.10039863735437393
0.10195718705654144
0.10427666455507278
0.10632609575986862
0.10829943418502808
0.11022469401359558
0.1119895726442337
0.11367722600698471
0.11527714878320694
0.11690469831228256
0.11864201724529266
0.12032962590456009
0.12103012204170227
0.11695963889360428
0.1134151816368103
0.11010386794805527
0.10686632245779037
0.10359907150268555
0.10022610425949097
0.09685975313186646
0.0933108776807785
0.09022728353738785
0.0874926820397377
0.08486370742321014
0.08230451494455338
0.07983164489269257
0.07744904607534409
0.07513835281133652
0.07288637012243271
0.07075913995504379
