9.111191749572754
12.708069801330566
10.225605010986328
8.384613037109375
7.744548320770264
7.551776885986328
7.552987575531006
7.622366905212402
7.7116169929504395
7.752884864807129
7.71460485458374
7.663162708282471
7.612252712249756
7.571590423583984
7.544539451599121
7.520332336425781
7.469351291656494
7.433664321899414
7.421441078186035
7.435260772705078
7.473489284515381
7.530833721160889
7.605875492095947
7.697168350219727
7.8030686378479
7.9216718673706055
8.050500869750977
8.183728218078613
8.293744087219238
8.409360885620117
8.542290687561035
8.699030876159668
0.5789946913719177
0.5480520129203796
0.5602325797080994
0.5714524984359741
0.5802388191223145
0.5941289663314819
10.72298812866211
10.697547912597656
10.874958992004395
11.181900978088379
11.598063468933105
12.046628952026367
12.505476951599121
12.97864818572998
13.556497573852539
14.191069602966309
14.8631010055542
15.56572437286377
16.29113006591797
17.023033142089844
17.753013610839844
18.460407257080078
19.13594627380371
19.792152404785156
20.450809478759766
21.12314796447754
21.791217803955078
22.438390731811523
23.056434631347656
23.642864227294922
24.202102661132812
24.786632537841797
25.305030822753906
25.772615432739258
26.19637680053711
26.57909393310547
26.953561782836914
27.29738426208496
27.600454330444336
27.861400604248047
28.08453941345215
28.27060317993164
28.42220115661621
28.536516189575195
28.61504554748535
28.65751838684082
28.66876792907715
28.658641815185547
28.637388229370117
28.612226486206055
28.586610794067383
28.564260482788086
28.544456481933594
28.52548599243164
28.50567054748535
28.48783302307129
28.472564697265625
28.459850311279297
28.447710037231445
28.434940338134766
