0.007603006903082132
0.008409516885876656
0.009359844028949738
0.010327492840588093
0.010965680703520775
0.011129812337458134
0.011192134581506252
0.011243287473917007
0.011298730038106441
0.011372826993465424
0.011481898836791515
0.011606115847826004
0.011729143559932709
0.01184556633234024
0.0119633162394166
0.012075361795723438
0.012185294181108475
0.012299847789108753
0.012427729554474354
0.012576482258737087
0.012755127623677254
0.012966840527951717
0.01320843305438757
0.01347406953573227
0.013759293593466282
0.014047726057469845
0.01432827115058899
0.014585577882826328
0.014851720072329044
0.015123526565730572
0.015410847961902618
0.015702318400144577
0.0008368892595171928
0.0008024908602237701
0.0008011155878193676
0.0008070882176980376
0.0008146012551151216
0.000821840250864625
0.015089808031916618
0.015721140429377556
0.01600722223520279
0.016198042780160904
0.016390249133110046
0.01662318967282772
0.01690675877034664
0.017234694212675095
0.017599057406187057
0.017997531220316887
0.018425574526190758
0.01886032335460186
0.019292492419481277
0.01974981091916561
0.020214390009641647
0.020692158490419388
0.02118690311908722
0.021665412932634354
0.02212655544281006
0.022567300125956535
0.02299315482378006
0.02341861091554165
0.023833900690078735
0.024227352812886238
0.02380671538412571
0.02324674464762211
0.022715235128998756
0.022198975086212158
0.021692346781492233
0.021192915737628937
0.020701494067907333
0.020217975601553917
0.019740991294384003
0.019271181896328926
0.018808910623192787
0.01835654303431511
0.01791450008749962
0.017482496798038483
0.01706022396683693
0.016647791489958763
0.01624574139714241
0.0158535148948431
0.015471442602574825
0.015097484923899174
0.014730801805853844
0.014370949938893318
0.014017895795404911
0.013672027736902237
0.013333595357835293
0.013002815656363964
0.01268163975328207
0.01237257570028305
0.01207566075026989
0.011790070682764053
