0.03789921849966049
0.03962750732898712
0.04292755573987961
0.04632726311683655
0.04912174865603447
0.051539093255996704
0.05241749435663223
0.05269235372543335
0.052859701216220856
0.0529807023704052
0.05325936898589134
0.053525250405073166
0.053775668144226074
0.05404960364103317
0.05431315302848816
0.054553162306547165
0.054810117930173874
0.055088628083467484
0.055363915860652924
0.05563502386212349
0.0559222474694252
0.056215863674879074
0.056533169001340866
0.05686009302735329
0.05725884437561035
0.05776555836200714
0.058359336107969284
0.05901513621211052
0.05971141532063484
0.06043365225195885
0.06117045506834984
0.061914894729852676
0.0037210145965218544
0.003516841446980834
0.0034160350915044546
0.003349630394950509
0.003302329918369651
0.0032663443125784397
0.05662624537944794
0.05954651162028313
0.0612374022603035
0.06248599290847778
0.06354639679193497
0.06456859409809113
0.0655684769153595
0.06656371802091599
0.06756072491407394
0.06856279075145721
0.06957162916660309
0.0705772340297699
0.07158101350069046
0.07259044796228409
0.07360826432704926
0.0746435597538948
0.07570454478263855
0.07683014124631882
0.07807394117116928
0.07928389310836792
0.08048922568559647
0.08167921006679535
0.08283064514398575
0.08394168317317963
0.08501999080181122
0.08612488210201263
0.08725952357053757
0.08843177556991577
0.08965404331684113
0.09088741987943649
0.09213044494390488
0.09316128492355347
0.0940481573343277
0.09489399939775467
0.0957411676645279
0.09645886719226837
0.09752112627029419
0.09891840070486069
0.1004825085401535
0.10197454690933228
0.10295420140028
0.10375934094190598
0.10465368628501892
0.10579832643270493
0.10695622116327286
0.10718439519405365
0.10364378988742828
0.101777583360672
0.1007954403758049
0.10038650035858154
0.10038037598133087
0.10088575631380081
0.11600563675165176
0.15193043649196625
