0.03704644367098808
0.038035210222005844
0.04098345711827278
0.043571099638938904
0.04567160829901695
0.04764607176184654
0.04943189397454262
0.05048975348472595
0.05109664425253868
0.05142318084836006
0.051630500704050064
0.05177254229784012
0.051894720643758774
0.052044305950403214
0.05221782252192497
0.05251653492450714
0.052870072424411774
0.0531640388071537
0.05347714200615883
0.05380440130829811
0.054142046719789505
0.054493241012096405
0.054862115532159805
0.055310823023319244
0.0558326356112957
0.05642130598425865
0.05706225708127022
0.057734135538339615
0.05842624232172966
0.059129197150468826
0.059845346957445145
0.060575779527425766
0.003616821952164173
0.003451882628723979
0.0034163780510425568
0.003400299930945039
0.0033841945696622133
0.003366849385201931
0.057045310735702515
0.05859375
0.05952669307589531
0.06046510860323906
0.06146419793367386
0.06250940263271332
0.06359940022230148
0.06471748650074005
0.06585321575403214
0.06698378920555115
0.0681028738617897
0.0692049190402031
0.07028815150260925
0.071375772356987
0.07245442271232605
0.07351035624742508
0.07460976392030716
0.07570438832044601
0.07678394019603729
0.07789026945829391
0.07898378372192383
0.07993724942207336
0.08089936524629593
0.0819176733493805
0.08292164653539658
0.0838928371667862
0.08482317626476288
0.08570278435945511
0.0865401178598404
0.08734654635190964
0.08812696486711502
0.08886286616325378
0.08956985920667648
0.09026040136814117
0.0909595862030983
0.09165605902671814
0.09221777319908142
0.09271311014890671
0.09321725368499756
0.0937567800283432
0.09434143453836441
0.09496138989925385
0.09571628272533417
0.09659157693386078
0.09746984392404556
0.09831120818853378
0.09948817640542984
0.10244445502758026
0.10527382791042328
0.10779378563165665
0.11014187335968018
0.11115286499261856
0.1112433597445488
0.11148720234632492
