0.040665142238140106
0.044003747403621674
0.04880910739302635
0.05401040241122246
0.05531653016805649
0.05562339723110199
0.055874478071928024
0.05621663108468056
0.05652184411883354
0.056768015027046204
0.05696004629135132
0.05711822956800461
0.057294972240924835
0.05754859745502472
0.05784720554947853
0.05811179801821709
0.05833420157432556
0.05855800583958626
0.058796849101781845
0.059032853692770004
0.059273283928632736
0.05952846258878708
0.05982505902647972
0.06019744277000427
0.06065196543931961
0.061183467507362366
0.061783939599990845
0.062449779361486435
0.06318195909261703
0.06399575620889664
0.06489463150501251
0.06584881991147995
0.0034386496990919113
0.003105480456724763
0.0029413755983114243
0.0028536103200167418
0.0028000271413475275
0.0027905090246349573
0.05836368724703789
0.06389665603637695
0.06647072732448578
0.06811006367206573
0.06960796564817429
0.07120266556739807
0.07294126600027084
0.07479912787675858
0.07673384994268417
0.07871293276548386
0.08072368055582047
0.0827581062912941
0.0847388207912445
0.08659946173429489
0.08839011937379837
0.09020500630140305
0.09196190536022186
0.09334646165370941
0.09471981227397919
0.09619102627038956
0.0975872203707695
0.09892724454402924
0.1002935990691185
0.10268448293209076
0.10518670827150345
0.10771708190441132
0.11025633662939072
0.11263742297887802
0.11473919451236725
0.1168011873960495
0.11882202327251434
0.12084821611642838
0.12285399436950684
0.12502457201480865
0.127549946308136
0.13044901192188263
0.13320091366767883
0.1356581598520279
0.1379375457763672
0.14015959203243256
0.14242039620876312
0.14466281235218048
0.1470220535993576
0.14827822148799896
0.14964686334133148
0.14732109010219574
0.14078374207019806
0.13506193459033966
0.12984654307365417
0.1250564157962799
0.12063233554363251
0.1166553795337677
0.11303848773241043
0.10954733192920685
0.10613542050123215
