0.007888252846896648
0.008634790778160095
0.009565656073391438
0.01049428153783083
0.011333833448588848
0.011560534127056599
0.011650154367089272
0.011721013113856316
0.011779187247157097
0.011857274919748306
0.01192906592041254
0.012020915746688843
0.012120157480239868
0.012215572409331799
0.0122957993298769
0.012368456460535526
0.012442758306860924
0.012527184560894966
0.012636594474315643
0.012780400924384594
0.012963096611201763
0.0131792351603508
0.013421181589365005
0.013683889992535114
0.01396398525685072
0.014260911382734776
0.014570371247828007
0.014859494753181934
0.015131695196032524
0.01541710365563631
0.01571185328066349
0.01601787470281124
0.0008905366994440556
0.0008743237121962011
0.0008804313838481903
0.000888836570084095
0.000896210374776274
0.0009022158337756991
0.016014713793992996
0.01647811010479927
0.01665167137980461
0.016829006373882294
0.01707809790968895
0.017398778349161148
0.017777176573872566
0.018199654296040535
0.018658168613910675
0.019150927662849426
0.0196782648563385
0.020222505554556847
0.020795293152332306
0.021394766867160797
0.021883564069867134
0.022381441667675972
0.02288825996220112
0.023398859426379204
0.023924266919493675
0.024456553161144257
0.02499159798026085
0.02552834525704384
0.02605840191245079
0.026580510661005974
0.027079306542873383
0.027561962604522705
0.028033731505274773
0.028496352955698967
0.028952661901712418
0.02940469980239868
0.02985314466059208
0.030296867713332176
0.030731750652194023
0.03115016222000122
0.0315462127327919
0.03196261078119278
0.032341234385967255
0.03269076347351074
0.03301455080509186
0.03331788256764412
0.03360513597726822
0.03388160094618797
0.0341513492166996
0.03441740572452545
0.03467637300491333
0.034099120646715164
0.03309529647231102
0.03216096758842468
0.03126297891139984
0.030392488464713097
0.029546482488512993
0.0287249106913805
0.02792825736105442
0.027157146483659744
