0.04176696389913559
0.046768829226493835
0.05384651944041252
0.05595755577087402
0.056338902562856674
0.05670248717069626
0.05743047967553139
0.058023445308208466
0.058452170342206955
0.05884207785129547
0.05918768048286438
0.05950592830777168
0.05983637273311615
0.060173045843839645
0.060508742928504944
0.06094186380505562
0.06150300055742264
0.06223798915743828
0.06310150772333145
0.0641014501452446
0.06523637473583221
0.06647922098636627
0.06780844926834106
0.06921946257352829
0.07071144133806229
0.0722845196723938
0.07391897588968277
0.0756121352314949
0.07740353792905807
0.07928341627120972
0.08119787275791168
0.08317756652832031
0.0042390283197164536
0.004163638222962618
0.004188849590718746
0.004215747117996216
0.004230580758303404
0.004233308136463165
0.07631188631057739
0.07950136065483093
0.08196916431188583
0.08443376421928406
0.08706789463758469
0.0900171771645546
0.0929078459739685
0.09536832571029663
0.09796715527772903
0.10116936266422272
0.10685203969478607
0.11235565692186356
0.11810697615146637
0.12430015206336975
0.13097970187664032
0.13803038001060486
0.14420025050640106
0.13717706501483917
0.1313156634569168
0.12602464854717255
0.12114745378494263
0.11653096228837967
0.11212436109781265
0.10790526121854782
0.10385601967573166
0.09996131807565689
0.09621056169271469
0.09258303046226501
0.0890984758734703
0.0857427716255188
0.0825129821896553
0.07941170036792755
0.07643858343362808
0.07358869165182114
0.07087138295173645
0.06828311830759048
0.0658155158162117
0.06346838921308517
0.0612335205078125
0.05910537391901016
0.057089511305093765
0.05518709868192673
0.05334113538265228
0.05157272517681122
0.04989149048924446
0.04825415462255478
0.04670826345682144
0.04523425176739693
0.04382171854376793
0.04247013479471207
0.04119123890995979
0.03997452184557915
0.038803789764642715
0.0376855842769146
