0.022827567532658577
0.027232469990849495
0.029028212651610374
0.03031304106116295
0.031081898137927055
0.031299445778131485
0.03131570667028427
0.0313725546002388
0.03155982494354248
0.031836774200201035
0.032253704965114594
0.03271174058318138
0.0331612303853035
0.0335979126393795
0.034034766256809235
0.03449011594057083
0.03501782566308975
0.03564434498548508
0.036368630826473236
0.03717688471078873
0.0380563884973526
0.03898615762591362
0.039957623928785324
0.04098832234740257
0.04162353649735451
0.04099192097783089
0.040407683700323105
0.03983120620250702
0.03924568369984627
0.03864434361457825
0.038028717041015625
0.03728644549846649
0.0023154772352427244
0.0021291347220540047
0.0021855260711163282
0.002229122444987297
0.002258122665807605
0.0022721365094184875
0.04147530347108841
0.039012398570775986
0.03701499104499817
0.035651303827762604
0.034549325704574585
0.03354587033390999
0.03258321061730385
0.0316360704600811
0.03069365583360195
0.02976035699248314
0.028828904032707214
0.02786976285278797
0.0268870759755373
0.02588563971221447
0.024874864146113396
0.023862503468990326
0.022856542840600014
0.02186393365263939
0.02089085429906845
0.019946468994021416
0.019082002341747284
0.018292944878339767
0.017543284222483635
0.016831103712320328
0.016153646633028984
0.01550684031099081
0.014872748404741287
0.014267131686210632
0.013691217638552189
0.013143162243068218
0.012622164562344551
0.012125094421207905
0.011650018393993378
0.011194438673555851
0.010762914083898067
0.010357631370425224
0.009977131150662899
0.00961939338594675
0.009282943792641163
0.008964384905993938
0.008662158623337746
0.008374974131584167
0.008101686835289001
0.007842113263905048
0.007594508118927479
0.007357954513281584
0.0071319034323096275
0.006915546488016844
0.006708116736263037
0.006509219296276569
0.006318819243460894
0.0061368499882519245
0.005962963216006756
0.0057967230677604675
