0.03707718849182129
0.039721645414829254
0.043391771614551544
0.04716058075428009
0.04996056854724884
0.051190827041864395
0.05150971934199333
0.05168096348643303
0.05184761434793472
0.052055682986974716
0.0523783378303051
0.052739109843969345
0.05306726694107056
0.053422458469867706
0.053803905844688416
0.0541842095553875
0.054550085216760635
0.05490586906671524
0.05529659613966942
0.055780328810214996
0.056381016969680786
0.05709677189588547
0.05791480094194412
0.058814991265535355
0.059801243245601654
0.060875460505485535
0.06203146278858185
0.06329500675201416
0.06466512382030487
0.06613319367170334
0.06766641139984131
0.06926874071359634
0.003954132087528706
0.0038291846867650747
0.003788565518334508
0.0037715286016464233
0.0037676000501960516
0.0037748643662780523
0.06550052762031555
0.06680328398942947
0.06779301166534424
0.06940612941980362
0.07093902677297592
0.07265223562717438
0.07466631382703781
0.07692436128854752
0.07932284474372864
0.08182753622531891
0.08400728553533554
0.08632715791463852
0.08847969770431519
0.0904293954372406
0.09231214970350266
0.09406554698944092
0.09558264166116714
0.0969267264008522
0.09844034910202026
0.10012491047382355
0.1015910729765892
0.10284215956926346
0.10399816185235977
0.105124332010746
0.10624540597200394
0.10740022361278534
0.10862759500741959
0.1098235622048378
0.11099442839622498
0.11216746270656586
0.11332564800977707
0.11441858112812042
0.11553039401769638
0.11654577404260635
0.11281830072402954
0.10863084346055984
0.10482340306043625
0.10125534981489182
0.09791579842567444
0.09482558071613312
0.09191122651100159
0.08913302421569824
0.08655791729688644
0.08425189554691315
0.08215094357728958
0.08017874509096146
0.07828829437494278
0.0764523521065712
0.07468721270561218
0.07300424575805664
0.07142340391874313
0.06980381160974503
0.06822109967470169
0.06664425879716873
0.06506773829460144
