0.1132122203707695
0.12451432645320892
0.14032836258411407
0.14939428865909576
0.15104684233665466
0.15155677497386932
0.152191624045372
0.15280325710773468
0.15349359810352325
0.15410131216049194
0.155133917927742
0.15615436434745789
0.15699629485607147
0.15789948403835297
0.15879325568675995
0.1596069186925888
0.160334974527359
0.16112130880355835
0.162128746509552
0.16329020261764526
0.16469842195510864
0.16645114123821259
0.16854459047317505
0.1709824800491333
0.17377914488315582
0.17690880596637726
0.18054817616939545
0.18473729491233826
0.18944427371025085
0.19463537633419037
0.20028214156627655
0.20712363719940186
0.010686316527426243
0.009885589592158794
0.009827880188822746
0.00992362480610609
0.010029172524809837
0.010165906511247158
0.1915903389453888
0.1978951394557953
0.20110255479812622
0.2083391398191452
0.22160428762435913
0.23751521110534668
0.25589561462402344
0.2661704421043396
0.26845139265060425
0.26155850291252136
0.25487154722213745
0.24788203835487366
0.24070830643177032
0.23346678912639618
0.22626586258411407
0.21862176060676575
0.21113206446170807
0.20369504392147064
0.19643427431583405
0.18932373821735382
0.1822151094675064
0.17542463541030884
0.16858190298080444
0.16185542941093445
0.15574486553668976
0.1499161720275879
0.1442769318819046
0.13884910941123962
0.13363611698150635
0.12859860062599182
0.12366244196891785
0.11873125284910202
0.11434962600469589
0.11058970540761948
0.10759047418832779
0.1053190603852272
0.1036403477191925
0.1024104505777359
0.10151088982820511
0.10198083519935608
0.10358556360006332
0.10615790635347366
0.10948247462511063
0.1133752390742302
0.11777637898921967
0.12261198461055756
0.12783721089363098
0.1333901286125183
0.1391638219356537
0.14513713121414185
0.15103517472743988
0.15689386427402496
0.16274309158325195
0.1681618094444275
0.17347536981105804
0.17883962392807007
