0.023417506366968155
0.0281433816999197
0.030075913295149803
0.03070886991918087
0.030775226652622223
0.030773796141147614
0.03082185983657837
0.030969301238656044
0.031179534271359444
0.03149184584617615
0.03180455416440964
0.03205899894237518
0.032309725880622864
0.03260382264852524
0.03293975070118904
0.03329591080546379
0.03365670144557953
0.03402597829699516
0.03443436697125435
0.034926775842905045
0.03552752733230591
0.03623975068330765
0.03705393150448799
0.03795569762587547
0.038934480398893356
0.04000787064433098
0.04118219017982483
0.04072010889649391
0.040211256593465805
0.03969769552350044
0.039159733802080154
0.03860865533351898
0.0019071600399911404
0.0016421966720372438
0.0017795517342165112
0.0019212038023397326
0.002007574075832963
0.0020639204885810614
0.04118236154317856
0.03979286178946495
0.038361113518476486
0.03699102997779846
0.03604353964328766
0.035211026668548584
0.0343952439725399
0.03399349004030228
0.03357928991317749
0.03272070363163948
0.031865764409303665
0.030989764258265495
0.030094752088189125
0.029167713597416878
0.02822338044643402
0.027273058891296387
0.0263341274112463
0.02540467493236065
0.02449321746826172
0.023600483313202858
0.022732043638825417
0.02188636176288128
0.021063009276986122
0.02026176080107689
0.01947948709130287
0.01872049644589424
0.017987389117479324
0.017278943210840225
0.016604159027338028
0.01596531644463539
0.015361355617642403
0.014783731661736965
0.014228281565010548
0.013691495172679424
0.013169609010219574
0.012663059867918491
0.012176215648651123
0.011714835651218891
0.011277672834694386
0.010862316936254501
0.010460962541401386
0.010076509788632393
0.009708927944302559
0.009360064752399921
0.009028531610965729
0.008720017969608307
0.008427777327597141
0.008147714659571648
0.007879183627665043
0.007631176616996527
0.007404498290270567
0.007199460174888372
0.007010579574853182
0.006836649961769581
0.006676925346255302
0.006529882084578276
