9.337601661682129
12.82051944732666
9.867875099182129
8.239419937133789
7.722371578216553
7.623784065246582
7.677337169647217
7.775397300720215
7.830987930297852
7.7935471534729
7.745702266693115
7.702312469482422
7.6744561195373535
7.665048599243164
7.624473571777344
7.599070072174072
7.6060614585876465
7.649900913238525
7.727400779724121
7.8325676918029785
7.966346740722656
8.127283096313477
8.313145637512207
8.521052360534668
8.722865104675293
8.93065357208252
9.17227840423584
9.458261489868164
9.79946231842041
10.204826354980469
10.675975799560547
11.207205772399902
0.9228575229644775
0.9289440512657166
1.0093673467636108
1.088982343673706
1.1621977090835571
1.2236155271530151
17.27507209777832
16.50641441345215
15.773119926452637
15.65758991241455
16.32238006591797
17.206363677978516
18.133037567138672
19.065448760986328
19.97107696533203
20.865005493164062
21.749183654785156
22.6143798828125
23.448942184448242
24.243465423583984
24.991165161132812
25.760276794433594
26.434955596923828
27.041828155517578
27.605915069580078
28.159696578979492
28.665477752685547
29.108909606933594
29.48390007019043
29.784513473510742
30.019275665283203
30.199710845947266
30.327035903930664
30.41208267211914
30.459457397460938
30.4774169921875
30.475126266479492
30.462520599365234
30.446359634399414
30.430419921875
30.415359497070312
30.40138053894043
30.38865852355957
30.37183952331543
30.349672317504883
30.32424545288086
30.297462463378906
30.269699096679688
30.24064064025879
30.209552764892578
30.176042556762695
30.13785743713379
30.094438552856445
30.046424865722656
29.994626998901367
29.943023681640625
29.891679763793945
29.83941078186035
29.786001205444336
29.732189178466797
29.683067321777344
