0.021575594320893288
0.02382686734199524
0.02758326567709446
0.02988719753921032
0.030673861503601074
0.03112609125673771
0.03136434406042099
0.031486205756664276
0.03160351142287254
0.031798239797353745
0.0320328027009964
0.03223970904946327
0.03241631016135216
0.03255419060587883
0.03268860653042793
0.0328439325094223
0.03301253542304039
0.033192720264196396
0.0333966501057148
0.033632226288318634
0.033954400569200516
0.034390613436698914
0.03491516411304474
0.035492461174726486
0.036093953996896744
0.036708198487758636
0.03732628375291824
0.03794237971305847
0.03857443481683731
0.03924915939569473
0.039994340389966965
0.04081977158784866
0.0024434418883174658
0.0020606042817234993
0.001951583893969655
0.0019415380666032434
0.0019669621251523495
0.0020000548101961613
0.03836635500192642
0.04120158031582832
0.04233032464981079
0.042998578399419785
0.04364801570773125
0.04442749544978142
0.045364994555711746
0.0464826263487339
0.0477556474506855
0.04894926771521568
0.05014070123434067
0.051332950592041016
0.05252617970108986
0.053727928549051285
0.054930612444877625
0.055925898253917694
0.054291315376758575
0.05281680449843407
0.05141879618167877
0.05005238205194473
0.04870584234595299
0.047388799488544464
0.0461132675409317
0.04488394409418106
0.043692104518413544
0.04253594949841499
0.04142154008150101
0.040346626192331314
0.03931164741516113
0.038312871009111404
0.037346627563238144
0.03640774264931679
0.03548838943243027
0.0345865935087204
0.0337243527173996
0.03289718180894852
0.03207641467452049
0.03126313537359238
0.030457794666290283
0.029662106186151505
0.028905395418405533
0.028193345293402672
0.027506211772561073
0.02683880366384983
0.02615700103342533
0.0254767257720232
0.024784857407212257
0.02407131716609001
0.02334524691104889
0.022638238966464996
0.022036459296941757
0.0215893667191267
0.021236488595604897
0.020943280309438705
