0.1683771014213562
0.17078669369220734
0.18832094967365265
0.2121458798646927
0.2287769764661789
0.23336921632289886
0.23616568744182587
0.2379419207572937
0.23943011462688446
0.24095071852207184
0.24222800135612488
0.243345707654953
0.2443796545267105
0.2457021176815033
0.2468654364347458
0.24801884591579437
0.24896004796028137
0.24988272786140442
0.25099003314971924
0.2519586384296417
0.2527941167354584
0.2537897527217865
0.25510600209236145
0.2568049132823944
0.259044885635376
0.2615123987197876
0.2641710340976715
0.2715277075767517
0.2812536656856537
0.2920292913913727
0.30384373664855957
0.3171912431716919
0.026596400886774063
0.0264646727591753
0.025909118354320526
0.023844921961426735
0.02264590933918953
0.021920371800661087
0.28241071105003357
0.3115866780281067
0.3332052230834961
0.35358911752700806
0.3729895055294037
0.3913578391075134
0.40841931104660034
0.446453332901001
0.508229672908783
0.5965340733528137
0.7154179215431213
0.8798900842666626
1.1274975538253784
1.3317047357559204
8.259276390075684
22.0643367767334
29.232410430908203
34.89772033691406
42.44704055786133
51.31783676147461
59.91435241699219
68.27970123291016
76.27474212646484
84.3081283569336
92.36902618408203
100.40491485595703
108.48489379882812
115.8934097290039
119.09366607666016
120.60054016113281
122.25411987304688
125.96200561523438
129.8136749267578
133.3511199951172
136.54356384277344
139.48281860351562
142.3089141845703
144.5948486328125
146.43038940429688
147.93797302246094
149.12876892089844
150.1552276611328
151.0609588623047
151.93299865722656
152.73007202148438
153.56715393066406
154.32986450195312
155.04165649414062
155.37388610839844
155.23924255371094
155.02975463867188
154.81068420410156
154.59225463867188
154.2142333984375
153.83738708496094
