0.007973906584084034
0.00881748367100954
0.009807251393795013
0.010863594710826874
0.01151452399790287
0.011670053005218506
0.011755475774407387
0.01183227263391018
0.011932342313230038
0.012058857828378677
0.012189483270049095
0.012303576804697514
0.012401171028614044
0.012503745965659618
0.012636345811188221
0.012821641750633717
0.013067376799881458
0.013365819118916988
0.013705594465136528
0.014078064821660519
0.014478900469839573
0.014864720404148102
0.015226819552481174
0.015607653185725212
0.016008244827389717
0.016428016126155853
0.016878174617886543
0.017356986179947853
0.017862658947706223
0.01840108074247837
0.018984757363796234
0.019617097452282906
0.0011017736978828907
0.0010882229544222355
0.0010940155480057001
0.0011022055987268686
0.0011105159064754844
0.0011185068869963288
0.020265202969312668
0.02090751752257347
0.02111280895769596
0.021369820460677147
0.021721044555306435
0.02215551771223545
0.02239951863884926
0.022673891857266426
0.023271379992365837
0.02391676977276802
0.024600276723504066
0.025311609730124474
0.02603059820830822
0.02674071304500103
0.027440793812274933
0.0281390231102705
0.028838586062192917
0.029540015384554863
0.030237680301070213
0.030925285071134567
0.03159162774682045
0.03225540369749069
0.03291366621851921
0.03351205214858055
0.034056179225444794
0.03455596789717674
0.03502045199275017
0.03544912114739418
0.0355505533516407
0.03479008749127388
0.03350286930799484
0.03228892385959625
0.031124690547585487
0.030003832653164864
0.028925307095050812
0.027890903875231743
0.026898711919784546
0.02594602294266224
0.025033263489603996
0.024157842621207237
0.02332659251987934
0.022538775578141212
0.021790143102407455
0.021079840138554573
0.020404092967510223
0.019760537892580032
0.019147714599967003
0.01856224797666073
0.01800261065363884
0.017467282712459564
0.016955677419900894
0.016466941684484482
0.01599990390241146
0.015554314479231834
0.015129723586142063
0.014724384061992168
