18.98651123046875
18.133962631225586
15.76721477508545
13.32938289642334
11.979578018188477
11.356161117553711
11.17747688293457
11.288677215576172
11.669445037841797
12.230965614318848
12.906105041503906
13.666574478149414
14.484044075012207
15.34547233581543
16.227258682250977
17.13158416748047
18.12539291381836
19.08914566040039
20.107868194580078
21.21546745300293
22.389057159423828
23.63336944580078
24.9046630859375
26.169118881225586
27.39898681640625
28.57707977294922
29.689449310302734
30.81495475769043
32.01388168334961
33.33829116821289
34.693599700927734
36.04249572753906
9.661675453186035
8.869341850280762
8.85899543762207
9.065668106079102
9.305569648742676
9.61990737915039
50.17538070678711
46.79734802246094
44.88876724243164
45.189720153808594
46.163963317871094
47.385475158691406
48.63972091674805
49.88093948364258
51.072998046875
52.199462890625
53.31193923950195
54.28334045410156
55.21129608154297
56.140995025634766
57.04732131958008
57.847381591796875
58.46038055419922
58.92947769165039
59.28620910644531
59.557273864746094
59.757667541503906
59.848045349121094
59.829261779785156
59.69013595581055
59.42428970336914
59.07363510131836
58.65715408325195
58.173789978027344
57.58790969848633
56.908836364746094
56.174259185791016
55.405853271484375
54.627044677734375
53.86103057861328
53.123748779296875
52.426795959472656
51.766990661621094
51.14692306518555
50.56867218017578
50.03474807739258
49.536285400390625
49.07091522216797
48.63627243041992
48.230567932128906
47.851016998291016
47.494102478027344
47.15718078613281
46.83883285522461
46.54109191894531
46.26320266723633
46.00043487548828
45.750797271728516
45.518394470214844
45.308555603027344
