0.172144815325737
0.1800665259361267
0.17781105637550354
0.18924009799957275
0.1996782273054123
0.20938485860824585
0.21888786554336548
0.2284264862537384
0.23757076263427734
0.2421398013830185
0.24411097168922424
0.2458852231502533
0.24800129234790802
0.24987392127513885
0.2515638470649719
0.253044456243515
0.25438278913497925
0.25562137365341187
0.25675520300865173
0.25789254903793335
0.2588808834552765
0.25972113013267517
0.2613699436187744
0.2629278302192688
0.2646268308162689
0.26662081480026245
0.26913419365882874
0.27169913053512573
0.27453985810279846
0.28080469369888306
0.29012879729270935
0.29958781599998474
0.025275621563196182
0.025135669857263565
0.025014156475663185
0.024851957336068153
0.024664992466568947
0.024477172642946243
0.26005831360816956
0.28241798281669617
0.2970736622810364
0.3103189766407013
0.3221268653869629
0.3320370316505432
0.3432541489601135
0.3981095552444458
0.5040852427482605
0.6879777312278748
1.014370083808899
11.98321533203125
42.12160873413086
64.8152084350586
82.365966796875
96.89511108398438
110.07122039794922
124.05992126464844
139.2855987548828
147.22543334960938
155.55734252929688
174.0735626220703
196.2878875732422
224.83950805664062
253.59080505371094
277.27545166015625
302.07000732421875
329.9873046875
362.99725341796875
397.2817687988281
402.0500183105469
405.5865173339844
408.49188232421875
410.16326904296875
443.2796630859375
466.74273681640625
472.9891357421875
475.0082092285156
475.38336181640625
475.0877380371094
474.4002380371094
473.5919189453125
472.72845458984375
471.8232421875
470.8499450683594
469.4197692871094
467.5682373046875
465.5510559082031
463.5024108886719
461.3905334472656
459.14288330078125
459.5456237792969
461.1282958984375
462.14434814453125
462.7142639160156
