-0.0
-0.0
-0.0
-0.0
-0.0
-0.0
-0.0
-0.0
-0.0
-0.0
-0.0
-0.0
-0.0
-0.0
-0.0
-0.0
-0.0
-0.0
-0.0
-0.0
-0.0
-0.0
-0.0
-0.0
-0.0
-0.0
-0.0
-0.0
-0.0
-0.0
-0.0
-0.0
-0.0
-0.0
-0.0
-0.0
-0.0
-0.0
-0.0
-0.0
-0.0
-0.0
-0.0
-0.0
-0.0
-0.0
-0.0
-0.0
-0.0
-0.0
-0.0
-0.0
-0.0
-0.0
-0.0
-0.0
-0.0
-0.0
-0.0
-0.0
-0.0
-0.0
-0.0
-0.0
-0.0
-0.0
-0.0
-0.0
-0.0
-0.0
-0.0
-0.0
-0.0
-0.0
-0.0
-0.0
-0.0
6.305910460469022e-07
1.6295457498927135e-06
2.527079232095275e-06
3.329009587105247e-06
4.040756266476819e-06
4.672131126426393e-06
5.230469014350092e-06
5.7218153415306006e-06
6.152607966214418e-06
6.52988228466711e-06
6.858602773718303e-06
7.142706635931972e-06
7.386749075521948e-06
7.594941507704789e-06
7.77093373471871e-06
7.920040843600873e-06
8.044159585551824e-06
