0.02177884429693222
0.027266552671790123
0.0302945077419281
0.03105510026216507
0.031094836071133614
0.03105335496366024
0.03109082020819187
0.03124406561255455
0.031508367508649826
0.031924910843372345
0.03238293156027794
0.0327969528734684
0.03319588303565979
0.03362027183175087
0.03409767895936966
0.03464696928858757
0.03530195355415344
0.036086443811655045
0.036999765783548355
0.03803431615233421
0.03915742039680481
0.04035208001732826
0.041628092527389526
0.04115726426243782
0.04055505618453026
0.03997066617012024
0.03936992213129997
0.038746997714042664
0.03806644678115845
0.037220824509859085
0.03637280315160751
0.03550422936677933
0.0025575782638043165
0.002075022552162409
0.0020582955330610275
0.0021258979104459286
0.0022012870758771896
0.0022661651019006968
0.0394587442278862
0.036141928285360336
0.034347519278526306
0.03316257894039154
0.03211839124560356
0.031132088974118233
0.030154885724186897
0.029168400913476944
0.02816832810640335
0.027160558849573135
0.026143372058868408
0.02511601522564888
0.024079579859972
0.023044727742671967
0.02201489545404911
0.021006181836128235
0.02005540393292904
0.01917431689798832
0.018350020051002502
0.01756761223077774
0.016804885119199753
0.016067545861005783
0.015372070483863354
0.014718475751578808
0.014102860353887081
0.013518080115318298
0.012961777858436108
0.01243173610419035
0.011925254948437214
0.011444778181612492
0.010996535420417786
0.010579011403024197
0.010188151150941849
0.00981992855668068
0.009471948258578777
0.009141880087554455
0.008827487006783485
0.008527619764208794
0.008241446688771248
0.007969147525727749
0.007709389086812735
0.007461057510226965
0.007223281543701887
0.006995196919888258
0.00677608884871006
0.006565470714122057
0.0063629066571593285
0.006168132647871971
0.005980845540761948
0.005800656042993069
0.005627170670777559
0.005460003390908241
0.00529887992888689
0.005143530201166868
