-0.0
-0.0
-0.0
-0.0
-0.0
-0.0
-0.0
-0.0
-0.0
-0.0
-0.0
-0.0
-0.0
-0.0
-0.0
-0.0
-0.0
-0.0
-0.0
-0.0
-0.0
-0.0
-0.0
-0.0
-0.0
-0.0
-0.0
-0.0
-0.0
-0.0
-0.0
-0.0
-0.0
-0.0
-0.0
-0.0
-0.0
-0.0
-0.0
-0.0
-0.0
-0.0
-0.0
-0.0
-0.0
-0.0
-0.0
-0.0
-0.0
-0.0
-0.0
-0.0
-0.0
-0.0
-0.0
-0.0
-0.0
-0.0
-0.0
-0.0
-0.0
-0.0
-0.0
-0.0
-0.0
-0.0
-0.0
-0.0
-0.0
-0.0
-0.0
-0.0
-0.0
-0.0
-0.0
-0.0
9.62732656262233e-07
1.951462763827294e-06
2.826989202731056e-06
3.6073904539080104e-06
4.3008931243093684e-06
4.91330683871638e-06
5.450581284094369e-06
5.922583113715518e-06
6.33470472166664e-06
6.693558589176973e-06
7.004175131442025e-06
7.2715456553851254e-06
7.499832008761587e-06
7.693783118156716e-06
7.856216143409256e-06
7.990654921741225e-06
8.100194463622756e-06
8.18728130980162e-06
