0.04577392339706421
0.05520248785614967
0.06115204840898514
0.061274588108062744
0.06072769686579704
0.060596249997615814
0.06079597771167755
0.061140384525060654
0.06152812018990517
0.061936553567647934
0.0623466819524765
0.06263688206672668
0.06295231729745865
0.0633300170302391
0.06373138725757599
0.06413868069648743
0.06458517909049988
0.06433367729187012
0.06372471898794174
0.06320519000291824
0.0627443790435791
0.062324997037649155
0.06190764531493187
0.061470720916986465
0.06100182235240936
0.06051003187894821
0.05999745801091194
0.059453800320625305
0.058876823633909225
0.05826342850923538
0.057607073336839676
0.05690547078847885
0.0032359077595174313
0.0026295233983546495
0.0025913992431014776
0.0025841551832854748
0.0025802880991250277
0.002594307065010071
0.06726537644863129
0.06014551594853401
0.05579182505607605
0.05376509949564934
0.05229898914694786
0.05099399760365486
0.04972080886363983
0.04844401031732559
0.047120630741119385
0.04568896070122719
0.04429039731621742
0.042877551168203354
0.041690483689308167
0.04058752581477165
0.03952878341078758
0.0384538471698761
0.03736833482980728
0.03626108542084694
0.035123664885759354
0.03398950397968292
0.032849159091711044
0.03171868622303009
0.030611645430326462
0.02953757718205452
0.028500309213995934
0.027494508773088455
0.026518141850829124
0.02557901293039322
0.024694271385669708
0.023860180750489235
0.023070842027664185
0.022315921261906624
0.021580692380666733
0.02085854485630989
0.020156797021627426
0.019474035128951073
0.01881583407521248
0.01817425526678562
0.017550846561789513
0.016951216384768486
0.016378657892346382
0.015833916142582893
0.015310646034777164
0.01480625569820404
0.01431172527372837
0.01382395625114441
0.013355660252273083
0.012920382432639599
0.012516690418124199
0.01214190199971199
0.011785129085183144
0.011439085006713867
0.011110512539744377
0.010801884345710278
