2065.00927734375
2023.849609375
1993.369140625
2106.984619140625
2076.6328125
2057.2431640625
2044.87890625
2037.668701171875
2032.8408203125
2029.02197265625
2043.484130859375
2051.15283203125
2062.952392578125
2065.25
2075.287353515625
2085.4931640625
2113.5732421875
2144.797607421875
2170.588134765625
2195.05322265625
2222.700439453125
2253.3681640625
2289.779296875
2342.88232421875
2410.723876953125
2493.94189453125
2593.260498046875
2707.655029296875
2832.59912109375
2966.072265625
3107.8994140625
3259.382568359375
119.4851303100586
121.53755187988281
122.38961029052734
122.92539978027344
123.313232421875
123.6212158203125
2700.53076171875
2949.0009765625
3066.007568359375
3223.831298828125
3426.612060546875
3663.835693359375
3925.982666015625
4216.03076171875
4527.15234375
4854.37353515625
5182.2861328125
5509.65625
5458.19677734375
5367.92529296875
5278.4501953125
5185.3359375
5087.72314453125
4986.42529296875
4881.61767578125
4773.951171875
4665.396484375
4556.06591796875
4443.9345703125
4335.4287109375
4241.5537109375
4142.6845703125
4044.606689453125
3943.575927734375
3841.662109375
3740.298583984375
3636.484619140625
3531.158447265625
3426.665283203125
3322.57080078125
3221.024169921875
3118.744873046875
3019.95654296875
2920.756591796875
2818.941650390625
2716.73583984375
2615.244384765625
2522.658203125
2435.533447265625
2351.14892578125
2270.112548828125
2189.6953125
2108.64111328125
2026.414794921875
1945.3309326171875
1867.187744140625
1792.6827392578125
1722.996337890625
1659.3953857421875
1599.8890380859375
