2014.9979248046875
2414.968017578125
2270.07568359375
2295.1181640625
2226.288330078125
2157.985107421875
2119.316650390625
2097.913330078125
2111.89892578125
2133.914794921875
2177.684814453125
2220.81884765625
2248.94287109375
2275.38134765625
2310.00048828125
2354.50146484375
2404.45068359375
2455.90283203125
2506.9287109375
2561.695068359375
2627.373046875
2713.0859375
2821.4287109375
2951.288330078125
3099.065673828125
3261.758056640625
3437.31396484375
3625.544677734375
3825.641845703125
3949.74755859375
4001.985107421875
4065.38037109375
115.93627166748047
111.38516235351562
114.61629486083984
116.85681915283203
118.842041015625
120.02379608154297
3966.696044921875
4443.70654296875
4311.0380859375
4256.3544921875
4248.04345703125
4267.13623046875
4298.73046875
4335.013671875
4373.5185546875
4409.6474609375
4456.2734375
4502.71142578125
4536.01904296875
4557.86083984375
4583.01708984375
4586.798828125
4571.0078125
4541.88671875
4493.158203125
4424.021484375
4339.06787109375
4242.123046875
4135.77734375
4022.9951171875
3905.307373046875
3783.993896484375
3660.144287109375
3535.05078125
3409.00341796875
3282.34912109375
3156.220703125
3029.723876953125
2905.253662109375
2786.10302734375
2672.446533203125
2562.812744140625
2456.576904296875
2353.4892578125
2253.576416015625
2156.702392578125
2063.680908203125
1973.874267578125
1886.9637451171875
1803.5152587890625
1723.775634765625
1647.7227783203125
1575.8804931640625
1507.0804443359375
1441.62255859375
1379.37841796875
1320.4293212890625
1264.781494140625
1212.5289306640625
1163.2606201171875
