2025.35693359375
2604.767578125
3180.503173828125
2947.87158203125
2696.123779296875
2551.781005859375
2477.122802734375
2434.89453125
2407.507080078125
2392.9189453125
2388.020263671875
2393.32177734375
2403.7138671875
2414.40380859375
2424.076904296875
2429.443115234375
2430.79248046875
2431.1806640625
2437.113037109375
2424.462158203125
2387.539794921875
2364.43896484375
2351.88720703125
2348.7275390625
2352.428466796875
2365.910888671875
2390.159912109375
2423.108154296875
2461.201171875
2501.525390625
2542.3447265625
2582.18505859375
103.2108383178711
91.91116333007812
90.20308685302734
90.49710083007812
90.83837127685547
91.16578674316406
1482.5985107421875
2773.103271484375
2928.29150390625
2826.734375
2814.46630859375
2826.806884765625
2841.527099609375
2854.787841796875
2866.914794921875
2877.631103515625
2886.140869140625
2895.092529296875
2904.12451171875
2909.580078125
2914.235107421875
2915.351806640625
2912.933837890625
2909.161376953125
2904.864013671875
2901.572021484375
2898.5654296875
2888.375732421875
2882.935546875
2875.640380859375
2860.837158203125
2837.44140625
2805.27099609375
2764.67724609375
2722.109130859375
2677.955322265625
2626.917724609375
2570.077392578125
2509.8662109375
2447.253173828125
2383.552978515625
2320.06396484375
2257.1865234375
2195.578857421875
2137.060546875
2080.83203125
2026.5875244140625
1974.149169921875
1923.41650390625
1874.4893798828125
1827.7728271484375
1784.0965576171875
1744.485595703125
1703.4769287109375
1660.7412109375
1618.831787109375
1578.8792724609375
1541.1463623046875
1505.439697265625
1471.1485595703125
