2014.946044921875
2415.8203125
2270.937744140625
2296.3369140625
2227.0576171875
2158.539794921875
2119.728515625
2098.551513671875
2113.876953125
2138.058349609375
2184.53662109375
2227.29443359375
2254.751708984375
2282.683349609375
2319.120361328125
2365.436767578125
2416.7861328125
2468.97705078125
2520.75390625
2578.20654296875
2649.54541015625
2742.757080078125
2858.85546875
2995.546142578125
3149.522216796875
3317.980224609375
3499.7138671875
3694.162109375
3900.753662109375
3963.90966796875
4022.988525390625
4089.07177734375
118.09590148925781
112.94990539550781
115.6607894897461
118.0488510131836
119.59748840332031
120.91944122314453
4144.6982421875
4450.779296875
4319.6689453125
4268.26953125
4264.2197265625
4278.8017578125
4306.3017578125
4340.15966796875
4374.07763671875
4414.3408203125
4461.8056640625
4500.78369140625
4526.5947265625
4544.533203125
4560.11083984375
4555.05712890625
4530.51318359375
4493.80908203125
4433.3349609375
4353.41796875
4259.18505859375
4154.2431640625
4042.045654296875
3924.279541015625
3802.4306640625
3678.20703125
3552.2919921875
3424.5986328125
3295.921142578125
3167.8046875
3039.88427734375
2913.332763671875
2791.3603515625
2674.364013671875
2617.148193359375
2561.031982421875
2452.209228515625
2346.82421875
2244.55126953125
2145.650390625
2050.13037109375
1957.9637451171875
1870.0987548828125
1786.0166015625
1705.760986328125
1628.61376953125
1554.6318359375
1484.3045654296875
1417.75439453125
1355.2117919921875
1296.9271240234375
1242.1865234375
1190.465087890625
1142.316162109375
1096.9794921875
