2026.9127197265625
1916.6649169921875
1687.0137939453125
1607.62841796875
1526.5714111328125
1457.2396240234375
1421.39404296875
1395.118408203125
1376.033935546875
1365.98388671875
1354.0906982421875
1340.4149169921875
1329.2281494140625
1324.7496337890625
1322.24658203125
1319.80810546875
1318.28466796875
1319.729248046875
1326.7537841796875
1340.5618896484375
1363.025634765625
1395.039306640625
1436.1392822265625
1484.6142578125
1538.5936279296875
1597.722412109375
1662.5589599609375
1726.9498291015625
1790.927001953125
1854.728515625
1918.4697265625
1981.0826416015625
208.17648315429688
205.43028259277344
219.42257690429688
234.6384735107422
248.98150634765625
262.3414306640625
2314.342529296875
2382.25830078125
2425.78662109375
2470.351806640625
2531.231689453125
2595.381591796875
2646.2158203125
2690.904052734375
2740.39013671875
2791.88818359375
2835.2314453125
2868.708984375
2892.762939453125
2907.898681640625
2914.84765625
2914.2392578125
2906.68408203125
2892.3017578125
2871.680908203125
2845.03076171875
2813.34912109375
2778.0126953125
2739.342041015625
2696.93359375
2651.119384765625
2602.21435546875
2550.632568359375
2497.154541015625
2441.931640625
2385.375244140625
2327.658203125
2269.3623046875
2210.85693359375
2152.72705078125
2095.078369140625
2037.8201904296875
1981.12109375
1925.2518310546875
1869.6571044921875
1813.4287109375
1758.6417236328125
1705.1571044921875
1652.977783203125
1602.148681640625
1552.7047119140625
1504.73046875
1458.3411865234375
1413.7882080078125
1370.9224853515625
1329.75244140625
1290.278564453125
1252.4393310546875
1216.157958984375
1181.3214111328125
