2085.00146484375
2072.160888671875
2040.492919921875
2012.0733642578125
2003.5135498046875
2056.355224609375
2065.437255859375
2084.53857421875
2077.315673828125
2073.475830078125
2074.080810546875
2092.309814453125
2124.696044921875
2161.782470703125
2190.201416015625
2206.595458984375
2209.56201171875
2207.891845703125
2227.070556640625
2242.07275390625
2246.96337890625
2265.209716796875
2293.117431640625
2327.8642578125
2357.297607421875
2391.466796875
2440.07861328125
2505.75244140625
2585.985107421875
2689.96240234375
2786.1220703125
2854.490234375
99.30166625976562
103.8699722290039
101.8286361694336
102.20482635498047
102.23577117919922
102.35798645019531
1582.8551025390625
1616.2237548828125
1590.8519287109375
2543.53857421875
4088.042236328125
4234.33203125
4088.939208984375
3993.932861328125
4015.956787109375
4125.1259765625
4277.736328125
4454.3115234375
4636.5537109375
4816.96240234375
4997.142578125
5182.6015625
5378.41015625
5501.43994140625
5371.2138671875
5328.40087890625
5332.78564453125
5360.314453125
5397.7197265625
5438.19921875
5480.341796875
5524.18701171875
5566.1484375
5605.93505859375
5643.11328125
5677.71044921875
5709.4306640625
5739.16650390625
5766.396484375
5790.0244140625
5810.32958984375
5826.439453125
5837.82763671875
5844.455078125
5845.1953125
5839.5283203125
5827.3505859375
5809.12548828125
5786.49560546875
5758.72216796875
5726.23681640625
5689.22216796875
5648.189453125
5603.2822265625
5554.63134765625
5503.3798828125
5450.419921875
5395.98876953125
5340.17578125
5282.81787109375
