2080.64794921875
2049.95654296875
2012.5008544921875
1989.1351318359375
2089.987548828125
2079.6572265625
2070.35986328125
2066.5244140625
2061.271484375
2061.141357421875
2062.51904296875
2065.021240234375
2064.776611328125
2079.328369140625
2083.197021484375
2093.859130859375
2111.31298828125
2127.2880859375
2142.281494140625
2156.533203125
2171.6279296875
2191.840087890625
2217.68896484375
2248.669677734375
2282.6376953125
2320.760009765625
2370.168212890625
2429.61376953125
2515.71435546875
2605.9462890625
2697.35107421875
2810.043701171875
111.32662200927734
111.87094116210938
112.33049774169922
112.75701141357422
113.15897369384766
113.54183197021484
1711.093017578125
1868.0635986328125
2748.501708984375
3211.7080078125
3576.997802734375
3474.86083984375
3398.2998046875
3330.7294921875
3259.416259765625
3169.970703125
3070.65087890625
2965.6455078125
2906.370361328125
2919.906005859375
2930.442138671875
2965.24755859375
2985.005126953125
2981.4970703125
2976.146728515625
2968.27734375
2955.93310546875
2937.89990234375
2913.118408203125
2881.373779296875
2844.306884765625
2803.49755859375
2757.55126953125
2707.51171875
2655.572021484375
2603.501220703125
2552.317626953125
2502.235107421875
2451.802978515625
2402.037353515625
2357.056884765625
2316.6845703125
2279.38818359375
2244.369873046875
2210.857666015625
2178.27099609375
2147.23046875
2117.45849609375
2089.339111328125
2062.732421875
2037.3944091796875
2012.8941650390625
1988.83349609375
1965.3515625
1942.275634765625
1918.8878173828125
1895.2728271484375
1871.446044921875
1847.11865234375
1822.15087890625
