1859.5330810546875
1479.1912841796875
1194.010498046875
1006.6535034179688
952.3291015625
926.2371215820312
896.526611328125
867.0840454101562
838.6348876953125
810.9435424804688
783.9878540039062
758.0997924804688
733.7783813476562
710.75341796875
688.183837890625
665.771484375
643.8299560546875
622.431396484375
601.2069091796875
587.134033203125
579.0099487304688
570.7147827148438
558.9365844726562
544.6162719726562
528.4138793945312
510.67901611328125
492.2894592285156
474.1177673339844
456.56011962890625
439.64111328125
423.862548828125
422.4243469238281
126.42003631591797
128.31851196289062
129.3544464111328
130.0435333251953
130.53787231445312
130.8986358642578
450.99322509765625
398.5711669921875
412.7170104980469
425.8511047363281
443.4114074707031
447.875
441.5952453613281
430.802001953125
418.6490783691406
406.5854187011719
395.5709533691406
386.32440185546875
378.9041442871094
372.751708984375
367.3561706542969
362.8197326660156
359.2049560546875
356.11358642578125
353.4503479003906
351.3531799316406
358.1455383300781
368.8769226074219
378.54144287109375
387.22723388671875
394.5033264160156
401.4609375
409.3430480957031
418.8201904296875
429.263671875
440.506591796875
452.6565246582031
466.32080078125
482.00738525390625
499.54644775390625
519.79443359375
542.0799560546875
564.720703125
586.7843627929688
608.6026611328125
630.976806640625
653.9856567382812
676.5320434570312
698.0990600585938
719.212158203125
739.0250854492188
756.9519653320312
772.8671875
786.655517578125
798.3614501953125
807.9556884765625
815.5235595703125
821.2383422851562
825.366455078125
828.0517578125
