2066.280517578125
2025.8260498046875
1986.9744873046875
2108.604736328125
2079.974853515625
2060.63623046875
2047.8785400390625
2040.1890869140625
2035.0848388671875
2031.474853515625
2036.1551513671875
2051.598876953125
2059.160400390625
2065.60888671875
2073.14453125
2081.290283203125
2096.039306640625
2128.04296875
2156.356689453125
2178.636474609375
2202.177490234375
2227.6708984375
2256.65771484375
2292.322265625
2343.517578125
2407.899658203125
2486.0634765625
2580.015869140625
2688.75048828125
2807.665283203125
2934.930908203125
3069.794189453125
120.15606689453125
122.32879638671875
123.25692749023438
123.79530334472656
124.18273162841797
124.48918151855469
2454.90185546875
2816.791748046875
2941.6923828125
3095.9033203125
3288.74267578125
3509.74609375
3748.676513671875
4001.028564453125
4270.8193359375
4555.79296875
4844.43994140625
5124.9365234375
5398.50634765625
5513.966796875
5419.4736328125
5331.0810546875
5244.00390625
5154.73681640625
5059.49755859375
4960.4755859375
4858.78271484375
4755.93994140625
4651.873046875
4547.1337890625
4439.962890625
4332.24951171875
4239.25537109375
4144.48193359375
4049.720458984375
3956.47265625
3863.183837890625
3769.002685546875
3672.56982421875
3574.501953125
3476.19384765625
3375.64599609375
3275.40576171875
3177.988525390625
3084.67626953125
2995.228515625
2908.802001953125
2820.700927734375
2730.280517578125
2641.78173828125
2556.248779296875
2471.58740234375
2389.020263671875
2308.369873046875
2230.106689453125
2158.015625
2089.4208984375
2020.8387451171875
1951.0196533203125
1880.04541015625
