2085.000244140625
2084.39208984375
2071.262939453125
2053.206787109375
2042.7637939453125
2034.5260009765625
2027.10546875
2021.6390380859375
2029.769775390625
2024.3509521484375
2045.5577392578125
2043.073486328125
2040.989990234375
2050.842041015625
2055.8876953125
2060.39404296875
2063.542236328125
2063.955322265625
2062.816162109375
2060.6904296875
2059.12548828125
2065.48828125
2077.6826171875
2092.441162109375
2114.110595703125
2152.50634765625
2201.68017578125
2258.906982421875
2323.9423828125
2402.247314453125
2499.60791015625
2597.083740234375
127.29085540771484
128.48312377929688
129.88180541992188
129.82321166992188
128.82923889160156
127.5166015625
2446.148681640625
2589.333740234375
2728.505126953125
2890.824951171875
3061.3994140625
3232.2255859375
3400.233642578125
3564.72607421875
3732.86328125
3906.744873046875
4087.979248046875
4265.9638671875
4462.13818359375
4684.82373046875
4941.38232421875
5218.53076171875
5357.41552734375
5523.73486328125
5702.53125
5893.89404296875
6044.92919921875
6303.7333984375
6522.00537109375
6721.02099609375
6908.4931640625
7072.58447265625
7243.93359375
7319.34765625
7365.017578125
7412.7900390625
7519.2783203125
7635.59228515625
7783.64794921875
7994.67578125
8288.921875
8704.544921875
9096.841796875
9055.765625
9037.6923828125
9164.6240234375
9265.837890625
8430.2451171875
7770.8134765625
7303.09619140625
6979.9716796875
6680.5390625
6390.06689453125
6125.62939453125
5917.240234375
5749.724609375
5599.294921875
5453.2294921875
5310.11474609375
5170.11328125
