2041.0196533203125
2002.8521728515625
2107.81103515625
2212.482666015625
2303.328369140625
2362.609375
2396.428466796875
2411.674560546875
2427.662109375
2419.66943359375
2409.168701171875
2390.857421875
2376.943603515625
2372.974853515625
2377.04150390625
2386.6669921875
2404.085205078125
2429.34375
2464.216552734375
2514.217529296875
2585.51513671875
2679.380126953125
2794.94677734375
2930.347900390625
3083.00439453125
3251.2626953125
3434.827880859375
3633.90283203125
3847.19140625
4072.8935546875
4310.693359375
4557.94677734375
173.74185180664062
169.06858825683594
176.83038330078125
179.17250061035156
182.9024200439453
184.70606994628906
3919.383056640625
5051.45263671875
5925.82861328125
6587.1328125
7052.02783203125
7055.818359375
7106.91943359375
7160.4267578125
7227.66943359375
7315.75146484375
7424.69775390625
7549.81103515625
7671.85009765625
7795.20166015625
7919.18505859375
8045.23046875
8166.43896484375
8276.6943359375
8373.8720703125
8455.60546875
8520.2890625
8567.708984375
8596.6845703125
8607.107421875
8599.3681640625
8574.2783203125
8533.2734375
8478.279296875
8411.1630859375
8333.1357421875
8244.2177734375
8144.9638671875
8036.34033203125
7919.55517578125
7794.49853515625
7662.8154296875
7525.330078125
7383.52490234375
7238.3388671875
7090.9013671875
6942.27099609375
6792.96826171875
6643.70947265625
6494.98388671875
6347.30322265625
6200.86572265625
6056.244140625
5913.84033203125
5773.26611328125
5634.873046875
5499.515625
5368.5625
5240.02392578125
5112.990234375
