2076.248291015625
2046.8006591796875
2014.3294677734375
1993.9122314453125
2055.776123046875
2057.633544921875
2058.52001953125
2100.595458984375
2117.491455078125
2139.91357421875
2158.19287109375
2180.045654296875
2206.100341796875
2239.115478515625
2278.23388671875
2322.44873046875
2372.94189453125
2429.250732421875
2487.394775390625
2544.388427734375
2603.94775390625
2675.044921875
2763.520751953125
2868.81005859375
2990.055419921875
3124.151123046875
3267.930419921875
3419.1015625
3573.980224609375
3731.004150390625
3889.021484375
4047.4892578125
140.3540802001953
127.95849609375
128.38877868652344
129.03848266601562
129.5122528076172
129.76358032226562
3226.494140625
3704.796142578125
3979.309814453125
4182.71435546875
4359.568359375
4531.365234375
4705.9365234375
4885.72998046875
5071.27783203125
5261.92822265625
5459.89599609375
5660.294921875
5872.4375
6088.44921875
6290.134765625
6488.7236328125
6651.3701171875
6811.5234375
6972.78955078125
7119.248046875
7246.4345703125
7351.509765625
7437.40869140625
7506.38525390625
7561.4453125
7597.0537109375
7614.54150390625
7623.0634765625
7628.38134765625
7624.09033203125
7609.7333984375
7568.98828125
7155.6044921875
6797.73046875
6485.02734375
6206.69287109375
5950.36279296875
5706.76318359375
5497.71240234375
5316.3466796875
5142.72119140625
4967.94677734375
4799.64208984375
4634.658203125
4476.7734375
4329.12353515625
4192.68505859375
4062.886474609375
3938.84228515625
3819.8935546875
3704.722900390625
3589.142822265625
3473.79638671875
3361.03271484375
