2068.233642578125
2046.44189453125
2025.834228515625
2007.8441162109375
1997.31787109375
2050.68896484375
2052.23291015625
2057.8642578125
2061.353271484375
2054.974365234375
2066.582763671875
2097.552978515625
2129.910400390625
2185.109375
2240.355224609375
2297.5283203125
2363.115234375
2443.00048828125
2539.61376953125
2654.852783203125
2784.88623046875
2927.641845703125
3082.931396484375
3249.1689453125
3425.42431640625
3611.70556640625
3807.25732421875
4011.5205078125
4224.6708984375
4447.2431640625
4680.43994140625
4924.83984375
208.0126495361328
196.96701049804688
200.59974670410156
207.0004119873047
213.6551513671875
219.9192352294922
5226.5654296875
5904.6513671875
6314.9736328125
6625.96630859375
6901.734375
7176.24609375
7477.49267578125
7837.5146484375
8259.3369140625
8666.037109375
9075.6025390625
9482.861328125
9914.8115234375
10378.3681640625
10850.71875
11343.2919921875
11840.7177734375
12343.357421875
12854.474609375
13379.75
13922.6279296875
14478.8466796875
15044.904296875
15613.923828125
16181.6982421875
16748.201171875
17310.0546875
17867.322265625
18285.03125
17984.466796875
17722.78515625
17467.478515625
17209.822265625
16946.7734375
16677.189453125
16400.80859375
16118.2177734375
15829.8798828125
15536.517578125
15239.1748046875
14937.1640625
14633.41796875
14328.6318359375
14022.74609375
13716.1865234375
13409.2666015625
13102.5126953125
12797.9912109375
12496.4638671875
12199.3671875
11908.4404296875
11622.8427734375
11342.4580078125
11067.7265625
