2022.460693359375
2646.257080078125
3166.9775390625
2893.52001953125
2663.26708984375
2533.1181640625
2463.260009765625
2420.32373046875
2391.750732421875
2376.988525390625
2374.839599609375
2383.083740234375
2395.536865234375
2407.193603515625
2417.10009765625
2421.980712890625
2423.1005859375
2425.188232421875
2432.0986328125
2404.698974609375
2373.59716796875
2354.395751953125
2345.421875
2343.893310546875
2350.492919921875
2369.390380859375
2398.803466796875
2435.650634765625
2476.216796875
2518.264892578125
2560.214111328125
2600.0478515625
103.21273803710938
92.3581314086914
90.6252670288086
90.93522644042969
91.27928161621094
91.78118896484375
1602.1624755859375
2884.112548828125
2905.837646484375
2828.75341796875
2823.264892578125
2834.506103515625
2847.291015625
2859.53271484375
2871.320068359375
2881.343505859375
2889.7861328125
2902.204345703125
2908.649658203125
2915.62548828125
2918.5947265625
2917.554443359375
2914.484619140625
2910.54345703125
2907.285888671875
2905.6513671875
2897.278076171875
2893.81982421875
2887.60693359375
2873.170654296875
2849.228759765625
2814.720458984375
2773.52197265625
2731.43994140625
2685.782470703125
2632.26123046875
2574.134033203125
2512.576904296875
2448.477294921875
2382.824951171875
2317.797119140625
2253.335693359375
2190.8056640625
2131.333251953125
2074.64013671875
2020.4576416015625
1968.6436767578125
1918.923583984375
1871.1171875
1826.4132080078125
1783.4437255859375
1742.4888916015625
1701.0185546875
1657.738525390625
1615.364013671875
1575.2213134765625
1537.548828125
1501.919921875
1467.5369873046875
1433.7540283203125
