2069.5712890625
2030.050048828125
1990.1312255859375
2092.5361328125
2092.975341796875
2071.092529296875
2056.996826171875
2047.9039306640625
2044.135986328125
2040.364013671875
2035.2506103515625
2034.0218505859375
2058.5185546875
2073.898681640625
2082.942626953125
2087.953125
2094.572998046875
2108.9736328125
2139.4296875
2169.2587890625
2197.0048828125
2224.5654296875
2254.88525390625
2290.4248046875
2340.486328125
2401.535400390625
2477.564453125
2571.8203125
2678.25830078125
2791.192626953125
2909.86181640625
3035.057861328125
120.09236145019531
122.30592346191406
123.24429321289062
123.78831481933594
124.1872329711914
124.52119445800781
2304.099365234375
2692.738037109375
2819.54736328125
2980.81103515625
3178.918701171875
3397.9755859375
3625.536865234375
3855.41552734375
4095.30712890625
4334.21142578125
4581.92822265625
4828.619140625
5066.22802734375
5300.85107421875
5421.916015625
5312.68408203125
5211.5966796875
5113.4833984375
5013.44677734375
4911.8095703125
4809.248046875
4705.400390625
4600.51904296875
4490.609375
4379.5908203125
4269.5625
4161.84521484375
4063.965576171875
3966.632568359375
3860.125244140625
3751.676025390625
3642.427734375
3531.59765625
3420.724853515625
3312.15771484375
3206.285888671875
3100.4853515625
2998.582275390625
2901.7890625
2804.624755859375
2705.558837890625
2605.21533203125
2501.31005859375
2397.215576171875
2292.244140625
2187.594482421875
2083.25634765625
1981.4066162109375
1891.57421875
1810.2623291015625
1730.917236328125
1652.2020263671875
1572.9462890625
1494.296875
