2085.0
2063.2431640625
2028.537109375
2001.8974609375
2044.021240234375
2103.27587890625
2087.868896484375
2080.739501953125
2078.309814453125
2081.2412109375
2080.118896484375
2084.93701171875
2093.774169921875
2054.36572265625
1982.65771484375
1930.8076171875
1905.9295654296875
1876.2667236328125
1841.5633544921875
1809.7025146484375
1781.5966796875
1764.9158935546875
1754.8388671875
1746.536865234375
1737.7232666015625
1733.04345703125
1725.2562255859375
1717.122314453125
1716.6036376953125
1721.6837158203125
1726.83642578125
1734.4713134765625
114.78504180908203
115.11506652832031
115.5495834350586
115.91596984863281
116.17708587646484
116.41529846191406
1386.448486328125
1747.2574462890625
1852.368896484375
1921.45751953125
1984.21875
2061.43505859375
2146.14306640625
2232.574462890625
2315.73095703125
2389.830078125
2450.65966796875
2499.979736328125
2540.96875
2574.83154296875
2602.53857421875
2625.41259765625
2644.441650390625
2659.68505859375
2671.14697265625
2678.44970703125
2680.99951171875
2678.4609375
2670.629150390625
2657.992431640625
2640.892333984375
2620.492919921875
2598.177978515625
2575.593017578125
2552.572998046875
2528.480712890625
2502.860107421875
2475.1171875
2445.203369140625
2413.126708984375
2379.042236328125
2343.296630859375
2306.175048828125
2267.9501953125
2228.78466796875
2189.093017578125
2149.213134765625
2109.244140625
2069.417724609375
2029.9112548828125
1990.827392578125
1952.2947998046875
1914.37841796875
1877.144287109375
1840.62158203125
1805.235595703125
1770.8057861328125
1737.2222900390625
1704.484375
1672.58349609375
