2070.04833984375
2042.6036376953125
2005.2674560546875
2040.37939453125
2075.53759765625
2130.69384765625
2188.5810546875
2215.372802734375
2220.257568359375
2212.6689453125
2207.203857421875
2227.274658203125
2266.60791015625
2304.471923828125
2337.62060546875
2354.504638671875
2362.26025390625
2371.60400390625
2384.291748046875
2400.955078125
2419.75390625
2441.0634765625
2469.0
2505.296875
2551.417236328125
2611.252197265625
2689.2607421875
2786.235595703125
2901.201171875
3031.31884765625
3173.645263671875
3325.6474609375
120.4366226196289
120.65367126464844
122.10865020751953
122.92361450195312
123.45670318603516
123.8443603515625
2525.718994140625
3225.699462890625
3580.586181640625
3778.162841796875
3923.499755859375
4063.41845703125
4215.078125
4383.37353515625
4566.30517578125
4761.55126953125
4964.5546875
5174.8154296875
5393.2958984375
5646.8798828125
5941.84228515625
6205.072265625
6448.099609375
6688.7568359375
6925.45947265625
7162.31640625
7400.88037109375
7641.77587890625
7884.78173828125
8149.59619140625
8016.115234375
7915.08740234375
7838.640625
7768.2783203125
7699.44091796875
7633.17822265625
7556.71435546875
7472.15771484375
7379.662109375
7281.64208984375
7177.51171875
7067.23291015625
6951.40771484375
6832.96435546875
6707.251953125
6562.9462890625
6416.798828125
6266.79443359375
6113.5654296875
5958.466796875
5802.873046875
5647.806640625
5493.61376953125
5341.44873046875
5190.3486328125
5039.65673828125
4889.9443359375
4742.076171875
4596.5517578125
4453.47021484375
