2067.9404296875
2034.5880126953125
1996.3348388671875
2091.365966796875
2147.30078125
2205.4423828125
2207.13720703125
2196.27783203125
2210.60546875
2244.9013671875
2279.952880859375
2304.877685546875
2319.38623046875
2336.66015625
2360.1533203125
2386.731689453125
2418.175537109375
2454.347900390625
2513.870361328125
2613.05810546875
2742.5556640625
2889.391845703125
3044.5390625
3204.0087890625
3365.992431640625
3528.155029296875
3704.82275390625
3906.029296875
4129.716796875
4366.42529296875
4608.00439453125
4849.7734375
167.718505859375
160.5474395751953
168.94981384277344
179.04161071777344
187.10997009277344
192.3448028564453
4776.33935546875
5143.23388671875
5255.00341796875
5234.828125
5255.87548828125
5382.45703125
5613.40087890625
5925.26708984375
6273.73291015625
6630.91650390625
6982.798828125
7324.30419921875
7645.3525390625
7512.37744140625
7410.44580078125
7321.68310546875
7228.09130859375
7125.83642578125
7015.5078125
6898.51513671875
6838.61083984375
6776.03759765625
6633.7900390625
6475.43212890625
6304.984375
6123.4384765625
5930.966796875
5730.33447265625
5525.8427734375
5321.60888671875
5117.84912109375
4914.88818359375
4715.306640625
4521.05859375
4328.8828125
4140.82421875
3958.2734375
3783.637939453125
3617.051025390625
3459.295166015625
3309.332275390625
3171.130126953125
3046.83154296875
2931.925537109375
2814.385498046875
2698.06005859375
2585.958984375
2479.58154296875
2376.936279296875
2276.064208984375
2181.804443359375
2093.613525390625
2013.292236328125
1938.9630126953125
1870.4405517578125
1808.3389892578125
