2085.03564453125
2064.489990234375
2036.447021484375
2015.1385498046875
1999.6978759765625
1998.279296875
2063.802978515625
2060.71533203125
2049.236572265625
2042.561279296875
2057.685791015625
2101.67333984375
2155.587890625
2210.618896484375
2263.11767578125
2320.26318359375
2386.05126953125
2471.23583984375
2577.9560546875
2708.299072265625
2855.097900390625
3012.586669921875
3176.299072265625
3343.8740234375
3514.850341796875
3687.16748046875
3859.6044921875
4030.85009765625
4199.3857421875
4362.875
4521.892578125
4675.45166015625
187.80235290527344
167.86570739746094
160.0518798828125
156.599853515625
155.137939453125
154.4626922607422
3880.22265625
4135.13525390625
4285.93115234375
4461.19287109375
4667.720703125
4903.021484375
5163.82568359375
5438.19189453125
5729.216796875
6055.62451171875
6399.91748046875
6740.7080078125
7092.9052734375
7417.65478515625
7696.32861328125
7936.630859375
8139.416015625
8336.2138671875
8433.2080078125
8514.0947265625
8652.384765625
8756.1005859375
8835.16796875
8889.1796875
8905.35546875
8904.3515625
8855.4326171875
8775.640625
8676.6748046875
8575.6865234375
8499.6279296875
8464.302734375
8428.59765625
8374.75
7973.8271484375
7592.43994140625
7259.35546875
6959.52685546875
6684.29833984375
6433.96142578125
6201.1171875
5976.6240234375
5757.220703125
5546.7646484375
5354.21826171875
5173.62744140625
5001.2802734375
4833.736328125
4666.244140625
4495.81982421875
4321.28173828125
4141.60205078125
3955.64013671875
3762.87890625
3597.692138671875
