2073.357421875
2035.8167724609375
1996.005615234375
2047.6185302734375
2088.369140625
2082.597412109375
2067.56982421875
2061.291259765625
2066.04345703125
2089.576904296875
2124.797607421875
2158.161865234375
2185.214111328125
2207.40087890625
2231.63720703125
2262.31005859375
2296.146728515625
2336.60498046875
2388.548095703125
2457.317138671875
2545.72509765625
2657.077392578125
2789.914794921875
2938.46044921875
3102.670654296875
3285.22314453125
3489.01904296875
3713.076416015625
3955.10595703125
4218.59375
4503.9775390625
4811.8916015625
157.3032684326172
146.1061248779297
147.56187438964844
150.05255126953125
152.11744689941406
153.48484802246094
4032.142333984375
4337.373046875
4473.322265625
4701.3642578125
4988.318359375
5374.33642578125
5690.47607421875
5595.7900390625
5524.251953125
5488.93212890625
5430.73876953125
5353.11865234375
5285.595703125
5190.150390625
5075.921875
4942.33056640625
4786.54150390625
4613.3115234375
4430.642578125
4247.76171875
4076.388671875
3915.11279296875
3759.397705078125
3607.23193359375
3486.398193359375
3383.16162109375
3288.17236328125
3196.791748046875
3104.174072265625
3013.32958984375
2925.37158203125
2840.162109375
2758.030029296875
2679.554931640625
2604.328857421875
2531.8994140625
2462.491943359375
2396.013427734375
2332.49853515625
2271.956787109375
2214.205078125
2158.63427734375
2104.949462890625
2053.431640625
2003.9276123046875
1956.28857421875
1910.4327392578125
1866.052978515625
1823.2735595703125
1785.997314453125
1751.7254638671875
1719.4378662109375
1688.6121826171875
1658.9254150390625
1629.530517578125
