2083.890869140625
2055.22265625
2032.10791015625
2016.7591552734375
1989.00830078125
2041.75
2040.9361572265625
2047.84619140625
2073.92822265625
2111.443603515625
2141.51708984375
2178.353271484375
2209.10498046875
2238.72265625
2276.32421875
2313.17236328125
2354.152587890625
2414.61083984375
2504.001953125
2618.927978515625
2758.004638671875
2919.291748046875
3101.345947265625
3298.23583984375
3505.998779296875
3724.778076171875
3955.468505859375
4195.5048828125
4439.9384765625
4687.74853515625
4942.05322265625
5206.74560546875
5487.15625
237.66326904296875
230.1870880126953
234.7393341064453
241.18707275390625
246.3007049560547
248.93115234375
5138.9013671875
5143.9814453125
5179.00634765625
5347.97021484375
5464.34912109375
5612.5703125
5998.83251953125
6463.76416015625
6980.19677734375
7444.3896484375
7734.5791015625
7919.6142578125
8057.86474609375
8164.9384765625
8238.5947265625
8272.671875
8255.1357421875
8210.115234375
8168.05712890625
7709.34423828125
7299.251953125
6919.662109375
6556.19970703125
6210.1181640625
5887.43310546875
5579.3759765625
5292.37353515625
5012.359375
4734.67041015625
4466.9892578125
4224.3564453125
4004.884765625
3796.26123046875
3600.378173828125
3413.08935546875
3234.099853515625
3067.2119140625
2910.0927734375
2761.960693359375
2621.489990234375
2489.081787109375
2361.084716796875
2236.007080078125
2116.235595703125
2006.1627197265625
1902.753173828125
1805.09716796875
1709.3055419921875
1619.7222900390625
1543.77685546875
1467.89697265625
1393.5147705078125
1320.1944580078125
1247.81494140625
1176.143310546875
