2045.2584228515625
2000.1298828125
2201.625244140625
2404.77978515625
2466.7568359375
2453.691650390625
2430.123779296875
2381.436279296875
2349.89208984375
2328.545654296875
2323.4931640625
2338.58642578125
2366.1328125
2408.10986328125
2455.718505859375
2513.331298828125
2597.7626953125
2719.5
2877.65185546875
3068.14013671875
3286.494873046875
3530.30419921875
3794.460693359375
4074.19873046875
4368.5234375
4671.9697265625
4987.1884765625
5304.34326171875
5631.9013671875
5973.91455078125
6070.7802734375
6145.0341796875
273.6240539550781
214.2364501953125
204.40293884277344
209.14634704589844
215.91531372070312
222.6925048828125
7056.96533203125
8103.66845703125
8008.5107421875
7979.833984375
8026.80322265625
8108.9912109375
8204.103515625
8297.6845703125
8380.3603515625
8447.2998046875
8497.0703125
8527.2919921875
8537.5244140625
8526.451171875
8494.275390625
8441.896484375
8371.3017578125
8284.7724609375
8184.0283203125
8129.11181640625
8070.751953125
7944.14794921875
7805.0625
7655.20751953125
7497.646484375
7333.595703125
7164.46728515625
6991.84814453125
6817.509765625
6641.80517578125
6465.65087890625
6291.00439453125
6117.85302734375
5946.80322265625
5778.3408203125
5613.0
5451.10791015625
5293.35546875
5140.0302734375
4989.4921875
4842.90673828125
4702.52587890625
4566.744140625
4435.60009765625
4309.7216796875
4188.451171875
4071.31591796875
3958.679931640625
3850.53662109375
3746.73095703125
3647.37109375
3551.5322265625
3459.147705078125
3370.03173828125
3283.987060546875
