2056.890380859375
2026.32421875
2006.2784423828125
1995.6480712890625
2046.1475830078125
2089.3974609375
2074.10205078125
2061.16845703125
2051.88818359375
2043.459716796875
2039.0369873046875
2047.72412109375
2053.470703125
2093.579833984375
2108.439697265625
2112.98583984375
2128.5166015625
2161.654541015625
2213.11572265625
2292.44091796875
2420.709716796875
2588.49072265625
2786.03759765625
3004.247314453125
3238.9853515625
3486.8642578125
3750.53857421875
4034.23193359375
4339.48291015625
4669.2646484375
5015.53515625
5369.49951171875
5740.57177734375
6132.06201171875
262.8095703125
292.6708984375
334.6017150878906
371.8525695800781
405.39788818359375
436.2080383300781
8726.5810546875
8646.1884765625
8653.4677734375
8902.8720703125
9297.5419921875
9758.0654296875
10304.216796875
10915.3486328125
11552.2373046875
12192.455078125
12833.7451171875
12706.7373046875
12584.9228515625
12446.9912109375
12286.375
12103.7724609375
11899.3779296875
11672.6962890625
11426.109375
11162.8740234375
10886.03515625
10598.171875
10299.5537109375
9996.30078125
9690.7666015625
9384.697265625
9080.7587890625
8781.5048828125
8485.75
8194.2998046875
7909.34326171875
7632.2958984375
7364.64990234375
7106.0830078125
6857.02392578125
6695.07421875
6615.08984375
6384.5205078125
6163.00830078125
5950.07080078125
5741.31689453125
5540.93896484375
5350.755859375
5170.2490234375
4997.9033203125
4832.55126953125
4673.69189453125
4521.10400390625
4374.70751953125
4235.83544921875
4102.7890625
3974.591796875
3851.035400390625
3732.072265625
3617.010009765625
