2082.66552734375
2058.306640625
2032.76318359375
2013.5260009765625
1999.605712890625
1999.7225341796875
2036.6055908203125
2048.343994140625
2067.18115234375
2105.7587890625
2122.12841796875
2152.938232421875
2187.949462890625
2232.1142578125
2287.221923828125
2358.206787109375
2460.659912109375
2594.48681640625
2755.2099609375
2938.63916015625
3139.522705078125
3354.3310546875
3578.509765625
3805.239013671875
4043.058349609375
4292.28466796875
4553.14599609375
4827.04345703125
5113.55712890625
5411.07080078125
5719.99365234375
6041.40966796875
281.5409240722656
302.1455993652344
316.0295715332031
323.84124755859375
328.6107177734375
332.1759033203125
6386.3984375
6877.31591796875
7131.30126953125
7318.98583984375
7493.5009765625
7710.8974609375
8000.85498046875
8362.931640625
8767.17578125
9226.453125
9694.15625
10166.6552734375
10634.7275390625
11086.78125
11514.3203125
11915.5654296875
12296.2109375
12662.67578125
13015.111328125
13356.837890625
13690.798828125
14018.3447265625
14340.78515625
14660.4052734375
14974.0849609375
15274.5322265625
15553.0830078125
15801.8251953125
16015.0302734375
16195.140625
16328.1396484375
16408.998046875
16415.439453125
16346.228515625
16204.8212890625
16001.5927734375
15751.80859375
15460.2607421875
15140.888671875
14804.923828125
14458.712890625
14104.7333984375
13633.2138671875
12957.501953125
12370.5205078125
11825.564453125
11315.263671875
10830.8994140625
10375.4228515625
9953.0732421875
9572.96484375
9215.0888671875
8860.091796875
8507.94140625
