2085.073974609375
2065.72119140625
2031.4498291015625
2006.3720703125
2007.916015625
2104.1884765625
2091.613525390625
2082.17333984375
2077.01953125
2074.558349609375
2077.8583984375
2079.4482421875
2082.8369140625
2111.385498046875
2044.6766357421875
1974.7957763671875
1922.268310546875
1897.81689453125
1874.5968017578125
1852.0714111328125
1828.493896484375
1807.233642578125
1787.611328125
1773.4508056640625
1763.1502685546875
1753.2247314453125
1742.8978271484375
1733.3505859375
1725.847412109375
1727.748291015625
1746.2554931640625
1765.3565673828125
115.26799774169922
116.12882232666016
116.59098815917969
116.95789337158203
117.26062774658203
117.51519012451172
1362.85009765625
1762.9600830078125
1836.2596435546875
1866.719482421875
1890.0482177734375
1929.5963134765625
1981.2799072265625
2039.3526611328125
2100.5400390625
2160.723876953125
2219.29052734375
2274.709716796875
2324.840576171875
2368.60107421875
2406.1953125
2438.783203125
2466.180419921875
2488.443115234375
2507.001953125
2522.004150390625
2533.2783203125
2540.622802734375
2543.8583984375
2543.409912109375
2539.313720703125
2531.90380859375
2521.875244140625
2509.6845703125
2495.563232421875
2488.1533203125
2480.1650390625
2464.888671875
2449.586669921875
2433.639404296875
2416.799072265625
2398.843505859375
2379.701171875
2359.466064453125
2338.27294921875
2316.10302734375
2292.945556640625
2268.898681640625
2244.029052734375
2218.4658203125
2192.375244140625
2166.020263671875
2139.482421875
2112.73095703125
2085.848876953125
2059.00830078125
2032.256591796875
2005.632080078125
1979.20068359375
1953.0123291015625
1927.10888671875
1901.6220703125
