2079.110595703125
2047.71826171875
2012.9107666015625
1991.7119140625
2049.35693359375
2052.0869140625
2090.527587890625
2118.7626953125
2146.638916015625
2173.4423828125
2194.5556640625
2234.10400390625
2283.2998046875
2323.527587890625
2363.98583984375
2402.9140625
2443.2265625
2495.419189453125
2564.851806640625
2654.656005859375
2763.908935546875
2889.3056640625
3022.581787109375
3161.536376953125
3305.449462890625
3463.171875
3631.86962890625
3797.2939453125
3956.261962890625
4112.0234375
4320.384765625
4580.61865234375
170.34738159179688
149.80255126953125
144.88438415527344
143.6158447265625
143.14337158203125
142.75669860839844
3580.729736328125
4023.402587890625
4278.2373046875
4500.2490234375
4742.54052734375
5015.34033203125
5305.14990234375
5657.13037109375
6052.0908203125
6501.05908203125
6991.55126953125
7385.2724609375
7775.5888671875
8195.2373046875
8672.7958984375
9088.3232421875
9391.560546875
9514.998046875
9482.037109375
9481.2080078125
9533.7412109375
9685.603515625
9841.7001953125
8979.24609375
8320.0341796875
7837.79833984375
7402.826171875
7116.96337890625
6850.26904296875
6600.57421875
6367.63330078125
6150.76025390625
5944.9365234375
5748.8388671875
5559.583984375
5377.3896484375
5201.705078125
5033.70361328125
4876.25048828125
4724.2822265625
4575.32177734375
4431.83837890625
4296.99853515625
4169.59521484375
4047.53466796875
3931.41845703125
3819.20166015625
3709.393310546875
3601.999267578125
3496.303955078125
3400.458984375
3312.809814453125
3228.771240234375
3148.84423828125
3072.3701171875
