2033.4766845703125
2017.2457275390625
2136.7275390625
2101.554931640625
2114.59130859375
2160.019287109375
2174.435302734375
2198.3798828125
2214.368408203125
2240.45458984375
2271.947021484375
2316.74853515625
2364.825439453125
2411.220947265625
2451.871826171875
2485.194091796875
2516.841552734375
2553.47705078125
2598.741455078125
2656.164306640625
2728.656494140625
2828.931640625
2959.055908203125
3110.649658203125
3276.13720703125
3449.742431640625
3632.257568359375
3824.170166015625
4028.3896484375
4236.63916015625
4469.603515625
4732.14208984375
5032.78564453125
126.87274169921875
110.83174133300781
112.43173217773438
130.92352294921875
142.0446014404297
147.1544189453125
3561.451904296875
4344.10693359375
4952.501953125
5529.87158203125
5852.64892578125
6235.05517578125
6512.9365234375
6158.27587890625
5904.08251953125
5674.6494140625
5442.8701171875
5326.46044921875
5204.7275390625
4952.37158203125
4700.38623046875
4458.9150390625
4234.1787109375
4018.078369140625
3807.6455078125
3611.441162109375
3430.593994140625
3260.86962890625
3103.048095703125
2956.40380859375
2817.27685546875
2688.86279296875
2572.794921875
2466.22705078125
2369.748291015625
2281.238037109375
2197.114501953125
2116.16064453125
2036.9761962890625
1958.397705078125
1878.4490966796875
1799.268310546875
1724.9273681640625
1656.94091796875
1594.157958984375
1531.4769287109375
1465.4422607421875
1396.494873046875
1326.549072265625
1265.3236083984375
1198.9833984375
1127.48486328125
1063.3734130859375
1012.9273071289062
974.4924926757812
939.8016967773438
904.6564331054688
869.6572875976562
832.6968994140625
800.8997192382812
768.8245849609375
732.9896850585938
