2079.835693359375
2048.03662109375
2007.8330078125
1995.1888427734375
2090.077880859375
2093.328857421875
2116.098388671875
2160.7099609375
2181.387451171875
2215.04052734375
2275.4228515625
2343.5
2405.99072265625
2466.03125
2518.0048828125
2569.14306640625
2635.8974609375
2732.624755859375
2861.11279296875
3015.253173828125
3188.87255859375
3377.166259765625
3579.0576171875
3798.26513671875
4025.924560546875
4265.52392578125
4520.86279296875
4800.0341796875
5103.47509765625
5430.44775390625
5776.1845703125
6177.8935546875
272.7981262207031
263.5334167480469
236.94119262695312
214.75340270996094
200.929931640625
191.5963897705078
4652.67041015625
5565.0
6203.8681640625
6874.66943359375
7498.18017578125
8070.3603515625
8645.166015625
9176.701171875
9635.8076171875
10066.140625
10446.2529296875
10802.8515625
10717.919921875
10002.4443359375
9543.076171875
9167.7607421875
8833.109375
8520.8408203125
8222.3828125
7933.3564453125
7653.3232421875
7378.43603515625
7108.7294921875
6844.2724609375
6586.14501953125
6334.14306640625
6088.24072265625
5848.59521484375
5691.38916015625
5613.2939453125
5383.5419921875
5158.38037109375
4939.43505859375
4732.8701171875
4536.3154296875
4347.95556640625
4169.04736328125
3998.301025390625
3834.942138671875
3678.709228515625
3529.354248046875
3387.132080078125
3251.414794921875
3122.0703125
2999.101318359375
2881.883056640625
2770.18994140625
2663.94189453125
2563.095458984375
2468.324951171875
2378.704345703125
2293.65283203125
2212.713134765625
2135.05712890625
2060.18603515625
