2064.29541015625
2022.716064453125
2004.8944091796875
2097.2001953125
2105.555419921875
2137.452880859375
2196.65966796875
2245.592529296875
2274.9716796875
2292.74609375
2313.80712890625
2334.958251953125
2360.54931640625
2390.640380859375
2438.84375
2526.334228515625
2652.9912109375
2804.304443359375
2974.91845703125
3159.990478515625
3356.22412109375
3564.200439453125
3780.126708984375
4000.50390625
4223.55615234375
4448.8056640625
4679.4609375
4914.166015625
5154.06591796875
5400.73388671875
5661.603515625
5954.76611328125
232.85736083984375
235.6984405517578
245.66380310058594
251.85421752929688
254.1292724609375
252.91282653808594
5440.08984375
5757.9384765625
6063.44970703125
6443.59375
6853.28466796875
7309.158203125
7796.0537109375
8252.203125
8723.5546875
9231.009765625
9728.46875
10225.7529296875
10564.755859375
10037.4130859375
9636.7509765625
9280.5478515625
8940.919921875
8609.59765625
8282.23046875
7958.9619140625
7640.85595703125
7329.236328125
7024.861328125
6728.3984375
6440.05078125
6160.44091796875
5889.3583984375
5627.22705078125
5457.42529296875
5373.52197265625
5132.9189453125
4903.666015625
4686.298828125
4480.1796875
4284.6591796875
4099.22216796875
3924.986572265625
3759.893798828125
3602.781982421875
3453.253173828125
3311.2236328125
3176.54248046875
3048.802734375
2928.005126953125
2813.32666015625
2704.161376953125
2600.04736328125
2500.521240234375
2405.417236328125
2314.312255859375
2226.701416015625
2142.364013671875
2060.816650390625
1982.9525146484375
1908.5252685546875
