2014.82373046875
2339.241943359375
2176.096923828125
2244.046630859375
2339.669189453125
2311.947998046875
2249.111572265625
2207.199951171875
2191.83740234375
2204.14599609375
2244.03173828125
2308.86474609375
2376.7216796875
2441.298583984375
2502.759765625
2566.350341796875
2632.9541015625
2707.36376953125
2801.546142578125
2919.532470703125
3059.257080078125
3216.6103515625
3386.370361328125
3563.910400390625
3746.755126953125
3934.14501953125
4069.611572265625
4088.216552734375
4116.375
4147.42431640625
4177.39013671875
4205.009765625
136.4955291748047
158.15280151367188
181.0555419921875
191.77066040039062
197.03138732910156
197.64964294433594
4249.76220703125
4338.22216796875
4245.01708984375
4205.13916015625
4178.36962890625
4147.48974609375
4146.19140625
4154.16845703125
4164.904296875
4174.40625
4177.5771484375
4191.6953125
4199.44580078125
4212.02490234375
4203.16015625
4175.47509765625
4133.79296875
4076.568603515625
4009.29833984375
3927.231201171875
3832.010498046875
3726.51953125
3613.384521484375
3494.3310546875
3370.78662109375
3244.85546875
3118.201416015625
2991.86083984375
2866.252197265625
2743.906005859375
2626.374755859375
2514.1767578125
2407.227783203125
2304.872802734375
2206.6787109375
2112.638427734375
2023.268798828125
1938.6759033203125
1858.7025146484375
1783.1614990234375
1711.4996337890625
1643.547607421875
1579.547119140625
1519.4483642578125
1463.0616455078125
1410.1051025390625
1360.2557373046875
1312.6248779296875
1266.4583740234375
1221.852294921875
1178.8682861328125
1138.080078125
1099.7421875
1063.705078125
1029.7890625
