2083.235595703125
2056.442626953125
2035.6168212890625
2022.5855712890625
1999.7852783203125
2020.2615966796875
2046.996337890625
2036.9605712890625
2030.8033447265625
2062.425537109375
2108.12451171875
2157.9091796875
2216.405029296875
2280.32958984375
2340.523681640625
2395.868896484375
2460.885009765625
2551.5361328125
2668.791015625
2813.723876953125
2981.0419921875
3169.224853515625
3376.630859375
3603.06591796875
3850.856201171875
4113.94091796875
4386.955078125
4669.0322265625
4955.3798828125
5245.32861328125
5544.2685546875
5834.693359375
6122.88330078125
286.4870910644531
266.3856201171875
258.11334228515625
256.56402587890625
257.3606262207031
258.1996765136719
5161.76513671875
5288.2041015625
5397.974609375
5459.5478515625
5548.0380859375
5708.46630859375
5809.4306640625
5925.87890625
6240.78759765625
6649.5703125
7134.47119140625
7652.4228515625
8122.498046875
8508.4912109375
8787.109375
8956.794921875
9032.1796875
9027.9501953125
8996.921875
8957.533203125
8922.765625
8876.8876953125
8822.095703125
8782.7060546875
8733.3583984375
8203.837890625
7713.884765625
7279.17041015625
6883.09716796875
6517.29296875
6178.18017578125
5861.91845703125
5567.12890625
5288.8046875
5033.65673828125
4798.2890625
4573.3583984375
4351.494140625
4144.6533203125
3938.47705078125
3748.735107421875
3566.310546875
3391.893798828125
3224.87109375
3070.318115234375
2928.193115234375
2794.53662109375
2668.87353515625
2548.739013671875
2437.6953125
2338.447021484375
2247.962890625
2164.7265625
2090.25
2018.8717041015625
1949.097900390625
1881.4000244140625
1815.1859130859375
