2072.3466796875
2040.20556640625
2006.4365234375
2013.646484375
2059.725341796875
2058.502197265625
2108.413818359375
2134.747802734375
2162.181884765625
2191.50439453125
2227.6591796875
2279.49658203125
2340.75341796875
2411.81396484375
2489.799560546875
2568.193603515625
2651.949462890625
2755.104736328125
2882.69873046875
3033.47412109375
3202.837646484375
3385.685546875
3576.708740234375
3771.291259765625
3967.639892578125
4165.98876953125
4364.46337890625
4561.8525390625
4756.0048828125
4943.62060546875
5123.751953125
5299.775390625
208.1190948486328
186.21836853027344
181.2298583984375
178.932373046875
176.56082153320312
173.65110778808594
4212.96533203125
4536.7568359375
4719.8515625
4929.3134765625
5110.41552734375
5302.47216796875
5531.70654296875
5789.15478515625
6060.5537109375
6347.53076171875
6631.4462890625
6938.24462890625
7223.4599609375
7477.51806640625
7690.8798828125
7863.6435546875
8008.3837890625
8117.05517578125
8182.935546875
7883.53564453125
7384.98486328125
6948.3583984375
6552.86962890625
6194.650390625
5911.08740234375
5660.22412109375
5428.80908203125
5204.4169921875
4983.9013671875
4773.0703125
4568.3310546875
4369.5087890625
4178.50048828125
4003.097412109375
3837.897705078125
3680.84130859375
3531.504638671875
3389.54248046875
3257.279052734375
3135.5166015625
3024.26318359375
2919.323974609375
2819.281005859375
2722.293701171875
2629.766845703125
2542.41259765625
2459.85791015625
2381.953857421875
2308.22412109375
2237.999755859375
2170.960693359375
2107.004638671875
2046.3292236328125
1988.875732421875
1933.7615966796875
