2017.279541015625
1882.828125
1649.807373046875
1571.7752685546875
1478.31787109375
1426.935302734375
1384.240966796875
1360.10986328125
1341.1875
1328.0692138671875
1325.951904296875
1324.8941650390625
1323.65234375
1325.1431884765625
1336.469970703125
1360.360595703125
1398.2279052734375
1449.6328125
1511.9224853515625
1583.612060546875
1664.2222900390625
1743.297607421875
1819.172607421875
1892.03173828125
1961.683349609375
2025.689208984375
2085.30859375
2140.489990234375
2192.471435546875
2249.384521484375
2314.31103515625
2372.651611328125
440.802001953125
455.0038757324219
479.7301330566406
505.6600646972656
533.5733642578125
561.6105346679688
2780.653564453125
2754.69091796875
2736.688232421875
2726.802490234375
2713.621337890625
2695.293212890625
2669.674072265625
2636.874755859375
2598.369384765625
2554.937255859375
2526.099365234375
2507.214111328125
2454.292236328125
2397.3271484375
2337.076171875
2274.24560546875
2209.54248046875
2143.6953125
2077.478759765625
2011.5047607421875
1945.9013671875
1880.6492919921875
1816.5103759765625
1753.6990966796875
1692.1064453125
1632.093994140625
1573.8193359375
1517.300048828125
1461.92138671875
1408.4927978515625
1357.8199462890625
1309.6790771484375
1263.9083251953125
1220.3157958984375
1179.0345458984375
1139.7362060546875
1102.170654296875
1066.2303466796875
1031.8148193359375
998.8392944335938
967.2247314453125
937.05419921875
908.2318725585938
880.6583862304688
854.3203125
829.091064453125
804.9202270507812
781.7970581054688
759.6641845703125
738.453857421875
718.1365966796875
698.717041015625
680.1784057617188
662.4942016601562
645.6094970703125
