2077.265380859375
2048.595458984375
2022.016357421875
2000.2525634765625
2028.7327880859375
2035.8118896484375
2033.3631591796875
2051.637939453125
2091.580810546875
2143.003662109375
2186.066650390625
2223.611083984375
2270.9638671875
2354.486083984375
2489.28125
2666.172607421875
2875.958740234375
3111.164794921875
3366.115234375
3634.173583984375
3916.314208984375
4215.853515625
4533.2431640625
4869.8095703125
5224.4248046875
5598.61572265625
5998.4775390625
6437.5107421875
6919.07568359375
7428.9072265625
8028.0078125
8682.302734375
413.2108459472656
420.71826171875
436.5726623535156
452.18511962890625
466.9273681640625
480.90496826171875
10116.3251953125
10045.2255859375
9602.9814453125
9438.505859375
9551.4453125
9830.998046875
10196.69921875
10600.83203125
11013.5517578125
11431.6494140625
11847.40625
12266.3154296875
12672.8544921875
13056.0517578125
13402.8115234375
13709.48828125
13952.404296875
14135.5986328125
14260.57421875
14335.2880859375
13759.3251953125
13088.6279296875
12479.69140625
11903.6767578125
11351.3056640625
10820.466796875
10309.52734375
9818.1533203125
9346.193359375
8898.5400390625
8477.0703125
8078.09326171875
7697.95458984375
7335.41015625
6989.7900390625
6659.48583984375
6343.935546875
6042.36279296875
5754.1669921875
5480.28857421875
5218.96533203125
4969.79248046875
4732.796875
4508.7158203125
4297.16943359375
4098.0908203125
3910.205322265625
3732.621337890625
3564.6005859375
3407.675048828125
3260.408447265625
3122.1513671875
2992.535888671875
2869.7978515625
