2027.6446533203125
1933.708984375
1674.4547119140625
1620.73583984375
1574.57763671875
1524.81298828125
1481.5308837890625
1451.94921875
1423.3814697265625
1403.9403076171875
1398.4537353515625
1392.40625
1385.4134521484375
1381.2337646484375
1379.886962890625
1381.0821533203125
1386.9937744140625
1399.8212890625
1421.572265625
1451.7874755859375
1488.4967041015625
1529.626220703125
1573.9193115234375
1621.1898193359375
1671.1461181640625
1719.2073974609375
1765.7159423828125
1810.3577880859375
1853.0318603515625
1893.2823486328125
1930.5556640625
1964.2403564453125
261.77734375
266.1674499511719
278.0777282714844
288.7945861816406
298.0283508300781
306.3136901855469
2143.182861328125
2153.848876953125
2149.43896484375
2172.298583984375
2210.447509765625
2249.57861328125
2283.359619140625
2318.966064453125
2346.013427734375
2362.528076171875
2368.727294921875
2366.89208984375
2356.83349609375
2338.448974609375
2312.28955078125
2278.95703125
2239.075439453125
2193.56884765625
2143.389404296875
2089.36767578125
2032.5025634765625
1973.6617431640625
1913.5517578125
1852.7254638671875
1791.6328125
1730.7281494140625
1670.3778076171875
1610.887939453125
1552.3306884765625
1494.98388671875
1439.3863525390625
1385.730712890625
1333.9857177734375
1284.443115234375
1237.0223388671875
1191.57763671875
1148.1102294921875
1106.584716796875
1066.8880615234375
1028.9273681640625
992.6368408203125
957.7483520507812
924.0947265625
891.8994750976562
861.2399291992188
831.9566040039062
803.9801635742188
777.2684326171875
751.7005615234375
727.1909790039062
703.697265625
681.1740112304688
659.5677490234375
638.8240966796875
