2041.5582275390625
1886.447509765625
1420.2884521484375
1316.265380859375
1229.9364013671875
1166.5079345703125
1128.9444580078125
1104.6864013671875
1078.6494140625
1055.5106201171875
1034.4896240234375
1014.7520141601562
992.5177001953125
969.6158447265625
951.9865112304688
936.4984741210938
919.9088745117188
901.702880859375
885.6860961914062
875.6439208984375
866.606201171875
858.1618041992188
852.2714233398438
847.8472900390625
843.7568969726562
843.1787109375
843.8172607421875
845.0732421875
847.1405029296875
850.4292602539062
857.9774169921875
891.617431640625
114.64539337158203
117.08757781982422
118.42198181152344
119.26435089111328
119.85401153564453
120.29535675048828
827.0961303710938
998.6513061523438
1041.9482421875
1059.750732421875
1073.6483154296875
1086.94580078125
1099.447265625
1112.4197998046875
1126.24365234375
1139.5618896484375
1151.947265625
1163.1630859375
1172.7392578125
1180.04443359375
1184.761474609375
1187.4210205078125
1188.23974609375
1187.46044921875
1185.721435546875
1182.96826171875
1179.2744140625
1174.549072265625
1168.14013671875
1159.984375
1150.06787109375
1138.569091796875
1125.984619140625
1112.5657958984375
1098.451171875
1083.092529296875
1066.710693359375
1049.6444091796875
1032.02587890625
1013.7567138671875
995.0337524414062
976.3124389648438
958.0242919921875
940.5802612304688
923.763916015625
907.139892578125
890.6482543945312
874.251220703125
857.9847412109375
841.9005737304688
826.0142822265625
810.30908203125
794.7777709960938
779.5026245117188
764.6202392578125
750.2446899414062
736.3721313476562
722.95166015625
709.9127807617188
697.1683959960938
