2068.263671875
2035.3905029296875
1994.8470458984375
2089.474609375
2149.150390625
2209.456787109375
2211.7451171875
2200.49853515625
2212.60693359375
2246.341064453125
2282.503662109375
2308.933837890625
2324.7236328125
2342.866943359375
2366.223876953125
2391.524658203125
2420.855712890625
2455.336181640625
2511.67724609375
2607.70068359375
2735.2255859375
2881.56689453125
3036.899169921875
3197.20458984375
3361.35302734375
3530.523193359375
3716.857177734375
3926.727294921875
4155.81787109375
4394.666015625
4635.82275390625
4875.484375
172.76502990722656
165.65365600585938
173.70082092285156
183.5248260498047
191.2910919189453
196.27650451660156
4793.501953125
5175.041015625
5295.55029296875
5272.03271484375
5289.00341796875
5416.7646484375
5650.64697265625
5965.2626953125
6311.9638671875
6666.587890625
7015.2451171875
7355.7744140625
7674.1494140625
7539.27783203125
7437.880859375
7347.181640625
7248.517578125
7140.48193359375
7023.75
6899.25390625
6767.7412109375
6628.9755859375
6476.453125
6310.470703125
6136.61083984375
5957.61767578125
5770.69873046875
5574.9736328125
5374.48828125
5173.12890625
4971.91015625
4769.7919921875
4572.68310546875
4380.02685546875
4189.2294921875
4002.79736328125
3824.065185546875
3653.585693359375
3491.43017578125
3337.226806640625
3190.176025390625
3056.657470703125
2936.267822265625
2819.25244140625
2698.973388671875
2583.93896484375
2474.46875
2368.459716796875
2270.205078125
2177.654541015625
2091.12646484375
2010.71728515625
1936.202880859375
1866.725341796875
1803.5975341796875
