2041.4537353515625
1882.4105224609375
1417.2584228515625
1313.86083984375
1228.3470458984375
1165.3939208984375
1128.4674072265625
1104.3729248046875
1080.4610595703125
1056.887939453125
1035.41015625
1015.1902465820312
992.6237182617188
969.6607055664062
952.111572265625
936.5202026367188
919.7763671875
901.5303344726562
884.9000854492188
873.0855102539062
864.8404541015625
857.0481567382812
851.6629028320312
847.7145385742188
844.1829223632812
844.5091552734375
845.0750122070312
846.2084350585938
848.3370971679688
852.2531127929688
860.4906005859375
901.6556396484375
114.4911880493164
116.98558807373047
118.32561492919922
119.17766571044922
119.78221893310547
121.28158569335938
834.2764892578125
1006.7460327148438
1049.369873046875
1066.695068359375
1079.7142333984375
1091.9290771484375
1103.1829833984375
1115.6170654296875
1128.8902587890625
1141.9207763671875
1154.289306640625
1165.438720703125
1175.0438232421875
1182.29736328125
1187.0037841796875
1189.7203369140625
1190.712890625
1190.1591796875
1188.6025390625
1185.8858642578125
1182.1446533203125
1177.1541748046875
1170.298095703125
1161.5621337890625
1151.0167236328125
1138.9915771484375
1126.046142578125
1112.3955078125
1097.96142578125
1082.3031005859375
1074.2120361328125
1065.88134765625
1048.56201171875
1030.72705078125
1021.603271484375
1012.319580078125
993.4677734375
983.9559936523438
974.5441284179688
956.3181762695312
938.914794921875
921.9729614257812
905.2012329101562
888.567138671875
872.0335693359375
855.6470336914062
839.4265747070312
823.3811645507812
807.5504760742188
791.9954223632812
776.7665405273438
762.0092163085938
747.7738647460938
734.024658203125
720.6847534179688
707.6849365234375
694.9656982421875
