2060.0986328125
2014.9444580078125
2034.6009521484375
2091.86962890625
2062.169677734375
2044.5523681640625
2034.7381591796875
2029.977783203125
2039.0135498046875
2052.47412109375
2064.884033203125
2072.700927734375
2090.313720703125
2129.0927734375
2167.2783203125
2201.5478515625
2239.241943359375
2282.363037109375
2345.48974609375
2431.63525390625
2541.346435546875
2676.864501953125
2834.14208984375
3006.8212890625
3192.64892578125
3390.591796875
3594.182861328125
3801.668701171875
4013.512451171875
4238.3203125
4472.93310546875
4723.5546875
124.40895080566406
136.60694885253906
155.36447143554688
167.10755920410156
172.73138427734375
174.01171875
3857.23779296875
3952.071533203125
4144.02197265625
4436.0732421875
4816.134765625
5066.04833984375
5006.85498046875
4943.58154296875
4870.2021484375
4781.22705078125
4677.041015625
4559.90966796875
4459.5810546875
4362.86572265625
4254.70947265625
4133.263671875
4001.323486328125
3933.46044921875
3863.285888671875
3719.44287109375
3573.455078125
3426.215087890625
3282.00927734375
3140.539794921875
3002.008056640625
2868.560302734375
2738.789306640625
2614.191650390625
2495.8857421875
2384.61279296875
2281.622314453125
2180.443115234375
2081.097412109375
1985.947509765625
1896.4365234375
1813.46337890625
1736.2940673828125
1662.631103515625
1591.5032958984375
1523.615478515625
1460.988037109375
1397.2705078125
1327.600341796875
1253.08935546875
1185.7354736328125
1128.3240966796875
1067.976318359375
1006.7557983398438
963.353271484375
924.97021484375
889.533935546875
855.4259033203125
822.1634521484375
789.83837890625
758.3011474609375
