2049.9013671875
2016.5604248046875
2008.281982421875
2075.370849609375
2057.818603515625
2045.9720458984375
2036.6429443359375
2031.8743896484375
2029.4117431640625
2034.3779296875
2068.609619140625
2081.396484375
2085.08740234375
2102.759033203125
2152.80322265625
2210.296875
2276.437255859375
2381.37646484375
2531.763427734375
2720.166748046875
2932.913818359375
3163.231689453125
3409.25048828125
3672.255859375
3963.171142578125
4283.4912109375
4628.40771484375
4988.3671875
5353.365234375
5727.91015625
6113.150390625
6508.01171875
270.6204833984375
297.791015625
327.70684814453125
349.7103271484375
366.2274475097656
380.79119873046875
8149.71875
8868.076171875
9352.29296875
9833.916015625
10346.69921875
10912.0185546875
11495.181640625
12083.841796875
12674.5126953125
12625.5556640625
12467.3115234375
12304.4609375
12125.9052734375
11928.08203125
11709.7255859375
11471.48046875
11214.517578125
10940.6318359375
10651.50390625
10349.7216796875
10037.0400390625
9719.66796875
9400.517578125
9081.8896484375
8765.494140625
8452.8505859375
8145.13671875
7844.162109375
7552.7333984375
7272.38671875
7001.8505859375
6742.171875
6493.06494140625
6253.9560546875
6024.93701171875
5804.47705078125
5592.95849609375
5390.18994140625
5195.94482421875
5009.82763671875
4831.37841796875
4658.2919921875
4490.9169921875
4331.6171875
4179.93603515625
4035.111328125
3896.56201171875
3763.988525390625
3637.096435546875
3515.089599609375
3397.385986328125
3284.4091796875
3176.0615234375
3072.486572265625
