2048.360107421875
2011.1007080078125
2072.25048828125
2045.018310546875
2088.553466796875
2126.22119140625
2165.116455078125
2185.277587890625
2218.63623046875
2228.296630859375
2223.60302734375
2239.089599609375
2260.307373046875
2283.7294921875
2312.14501953125
2344.395751953125
2381.671630859375
2420.3212890625
2462.82958984375
2507.05224609375
2559.086669921875
2628.253173828125
2724.189697265625
2842.46337890625
2970.6533203125
3100.987548828125
3236.23681640625
3374.287841796875
3510.9716796875
3647.635986328125
3780.9296875
3912.245361328125
164.2543182373047
139.53875732421875
131.24574279785156
124.80208587646484
120.88367462158203
118.38555145263672
2357.8857421875
2558.118408203125
2857.185791015625
3346.53466796875
3566.657470703125
3768.700439453125
4149.970703125
4533.34521484375
4927.5654296875
5385.16845703125
5855.08349609375
6314.796875
6758.21337890625
7153.10498046875
7552.478515625
7032.1083984375
6629.46142578125
6265.8193359375
5945.947265625
5654.63720703125
5381.755859375
5119.08203125
4872.44140625
4636.08154296875
4414.85498046875
4202.10546875
3993.00634765625
3798.512451171875
3617.0107421875
3441.89794921875
3277.814697265625
3123.7880859375
2991.867919921875
2850.006591796875
2693.807861328125
2552.70458984375
2391.646240234375
2219.229248046875
2106.052001953125
2022.5887451171875
1934.5238037109375
1836.4761962890625
1746.367919921875
1662.1500244140625
1607.66796875
1550.217529296875
1518.14501953125
1493.7169189453125
1470.9256591796875
1446.829345703125
1421.7662353515625
1395.904052734375
1369.609130859375
1343.0540771484375
1317.0313720703125
1291.343017578125
