2081.7021484375
2804.69921875
2981.40673828125
2621.678955078125
2412.053466796875
2332.990966796875
2307.98388671875
2301.8857421875
2303.386962890625
2297.968994140625
2293.817626953125
2304.3974609375
2324.376953125
2347.947265625
2328.939697265625
2299.264892578125
2290.496337890625
2305.154296875
2340.04443359375
2390.8017578125
2451.23583984375
2520.732177734375
2596.585205078125
2673.718017578125
2750.955078125
2827.733154296875
2902.3955078125
2973.17431640625
3044.382568359375
3107.021728515625
3158.3837890625
3198.90185546875
146.2001190185547
118.58924865722656
117.72462463378906
120.68367767333984
145.36474609375
183.06045532226562
4101.68603515625
3443.90869140625
3156.965087890625
3021.143310546875
2972.55322265625
2951.38427734375
2919.15283203125
2896.568115234375
2870.1806640625
2839.26953125
2809.220458984375
2775.937255859375
2729.8837890625
2668.37060546875
2592.420166015625
2504.36181640625
2409.05615234375
2309.0712890625
2207.620361328125
2107.5498046875
2010.5875244140625
1917.895751953125
1829.876708984375
1744.7052001953125
1661.605224609375
1581.9737548828125
1506.91162109375
1434.396728515625
1363.45947265625
1295.7274169921875
1232.93017578125
1175.0902099609375
1120.8280029296875
1068.352294921875
1016.1554565429688
965.7609252929688
918.6409912109375
875.3099365234375
834.8219604492188
796.1814575195312
761.5462646484375
733.9502563476562
707.7061157226562
680.8703002929688
653.5449829101562
626.5382690429688
600.2284545898438
574.5886840820312
549.4515380859375
524.6685180664062
500.375
477.0495300292969
454.8603820800781
433.7327880859375
413.6006164550781
