1881.1363525390625
1490.325439453125
1200.857666015625
1013.668212890625
947.5325317382812
924.6015625
895.50537109375
866.0014038085938
837.2265014648438
809.1491088867188
781.8389892578125
755.630859375
731.123291015625
708.0416870117188
685.56005859375
663.3989868164062
641.9166870117188
621.0773315429688
600.32763671875
585.9790649414062
579.9185180664062
571.9295654296875
560.4815063476562
546.5655517578125
530.6635131835938
513.1324462890625
494.764892578125
476.4828796386719
458.77642822265625
441.7193908691406
425.8299255371094
422.1339111328125
126.34879302978516
128.25692749023438
129.30960083007812
130.01287841796875
130.51629638671875
130.88438415527344
460.6975402832031
395.3846130371094
416.08660888671875
427.3443908691406
443.9158935546875
448.45458984375
443.4784240722656
432.7648620605469
420.2380065917969
407.7881774902344
396.3640441894531
386.6793518066406
379.17498779296875
372.9530944824219
367.5120849609375
362.9462890625
359.37615966796875
356.1373596191406
353.4232482910156
351.54046630859375
357.775146484375
367.4047546386719
376.73358154296875
385.3553466796875
393.5511779785156
401.076904296875
408.7083740234375
417.6989440917969
427.6991271972656
438.5517578125
450.3454895019531
463.1225891113281
478.1719970703125
494.9772033691406
514.5064697265625
536.22607421875
558.54833984375
580.3085327148438
601.759765625
623.719970703125
646.49267578125
668.99853515625
690.61474609375
711.6564331054688
731.64013671875
749.9454956054688
766.3184204101562
780.5946655273438
792.8092041015625
802.8898315429688
810.9050903320312
817.0086669921875
821.4524536132812
824.4041137695312
