9.40052604675293
12.599348068237305
9.553638458251953
8.012494087219238
7.566226959228516
7.491194725036621
7.552262306213379
7.6480255126953125
7.711503982543945
7.701137542724609
7.648830413818359
7.596465587615967
7.55227518081665
7.523901462554932
7.472408294677734
7.419589996337891
7.393308162689209
7.397655010223389
7.431839466094971
7.492908000946045
7.573512554168701
7.672558307647705
7.788517951965332
7.920069694519043
8.062826156616211
8.210535049438477
8.338578224182129
8.466919898986816
8.617206573486328
8.800243377685547
9.02466106414795
9.300861358642578
0.6566436886787415
0.6601962447166443
0.6985175013542175
0.7366934418678284
0.7621088027954102
0.7891422510147095
12.424763679504395
12.26778507232666
12.516997337341309
12.950987815856934
13.479870796203613
14.103384017944336
14.84090805053711
15.625572204589844
16.44004249572754
17.281824111938477
18.132658004760742
18.982749938964844
19.80838966369629
20.607385635375977
21.420167922973633
22.228046417236328
23.01403045654297
23.769153594970703
24.48073387145996
25.188461303710938
25.850820541381836
26.449249267578125
26.995006561279297
27.508243560791016
28.0067138671875
28.461498260498047
28.860546112060547
29.200927734375
29.359785079956055
29.496923446655273
29.71923828125
29.90618896484375
30.054662704467773
30.166303634643555
30.242063522338867
30.28173065185547
30.287416458129883
30.265073776245117
30.241952896118164
30.229204177856445
30.178415298461914
30.134965896606445
30.096773147583008
30.066158294677734
30.039155960083008
30.014604568481445
29.994064331054688
29.978281021118164
29.96604347229004
29.954927444458008
29.94248390197754
29.927995681762695
29.90899658203125
29.885147094726562
29.8554744720459
29.821720123291016
