0.1596423089504242
0.17673704028129578
0.20177535712718964
0.20712114870548248
0.20838692784309387
0.2091333121061325
0.20985539257526398
0.21053996682167053
0.2111864984035492
0.21179620921611786
0.2126142978668213
0.21338896453380585
0.21404385566711426
0.21486592292785645
0.215443417429924
0.21593810617923737
0.21657778322696686
0.21759887039661407
0.21857602894306183
0.2194679230451584
0.22029125690460205
0.22115448117256165
0.22204092144966125
0.22295255959033966
0.22398965060710907
0.22526979446411133
0.2267850637435913
0.22862713038921356
0.2309255450963974
0.23352177441120148
0.23642857372760773
0.23952260613441467
0.010895563289523125
0.010700640268623829
0.010731508955359459
0.010736698284745216
0.010718346573412418
0.01070290245115757
0.2175186425447464
0.23227235674858093
0.2397252917289734
0.2465101182460785
0.25345999002456665
0.2605650722980499
0.267711877822876
0.27487391233444214
0.28607192635536194
0.2996841371059418
0.3143536150455475
0.3302432894706726
0.34669262170791626
0.3642609417438507
0.380537211894989
0.37378305196762085
0.36690542101860046
0.36017781496047974
0.35345372557640076
0.34668079018592834
0.3398265540599823
0.3329789936542511
0.3261381983757019
0.3192512094974518
0.3123025894165039
0.3052927553653717
0.29835352301597595
0.2911025881767273
0.2833651304244995
0.27580639719963074
0.2683452367782593
0.26093950867652893
0.253595769405365
0.2466689944267273
0.24005667865276337
0.23353855311870575
0.2270340472459793
0.22045943140983582
0.21387746930122375
0.20740579068660736
0.20106209814548492
0.19484561681747437
0.18863794207572937
0.1824062019586563
0.17647553980350494
0.1708173304796219
0.16533933579921722
0.16001445055007935
0.15518248081207275
0.1505795121192932
0.1465219259262085
0.14399881660938263
0.14422903954982758
0.1467476487159729
