0.0076478999108076096
0.008501923643052578
0.009486163035035133
0.01052557211369276
0.011026810854673386
0.011154523119330406
0.011217283084988594
0.0112745501101017
0.011352603323757648
0.011461745016276836
0.011600828729569912
0.011735685169696808
0.011874704621732235
0.012011663056910038
0.012142988853156567
0.012275278568267822
0.012420082464814186
0.012590396218001842
0.012798421084880829
0.013047470711171627
0.013331993483006954
0.013644733466207981
0.01397269032895565
0.014293793588876724
0.01458512619137764
0.014887037687003613
0.015197955071926117
0.01552510540932417
0.015858134254813194
0.016197727993130684
0.016544178128242493
0.016901910305023193
0.000906130881048739
0.0008767126128077507
0.0008699854370206594
0.0008729285909794271
0.000879452214576304
0.0008862612885423005
0.0008923361310735345
0.016248254105448723
0.01686987467110157
0.01711236871778965
0.017298202961683273
0.01752791553735733
0.017832662910223007
0.018215186893939972
0.018651457503437996
0.01910926029086113
0.019614839926362038
0.02014946937561035
0.020708855241537094
0.021292513236403465
0.021860353648662567
0.022410567849874496
0.022941337898373604
0.023467643186450005
0.023972101509571075
0.023884881287813187
0.023227732628583908
0.022610118612647057
0.022014841437339783
0.021433288231492043
0.020863687619566917
0.020306114107370377
0.01975836791098118
0.019221551716327667
0.018697386607527733
0.018187265843153
0.017691928893327713
0.017210349440574646
0.01674134097993374
0.01628504879772663
0.015840744599699974
0.015408837236464024
0.014987485483288765
0.014576205052435398
0.0141751104965806
0.013784541748464108
0.013404900208115578
0.013035962358117104
0.012681392021477222
0.012342591769993305
0.012018545530736446
0.011707788333296776
0.011408735066652298
0.011120199225842953
0.01084183156490326
0.010573204606771469
0.01031369436532259
0.0100627476349473
0.009820044040679932
0.009585598483681679
0.00935927964746952
