0.17234888672828674
0.1806672364473343
0.1777077317237854
0.18784090876579285
0.1972748339176178
0.20623177289962769
0.2148001343011856
0.2234443724155426
0.232110396027565
0.24023357033729553
0.24343711137771606
0.24522452056407928
0.24690395593643188
0.2488691210746765
0.25059428811073303
0.2521512806415558
0.2535206079483032
0.2547590434551239
0.2558997571468353
0.2569461762905121
0.25797709822654724
0.258991003036499
0.2597411870956421
0.2607547640800476
0.2622299790382385
0.2636287808418274
0.26513758301734924
0.26692476868629456
0.2692522406578064
0.2716445028781891
0.27415648102760315
0.2781417667865753
0.024492008611559868
0.024450724944472313
0.024486711248755455
0.02448703907430172
0.024420948699116707
0.024316541850566864
0.02419831044971943
0.25102153420448303
0.26747918128967285
0.28016549348831177
0.29222404956817627
0.3041401505470276
0.31600841879844666
0.32723498344421387
0.3374001085758209
0.3469930589199066
0.3558764159679413
0.3631284832954407
0.3937526047229767
0.46921736001968384
0.6015334129333496
0.8246577978134155
1.196409821510315
20.59671974182129
49.011348724365234
71.40190887451172
88.77053833007812
104.18034362792969
118.60620880126953
132.65142822265625
145.67449951171875
159.23605346679688
173.85226440429688
189.63330078125
207.48992919921875
229.00204467773438
257.249267578125
288.2533264160156
311.2911071777344
332.56146240234375
355.6476745605469
381.28729248046875
398.6583557128906
401.4899597167969
403.6340026855469
404.14630126953125
402.89874267578125
401.5443420410156
400.276611328125
419.3404541015625
447.30438232421875
455.5382385253906
458.5033874511719
459.426513671875
459.5363464355469
459.2574768066406
458.697265625
457.9513244628906
457.0688171386719
456.0782165527344
455.09228515625
