0.007719972636550665
0.008632097393274307
0.009758050553500652
0.010828139260411263
0.011116314679384232
0.011217676103115082
0.011289965361356735
0.011367577128112316
0.011483049020171165
0.011604036204516888
0.011735226027667522
0.011868523433804512
0.011974846944212914
0.012078779749572277
0.012191330082714558
0.012332051992416382
0.012496224604547024
0.01269113551825285
0.012924952432513237
0.013194048777222633
0.013495074585080147
0.013821291737258434
0.01415629405528307
0.014459572732448578
0.014757368713617325
0.01506652869284153
0.015383735299110413
0.01570385880768299
0.01602710410952568
0.016352606937289238
0.016680780798196793
0.01701325550675392
0.0009155365987680852
0.0008714639116078615
0.0008659184095449746
0.0008690398535691202
0.0008738319738768041
0.0008783523226156831
0.016114510595798492
0.016794854775071144
0.017081623896956444
0.01732611283659935
0.01762765273451805
0.018003562465310097
0.01843556948006153
0.01890467293560505
0.019382501021027565
0.019868887960910797
0.020376155152916908
0.02090275287628174
0.021450016647577286
0.02197505533695221
0.022424980998039246
0.022855209186673164
0.023252522572875023
0.02362777851521969
0.02304357849061489
0.02244478277862072
0.021873027086257935
0.02131653018295765
0.020770778879523277
0.02023586444556713
0.019709818065166473
0.019194159656763077
0.018689507618546486
0.018196377903223038
0.017918946221470833
0.017713317647576332
0.017246533185243607
0.01679272949695587
0.016352681443095207
0.015927229076623917
0.015516375191509724
0.015117653645575047
0.014730207622051239
0.014353746548295021
0.013987762853503227
0.013630443252623081
0.013280428946018219
0.012936839833855629
0.012600133195519447
0.012270918115973473
0.011953061446547508
0.01164826937019825
0.011356111615896225
0.011075559072196484
0.010805800557136536
0.010546290315687656
0.010296479798853397
0.01005578227341175
0.009823684580624104
0.009599550627171993
0.00938310008496046
