0.03793637081980705
0.04004235193133354
0.04350313916802406
0.04712284356355667
0.050128430128097534
0.05222627893090248
0.052655693143606186
0.05277734994888306
0.05287022516131401
0.053058162331581116
0.053342800587415695
0.053581465035676956
0.05385855585336685
0.05407026410102844
0.05428614839911461
0.05451084300875664
0.05474052205681801
0.05494074895977974
0.05513496696949005
0.055347055196762085
0.05558955669403076
0.05584022402763367
0.056105807423591614
0.056381579488515854
0.05672154575586319
0.057154931128025055
0.05766322463750839
0.05824994295835495
0.058901894837617874
0.059605054557323456
0.06035839021205902
0.061159148812294006
0.0034745060838758945
0.0032423732336610556
0.0031394134275615215
0.003081598551943898
0.003045963356271386
0.003021959913894534
0.05600916966795921
0.059383027255535126
0.06119757518172264
0.06257157772779465
0.06386366486549377
0.06517678499221802
0.06651324033737183
0.06786887347698212
0.06921825557947159
0.07055329531431198
0.07188256829977036
0.07321462035179138
0.0745469257235527
0.07587824016809464
0.07721637189388275
0.0785730853676796
0.07999806106090546
0.08131332695484161
0.08257132023572922
0.083844393491745
0.08516611903905869
0.08649661391973495
0.08782491832971573
0.0891936644911766
0.09056705981492996
0.09167488664388657
0.09270039945840836
0.09364531189203262
0.09451056271791458
0.09534060955047607
0.09616231173276901
0.09715503454208374
0.09804660081863403
0.09868592023849487
0.09922295808792114
0.099753238260746
0.10032885521650314
0.10090312361717224
0.10151529312133789
0.10218050330877304
0.10300508886575699
0.10382650047540665
0.10474692285060883
0.10554352402687073
0.10276466608047485
0.09948060661554337
0.09632717072963715
0.09321463853120804
0.09019646793603897
0.08734700828790665
0.08463496714830399
0.08202724903821945
0.07952217012643814
0.0772566869854927
