0.008268655277788639
0.008667550049722195
0.008347412571310997
0.008069084025919437
0.00788488332182169
0.00775190582498908
0.007646952290087938
0.007568737026304007
0.007503751199692488
0.0074434466660022736
0.007386872544884682
0.007332863751798868
0.007278987672179937
0.007225946057587862
0.00717479782178998
0.007126674987375736
0.007079810369759798
0.007034660317003727
0.006992275360971689
0.006953210104256868
0.00691774720326066
0.006884971633553505
0.006853306200355291
0.0068215481005609035
0.006788727827370167
0.0067540062591433525
0.006715979427099228
0.0066740126349031925
0.006630492862313986
0.006586236413568258
0.0065408991649746895
0.006493456196039915
0.000811198668088764
0.0007971614832058549
0.0008080910192802548
0.0008180296281352639
0.0008260695612989366
0.0008332421421073377
0.006649052258580923
0.0065684192813932896
0.0064201136119663715
0.006315290462225676
0.006233651656657457
0.006163279991596937
0.006097449921071529
0.006032058969140053
0.005962586961686611
0.005888880230486393
0.00580916553735733
0.005724376533180475
0.005640522576868534
0.00555436871945858
0.005465826950967312
0.005373353138566017
0.005278308875858784
0.005181169603019953
0.005081858951598406
0.004980834666639566
0.00487883435562253
0.004776511341333389
0.004674622789025307
0.004573792684823275
0.004474129527807236
0.004375135526061058
0.004276461899280548
0.0041783335618674755
0.0040809051133692265
0.003984206356108189
0.0038885530084371567
0.003794197691604495
0.003701263340190053
0.0036101180594414473
0.003521092003211379
0.003434454556554556
0.003350206185132265
0.0032683119643479586
0.003188574220985174
0.0031108271796256304
0.0030350249726325274
0.00296123418956995
0.0028894394636154175
0.0028196386992931366
0.002751978812739253
0.002686362247914076
0.002622721716761589
0.0025610949378460646
0.0025013803970068693
0.0024434158112853765
0.0023871136363595724
0.0023324736393988132
0.00227936077862978
0.00222781952470541
