9.859253883361816
12.80160903930664
9.928292274475098
8.303274154663086
7.744474411010742
7.506610870361328
7.386947154998779
7.289687633514404
7.190211296081543
7.109220027923584
7.05000638961792
7.006622791290283
6.974698066711426
6.910820007324219
6.839832305908203
6.79040002822876
6.766870498657227
6.768505096435547
6.794780254364014
6.843945026397705
6.914151191711426
7.002564430236816
7.105323314666748
7.2141499519348145
7.292391777038574
7.367331027984619
7.4492573738098145
7.541856288909912
7.65517520904541
7.7960920333862305
7.9697160720825195
8.184247970581055
0.5274621844291687
0.46092090010643005
0.44721519947052
0.45784398913383484
0.4707261919975281
0.4835607707500458
9.714496612548828
10.558449745178223
11.031553268432617
11.530223846435547
12.065837860107422
12.646441459655762
13.252604484558105
13.992639541625977
14.850602149963379
15.78811264038086
16.771289825439453
17.763601303100586
18.752967834472656
19.754070281982422
20.76902961730957
21.801652908325195
22.89602279663086
24.013473510742188
25.157896041870117
26.348663330078125
27.438711166381836
28.45256996154785
29.39667320251465
30.27549934387207
31.152877807617188
31.997905731201172
32.79574203491211
33.53144836425781
34.20072555541992
34.81025314331055
35.36138153076172
35.85780334472656
36.31487274169922
36.739402770996094
37.13453674316406
37.493892669677734
37.80443572998047
38.05818557739258
38.25136184692383
38.38916778564453
38.531280517578125
38.60936737060547
38.643611907958984
38.64488220214844
38.619964599609375
38.57863998413086
38.52815246582031
38.474456787109375
38.42115020751953
38.369537353515625
38.32052230834961
38.27469253540039
38.23451614379883
38.20280456542969
