3.9581940174102783
4.614346504211426
5.914369583129883
7.2069525718688965
8.2042236328125
7.630825042724609
6.970337867736816
6.710958957672119
6.739080429077148
6.942568302154541
7.258462429046631
7.594709396362305
7.993577480316162
8.445130348205566
8.953781127929688
9.489764213562012
9.67296028137207
9.832145690917969
9.892471313476562
9.87175464630127
9.87790584564209
9.936904907226562
10.03189754486084
10.185209274291992
10.37639045715332
10.584694862365723
10.807921409606934
11.04031753540039
11.295214653015137
11.55943489074707
11.836240768432617
12.132172584533691
0.20998355746269226
0.16354984045028687
0.1672203689813614
0.17118239402770996
0.1747969537973404
0.17901471257209778
12.553547859191895
14.071882247924805
14.577845573425293
14.968348503112793
15.3735990524292
15.829419136047363
16.3787899017334
16.965713500976562
17.591655731201172
18.341882705688477
19.089576721191406
19.83592987060547
20.59036636352539
21.358972549438477
22.143404006958008
22.94328498840332
23.76150131225586
24.599533081054688
25.46791648864746
26.357458114624023
27.26590919494629
28.18423080444336
29.102764129638672
30.00773048400879
30.887243270874023
31.749624252319336
32.59711456298828
33.41547393798828
34.20077133178711
34.9557991027832
35.685997009277344
36.49190139770508
37.25918197631836
37.97258377075195
38.62500762939453
39.21577072143555
39.7406120300293
40.20227813720703
40.60710525512695
40.96509552001953
41.28349685668945
41.57170486450195
41.83597946166992
42.07927322387695
42.31245422363281
42.53493118286133
42.745426177978516
42.944366455078125
43.13549041748047
43.31840896606445
43.50450134277344
43.68977737426758
43.881874084472656
44.08177947998047
