0.03790692985057831
0.04008810594677925
0.043719448149204254
0.04757839813828468
0.05082981660962105
0.05229244381189346
0.05266483500599861
0.05286248400807381
0.053031012415885925
0.05337793007493019
0.05365711823105812
0.05393219366669655
0.05425228551030159
0.05453610047698021
0.054850541055202484
0.05518440157175064
0.05551537498831749
0.055855460464954376
0.05620309337973595
0.05657535418868065
0.05697163566946983
0.05749019980430603
0.058143697679042816
0.058895960450172424
0.05971098318696022
0.060559146106243134
0.06142478808760643
0.06229463964700699
0.06316100060939789
0.06401874125003815
0.0648839995265007
0.06572842597961426
0.0038782788906246424
0.0036754338070750237
0.0035855211317539215
0.0035363275092095137
0.0035055584739893675
0.0034837289713323116
0.060423344373703
0.06322657316923141
0.06486999988555908
0.06615114957094193
0.06738389283418655
0.06865263730287552
0.06997187435626984
0.0713341161608696
0.07273363322019577
0.07416167855262756
0.07560546696186066
0.07710547745227814
0.07867872714996338
0.08015257120132446
0.08160638064146042
0.08304184675216675
0.08449848741292953
0.08603382855653763
0.087677001953125
0.0893619954586029
0.09097857028245926
0.0924319326877594
0.09354868531227112
0.09456200152635574
0.09571921080350876
0.09660555422306061
0.0978957861661911
0.09951230138540268
0.1013721227645874
0.10264584422111511
0.10356321930885315
0.10453732311725616
0.10550333559513092
0.10648686438798904
0.10752725601196289
0.10625260323286057
0.10525860637426376
0.10535641014575958
0.10607247054576874
0.1141074150800705
0.1487414836883545
0.20094791054725647
0.2669285535812378
0.341437429189682
0.4250406324863434
0.5171606540679932
0.6179574131965637
0.7145659327507019
3.6251161098480225
18.73581886291504
26.4956111907959
31.113927841186523
33.68144226074219
35.25642013549805
