19.17054557800293
18.639583587646484
16.679115295410156
14.388065338134766
12.752193450927734
11.670523643493652
10.932472229003906
10.404717445373535
10.016419410705566
9.735044479370117
9.529134750366211
9.374018669128418
9.234922409057617
9.110546112060547
9.003142356872559
8.917966842651367
8.856169700622559
8.81910514831543
8.806748390197754
8.822354316711426
8.887857437133789
9.003037452697754
9.15896987915039
9.352081298828125
9.579259872436523
9.837241172790527
10.122875213623047
10.432849884033203
10.769235610961914
11.133386611938477
11.52144718170166
11.930035591125488
2.2702114582061768
1.8630362749099731
1.724568486213684
1.699562907218933
1.7138986587524414
1.7491614818572998
15.633441925048828
16.312868118286133
16.459714889526367
16.923067092895508
17.541706085205078
18.261669158935547
19.0164852142334
19.766075134277344
20.515043258666992
21.29553985595703
22.06978416442871
22.817853927612305
23.53769874572754
24.22207260131836
24.86680030822754
25.522953033447266
26.129003524780273
26.648588180541992
27.100229263305664
27.477649688720703
27.776966094970703
28.007312774658203
28.176368713378906
28.295516967773438
28.37348175048828
28.415882110595703
28.4311580657959
28.42654800415039
28.406024932861328
28.37291145324707
28.330747604370117
28.282638549804688
28.228025436401367
28.169330596923828
28.109437942504883
28.04918098449707
27.988584518432617
27.93511962890625
27.884119033813477
27.837373733520508
27.79840850830078
27.76952362060547
27.747825622558594
27.738140106201172
27.739824295043945
27.742816925048828
27.74526023864746
27.74827003479004
27.75571060180664
27.766080856323242
27.779460906982422
27.7956600189209
27.81402015686035
27.834491729736328
