3.900588035583496
4.561459541320801
5.8725056648254395
7.141788959503174
8.088458061218262
8.053133010864258
7.3213210105896
6.937981128692627
6.878592491149902
7.036975383758545
7.335147380828857
7.748509883880615
8.261731147766113
8.878419876098633
9.61178970336914
10.328259468078613
10.617372512817383
10.878113746643066
11.126761436462402
11.251482009887695
11.356618881225586
11.489982604980469
11.689424514770508
11.958484649658203
12.291028022766113
12.692355155944824
13.164220809936523
13.70084285736084
14.307999610900879
14.971925735473633
15.6889009475708
16.457477569580078
0.4095006287097931
0.3751174509525299
0.3820261061191559
0.39227956533432007
0.40383023023605347
0.41629165410995483
20.367691040039062
21.676025390625
22.336708068847656
23.047788619995117
23.868852615356445
24.816024780273438
25.871604919433594
26.930727005004883
27.974763870239258
29.023820877075195
30.08004379272461
31.13680648803711
32.19429397583008
33.2512092590332
34.3038330078125
35.351806640625
36.401363372802734
37.46210479736328
38.529361724853516
39.606201171875
40.69495391845703
41.875545501708984
42.965911865234375
43.97993087768555
44.930355072021484
45.82209777832031
46.65699768066406
47.440059661865234
48.17609786987305
48.866722106933594
49.509178161621094
50.11848831176758
50.683349609375
51.19011688232422
51.63086700439453
52.00794219970703
52.32778549194336
52.59543991088867
52.812870025634766
52.985755920410156
53.12186050415039
53.227413177490234
53.30716323852539
53.367733001708984
53.41510772705078
53.453163146972656
53.48545837402344
53.52846908569336
53.58885955810547
53.653682708740234
53.72156524658203
53.79207229614258
53.86393737792969
53.93537902832031
