0.007883613929152489
0.00863239262253046
0.009552470408380032
0.010472851805388927
0.011309253983199596
0.011556054465472698
0.011649275198578835
0.011720015667378902
0.01177699863910675
0.011852283030748367
0.011925824917852879
0.012016644701361656
0.012120094150304794
0.012218204326927662
0.012302241288125515
0.012378784827888012
0.012457763776183128
0.012546045705676079
0.012660806998610497
0.012813989073038101
0.013006748631596565
0.013233639299869537
0.013488007709383965
0.013763734139502048
0.014056585729122162
0.014366031624376774
0.014683312736451626
0.014959815889596939
0.015243875794112682
0.015539184212684631
0.015845391899347305
0.01616264134645462
0.0009007850894704461
0.0008853497565723956
0.0008919117972254753
0.0009005410247482359
0.0009079399751499295
0.0009136265143752098
0.01616186834871769
0.016626153141260147
0.0168173685669899
0.017005443572998047
0.017261341214179993
0.017588401213288307
0.017976030707359314
0.018411122262477875
0.018889930099248886
0.019408775493502617
0.01995336264371872
0.02051994577050209
0.021121468394994736
0.021657893434166908
0.022156396880745888
0.022660031914711
0.02316826395690441
0.0236777625977993
0.024195630103349686
0.02471798099577427
0.025240736082196236
0.02575703151524067
0.02626045048236847
0.026743218302726746
0.027205126360058784
0.027653302997350693
0.028090642765164375
0.028518175706267357
0.02893666736781597
0.029344327747821808
0.029739568009972572
0.030120359733700752
0.030483249574899673
0.03082391619682312
0.0311506986618042
0.031496383249759674
0.031809002161026
0.03210518881678581
0.03238720819354057
0.032659269869327545
0.032920774072408676
0.033171750605106354
0.03341182693839073
0.03363949432969093
0.03385521471500397
0.03334918990731239
0.03236152604222298
0.03144514188170433
0.03056567907333374
0.029713556170463562
0.028886539861559868
0.02808552235364914
0.027310729026794434
0.026561157777905464
