7.030987739562988
8.147893905639648
10.320850372314453
12.763157844543457
13.524828910827637
13.91014575958252
14.17906665802002
13.833389282226562
13.876660346984863
14.297472953796387
14.839666366577148
15.518831253051758
16.071908950805664
16.405109405517578
16.36528968811035
16.302310943603516
16.428709030151367
16.782238006591797
17.330665588378906
18.035728454589844
18.920122146606445
19.968608856201172
21.135866165161133
22.364591598510742
23.695402145385742
25.309925079345703
27.345712661743164
30.112197875976562
33.94992446899414
39.49769973754883
47.236209869384766
55.67503356933594
0.8904781937599182
0.568142831325531
0.5684702396392822
0.5755601525306702
0.5955075025558472
0.6171693801879883
16.527339935302734
29.290863037109375
89.5257568359375
123.81210327148438
143.85841369628906
161.67677307128906
179.84066772460938
199.57310485839844
221.4103240966797
245.43536376953125
271.7124328613281
299.0057067871094
326.8480224609375
355.4221496582031
376.05780029296875
391.81732177734375
407.95428466796875
423.4836120605469
437.0765686035156
449.18798828125
459.56536865234375
468.191162109375
475.3404846191406
481.2419738769531
486.0210266113281
490.0736083984375
493.01593017578125
494.1819152832031
494.9785461425781
495.4640808105469
495.33172607421875
494.63897705078125
493.4777526855469
491.966064453125
490.02618408203125
487.81317138671875
485.3891296386719
482.8270568847656
480.180908203125
477.4801330566406
474.758544921875
472.0218200683594
469.3843688964844
466.80743408203125
464.24017333984375
461.7308044433594
459.2502746582031
456.7953796386719
454.38165283203125
451.99652099609375
449.6153869628906
447.2289123535156
444.90185546875
442.59423828125
