19.19856071472168
18.714763641357422
16.83389663696289
14.61158561706543
12.98270034790039
11.888287544250488
11.136846542358398
10.595247268676758
10.195365905761719
9.905009269714355
9.692330360412598
9.5322265625
9.390902519226074
9.265141487121582
9.157029151916504
9.06909465789795
9.00605297088623
8.96700668334961
8.952092170715332
8.960886001586914
9.002119064331055
9.091638565063477
9.225639343261719
9.396138191223145
9.599832534790039
9.833246231079102
10.09322738647461
10.37805461883545
10.689653396606445
11.027265548706055
11.390480995178223
11.778947830200195
2.255249500274658
1.8427398204803467
1.6913789510726929
1.6555715799331665
1.663892149925232
1.6932880878448486
15.230855941772461
15.927416801452637
16.080808639526367
16.515779495239258
17.077835083007812
17.74383544921875
18.447315216064453
19.14562225341797
19.84735870361328
20.59239959716797
21.32669448852539
22.065689086914062
22.785062789916992
23.477943420410156
24.136180877685547
24.758169174194336
25.357824325561523
25.947233200073242
26.455732345581055
26.896656036376953
27.269371032714844
27.572710037231445
27.80860137939453
27.98988914489746
28.12515640258789
28.220237731933594
28.279024124145508
28.309471130371094
28.318361282348633
28.30972671508789
28.286779403686523
28.253345489501953
28.212923049926758
28.165470123291016
28.11309051513672
28.05853271484375
28.004539489746094
27.94988441467285
27.89569664001465
27.847257614135742
27.806079864501953
27.77589225769043
27.756763458251953
27.75583267211914
27.758363723754883
27.764019012451172
27.771968841552734
27.780967712402344
27.791851043701172
27.80617332458496
27.824068069458008
27.843477249145508
27.865768432617188
27.890155792236328
