0.165266752243042
0.16855983436107635
0.17799197137355804
0.19388005137443542
0.208759605884552
0.223471537232399
0.22856047749519348
0.23105177283287048
0.23313456773757935
0.23459288477897644
0.23565582931041718
0.2367240935564041
0.23787447810173035
0.23895180225372314
0.23986290395259857
0.24063748121261597
0.24144582450389862
0.24224549531936646
0.24275143444538116
0.2435656487941742
0.24449089169502258
0.24523723125457764
0.24596372246742249
0.24667422473430634
0.24754147231578827
0.24831612408161163
0.24907103180885315
0.2500166893005371
0.25122877955436707
0.2526707351207733
0.2544638216495514
0.2564035952091217
0.02285771444439888
0.02248777449131012
0.02237357757985592
0.022288057953119278
0.020899321883916855
0.019909504801034927
0.22776919603347778
0.24554294347763062
0.2531399726867676
0.2643469274044037
0.27519020438194275
0.28580066561698914
0.2967887818813324
0.3084266483783722
0.32058462500572205
0.3329685926437378
0.3454844653606415
0.35824286937713623
0.37085992097854614
0.38324570655822754
0.39520367980003357
0.4062349796295166
0.4165457487106323
0.4261007606983185
0.4535970389842987
0.5016034245491028
0.5667275190353394
0.6522243618965149
0.7666007280349731
0.924310564994812
1.1207854747772217
1.2945024967193604
10.438276290893555
25.347990036010742
33.570556640625
39.4310302734375
46.60039138793945
54.05099868774414
61.62957000732422
68.85789489746094
75.91195678710938
82.8702163696289
89.84272766113281
96.62323760986328
103.04005432128906
109.31999969482422
115.88719940185547
123.02110290527344
130.6090545654297
138.2806854248047
145.77955627441406
151.2844696044922
154.1005859375
157.26150512695312
159.9306640625
162.10765075683594
164.30364990234375
166.50965881347656
168.50595092773438
170.16481018066406
