0.007868804968893528
0.008597183972597122
0.009498285129666328
0.010384948924183846
0.0111762136220932
0.01152939721941948
0.011636562645435333
0.011709584854543209
0.011769461445510387
0.011835052631795406
0.011908910237252712
0.011997105553746223
0.012096318416297436
0.012198771350085735
0.012285607866942883
0.012359952554106712
0.012436307035386562
0.012518513016402721
0.01261885929852724
0.012753811664879322
0.012928534299135208
0.013137840665876865
0.013374879024922848
0.013634470291435719
0.013912196271121502
0.014205421321094036
0.014511091634631157
0.014805631712079048
0.015070648863911629
0.015350615605711937
0.01563969813287258
0.01593930833041668
0.000886819267179817
0.0008696457371115685
0.0008752638823352754
0.0008834982290863991
0.0008907351293601096
0.0008964971057139337
0.015879172831773758
0.016340237110853195
0.016521016135811806
0.016705451533198357
0.01695241406559944
0.01726643554866314
0.017634566873311996
0.018045658245682716
0.018490705639123917
0.018967799842357635
0.019479043781757355
0.02001171186566353
0.0205608531832695
0.0211417768150568
0.02165607549250126
0.02213805913925171
0.022624121978878975
0.02311442792415619
0.023609597235918045
0.024112975224852562
0.024619078263640404
0.025125034153461456
0.02562638372182846
0.02611483260989189
0.026587611064314842
0.02703474462032318
0.027469512075185776
0.02789320796728134
0.028307873755693436
0.028712917119264603
0.029109109193086624
0.029495222494006157
0.029867004603147507
0.030224500223994255
0.03056279942393303
0.030880065634846687
0.031199846416711807
0.031522564589977264
0.031813960522413254
0.03208790719509125
0.03234899044036865
0.03259973227977753
0.032841943204402924
0.03307455778121948
0.03329852968454361
0.03351300582289696
0.03371664509177208
0.03318461775779724
0.03222355246543884
0.03133154660463333
0.03047500178217888
0.029645388945937157
0.028840098530054092
0.028059544041752815
