0.007940398529171944
0.008705881424248219
0.008280280977487564
0.007964623160660267
0.007793282624334097
0.007677498739212751
0.007588397245854139
0.007519132923334837
0.007456490769982338
0.007397247478365898
0.00734018674120307
0.007283780723810196
0.00722855981439352
0.007175712380558252
0.007126317825168371
0.007079476956278086
0.007033783942461014
0.006989514920860529
0.00694926967844367
0.0069122230634093285
0.006878790445625782
0.006847449578344822
0.0068166074343025684
0.006785059813410044
0.006751882378011942
0.006716072093695402
0.006676384247839451
0.006633519195020199
0.006589675322175026
0.006545853801071644
0.006500487215816975
0.006453095003962517
0.0008294074214063585
0.000771665945649147
0.0007707424811087549
0.0007864552899263799
0.0008068588213063776
0.0008274514693766832
0.006615775637328625
0.00647699786350131
0.006329637952148914
0.006241119932383299
0.006173051428049803
0.006112484261393547
0.006050048395991325
0.005986119154840708
0.00591892097145319
0.005846620071679354
0.005767224822193384
0.005685701500624418
0.005605554673820734
0.005521111655980349
0.0054331752471625805
0.005342120770365
0.0052484492771327496
0.005152381490916014
0.005054053850471973
0.004953846335411072
0.0048528495244681835
0.004751668311655521
0.0046508219093084335
0.004551326390355825
0.004453897476196289
0.004357589408755302
0.004262011498212814
0.004167166538536549
0.004073114600032568
0.0039800493977963924
0.00388827221468091
0.0037980603519827127
0.0037095535080879927
0.0036228979006409645
0.00353826442733407
0.0034556894097477198
0.003375353990122676
0.0032973168417811394
0.003221417311578989
0.003147368086501956
0.0030750748701393604
0.0030044633895158768
0.0029355050064623356
0.002868235344067216
0.002802699338644743
0.0027389719616621733
0.0026768313255161047
0.002616154495626688
0.0025570555590093136
0.002499460009858012
0.002443380653858185
0.00238886009901762
0.0023358205799013376
0.0022844146005809307
