3.901658058166504
4.553605079650879
5.850037097930908
7.119402885437012
8.068435668945312
8.059741973876953
7.327530384063721
6.939408302307129
6.874405860900879
7.0259857177734375
7.313858985900879
7.713953495025635
8.208645820617676
8.800020217895508
9.500041007995605
10.206413269042969
10.459979057312012
10.676403999328613
10.876805305480957
10.95543384552002
10.992773056030273
11.061089515686035
11.182134628295898
11.370491981506348
11.614935874938965
11.91892147064209
12.28409481048584
12.701702117919922
13.178488731384277
13.704080581665039
14.275398254394531
14.904206275939941
0.3429858386516571
0.3036680519580841
0.3089803457260132
0.3169275224208832
0.32611095905303955
0.33639389276504517
17.861417770385742
19.314208984375
20.03670883178711
20.7401180267334
21.526714324951172
22.33278465270996
23.2180233001709
24.224445343017578
25.261564254760742
26.29605484008789
27.347484588623047
28.42047119140625
29.51058578491211
30.614046096801758
31.731155395507812
32.85588836669922
33.98365020751953
35.11731719970703
36.26765441894531
37.430938720703125
38.61453628540039
39.79047775268555
41.064266204833984
42.28645324707031
43.418182373046875
44.47248077392578
45.46029281616211
46.38490676879883
47.25746536254883
48.08051681518555
48.857276916503906
49.59029006958008
50.28957748413086
50.94095993041992
51.52875900268555
52.04461669921875
52.49166488647461
52.87512969970703
53.1982536315918
53.46213150024414
53.67219924926758
53.83741760253906
53.96610641479492
54.06465530395508
54.14249038696289
54.20030975341797
54.24250411987305
54.284942626953125
54.349082946777344
54.40835189819336
54.4634895324707
54.51551818847656
54.56679916381836
54.61756896972656
