0.16022133827209473
0.18147364258766174
0.20469051599502563
0.20907104015350342
0.21014389395713806
0.21117687225341797
0.21223397552967072
0.21324461698532104
0.21489465236663818
0.21635349094867706
0.21758189797401428
0.21929164230823517
0.22132091224193573
0.22347570955753326
0.2258458435535431
0.2288442999124527
0.23265792429447174
0.23747821152210236
0.24283991754055023
0.24864952266216278
0.2549247145652771
0.26165303587913513
0.2688367962837219
0.2764946520328522
0.29177868366241455
0.3100166916847229
0.33149662613868713
0.35532718896865845
0.3824369013309479
0.3757290542125702
0.3658851385116577
0.3560313582420349
0.016819477081298828
0.016578614711761475
0.016819050535559654
0.01696588099002838
0.016978876665234566
0.01687728986144066
0.33891987800598145
0.35003337264060974
0.3426995575428009
0.3319490849971771
0.3215412199497223
0.3108474612236023
0.30012866854667664
0.28924131393432617
0.27836179733276367
0.266551673412323
0.2542644143104553
0.24229538440704346
0.23078379034996033
0.21977634727954865
0.20935417711734772
0.19939418137073517
0.18987323343753815
0.18089376389980316
0.17247095704078674
0.16471558809280396
0.15763045847415924
0.15105803310871124
0.14489205181598663
0.13904771208763123
0.13347268104553223
0.12830130755901337
0.12522776424884796
0.12373080849647522
0.12047766894102097
0.11851619929075241
0.11745084077119827
0.11702492833137512
0.11699695885181427
0.11725559830665588
0.11785300821065903
0.11908601224422455
0.12092244625091553
0.12330031394958496
0.12567971646785736
0.12830308079719543
0.131278395652771
0.1345187872648239
0.13801205158233643
0.14176221191883087
0.1457165777683258
0.14984236657619476
0.15410660207271576
0.15850861370563507
0.1630702167749405
0.16778041422367096
0.172634094953537
0.17762741446495056
0.1827644556760788
0.18806098401546478
0.19294960796833038
