0.172533318400383
0.17571574449539185
0.17937909066677094
0.19589976966381073
0.20963092148303986
0.22164712846279144
0.23258675634860992
0.2397928088903427
0.24311409890651703
0.24647226929664612
0.24930307269096375
0.25165286660194397
0.25368791818618774
0.25560009479522705
0.25718292593955994
0.25887736678123474
0.261191725730896
0.2636162042617798
0.2665475308895111
0.26995179057121277
0.2735907733440399
0.28004220128059387
0.29179394245147705
0.30382537841796875
0.3157566785812378
0.32826149463653564
0.341811865568161
0.3565310835838318
0.37338948249816895
0.39230525493621826
0.4129125475883484
0.43436485528945923
0.037561241537332535
0.03722227364778519
0.03677823394536972
0.03572903946042061
0.034211140125989914
0.03243589773774147
0.35104990005493164
0.383181095123291
0.4087393581867218
0.43640822172164917
0.4672902226448059
0.50257807970047
0.5373656153678894
0.5710083246231079
0.6015283465385437
0.6290944218635559
0.6575305461883545
0.6856935024261475
0.7104971408843994
0.8419172763824463
1.1195744276046753
1.4803435802459717
11.849006652832031
57.54971694946289
87.84015655517578
110.07774353027344
128.43211364746094
145.1523895263672
158.63021850585938
167.2297821044922
174.6862335205078
181.045166015625
186.41273498535156
190.96307373046875
192.91937255859375
194.78656005859375
199.12973022460938
203.23390197753906
206.48556518554688
209.08901977539062
211.0629119873047
212.5763397216797
213.61282348632812
214.22909545898438
214.66055297851562
215.19659423828125
215.94863891601562
215.7756805419922
215.05953979492188
214.34707641601562
213.71812438964844
213.15737915039062
212.71327209472656
212.45343017578125
212.39329528808594
212.49220275878906
212.65875244140625
212.8185272216797
212.89578247070312
212.9857635498047
213.11172485351562
