9.1588716506958
13.546664237976074
11.142380714416504
9.465353965759277
8.838948249816895
8.54531192779541
8.35901927947998
8.22095775604248
8.129582405090332
8.074956893920898
8.030806541442871
7.951240539550781
7.8823957443237305
7.834690570831299
7.817252159118652
7.832666873931885
7.87601375579834
7.923541069030762
7.948097229003906
7.970306873321533
7.999454021453857
8.04326057434082
8.103501319885254
8.18012809753418
8.264896392822266
8.341118812561035
8.405478477478027
8.449254989624023
8.538593292236328
8.677886009216309
8.824684143066406
8.96738052368164
1.5518229007720947
1.4336191415786743
1.5946009159088135
1.824594259262085
2.0053553581237793
2.1336405277252197
10.033535957336426
10.46667194366455
10.427957534790039
10.48662281036377
10.610407829284668
10.767253875732422
10.9393892288208
11.117650032043457
11.299866676330566
11.488819122314453
11.687005043029785
11.91206169128418
12.160419464111328
12.427960395812988
12.71402359008789
13.018402099609375
13.342045783996582
13.689912796020508
14.062111854553223
14.455805778503418
14.878250122070312
15.335358619689941
15.813504219055176
16.309518814086914
16.865924835205078
17.469751358032227
18.066631317138672
18.652137756347656
19.254243850708008
19.85822105407715
20.453140258789062
21.034204483032227
21.59663200378418
22.138687133789062
22.659135818481445
23.159177780151367
23.64065933227539
24.10596466064453
24.55655860900879
24.9957275390625
25.425657272338867
25.845565795898438
26.31136131286621
26.766508102416992
27.1971435546875
27.610231399536133
28.01064682006836
28.402156829833984
28.79081916809082
29.132694244384766
29.44380760192871
29.739593505859375
30.02323341369629
30.300189971923828
