0.4850548803806305
0.5223035216331482
0.7211589813232422
0.9925529360771179
1.0171949863433838
1.0219271183013916
1.0281540155410767
1.0372530221939087
1.0482430458068848
1.0625401735305786
1.0798449516296387
1.1007496118545532
1.1130428314208984
1.1271941661834717
1.1413054466247559
1.1565096378326416
1.1724579334259033
1.187035083770752
1.2019667625427246
1.2218064069747925
1.2525854110717773
1.287715196609497
1.3245785236358643
1.3628082275390625
1.4118530750274658
1.4737204313278198
1.5551025867462158
1.6709280014038086
1.8276762962341309
2.019165515899658
2.0089685916900635
1.998155951499939
0.03436953201889992
0.034310732036828995
0.034336455166339874
0.03579254448413849
0.037952542304992676
0.038199055939912796
1.6421092748641968
2.3275527954101562
2.4123148918151855
13.804275512695312
24.373069763183594
32.13296890258789
39.086612701416016
45.61509323120117
53.69358825683594
62.31593704223633
72.4021224975586
82.76696014404297
92.6268539428711
101.9512710571289
110.987548828125
119.39958953857422
127.54863739013672
134.5465545654297
140.5419464111328
145.73695373535156
150.24871826171875
154.20970153808594
157.59622192382812
160.36328125
163.0354461669922
164.99380493164062
166.41424560546875
167.4618682861328
167.95326232910156
167.75538635253906
167.27272033691406
166.6344451904297
165.94459533691406
165.5764617919922
165.20631408691406
164.54434204101562
163.8729705810547
163.190185546875
162.5122528076172
161.83883666992188
161.1277618408203
160.37045288085938
159.57896423339844
158.77166748046875
157.95606994628906
157.11997985839844
156.27352905273438
155.4304962158203
154.63218688964844
153.90402221679688
153.2357635498047
152.60987854003906
152.02169799804688
151.4783172607422
150.9873046875
150.55931091308594
