18.755495071411133
17.515275955200195
14.654581069946289
12.292447090148926
11.357010841369629
11.090580940246582
11.170461654663086
11.510785102844238
12.124056816101074
12.879737854003906
13.747868537902832
14.681954383850098
15.623607635498047
16.539770126342773
17.472675323486328
18.578807830810547
19.841663360595703
21.222959518432617
22.699951171875
24.2686710357666
25.907262802124023
27.540437698364258
29.124540328979492
30.73699951171875
32.51997375488281
34.501258850097656
36.518310546875
38.53923797607422
40.572086334228516
42.632755279541016
44.726375579833984
46.8387565612793
16.157573699951172
16.30294418334961
17.192340850830078
18.120498657226562
18.951059341430664
19.672348022460938
65.14064025878906
60.44574737548828
59.418190002441406
60.75015640258789
62.6320915222168
64.5638198852539
66.40986633300781
68.08047485351562
69.51023864746094
70.56745147705078
71.42962646484375
72.21292877197266
72.90835571289062
73.53165435791016
74.07827758789062
74.59056854248047
75.08781433105469
75.58716583251953
76.07659912109375
76.52075958251953
76.93714141845703
77.33110046386719
77.71324157714844
78.07636260986328
78.39746856689453
78.66580200195312
78.9058609008789
79.12805938720703
79.28368377685547
79.37592315673828
79.53772735595703
79.72831726074219
79.8929672241211
80.04056549072266
80.16321563720703
80.2751693725586
80.38595581054688
80.4986343383789
80.61677551269531
80.74700927734375
80.88594055175781
81.01995086669922
81.08942413330078
81.14768981933594
81.24943542480469
81.35377502441406
81.46963500976562
81.60540008544922
81.74986267089844
81.89984893798828
82.0548324584961
82.21465301513672
82.37733459472656
82.53628540039062
82.64350891113281
82.72917175292969
