0.04239048436284065
0.04764556884765625
0.05449347943067551
0.056078117340803146
0.05640507489442825
0.05665875971317291
0.05706247314810753
0.057432327419519424
0.05766057223081589
0.05780698359012604
0.05798116326332092
0.05819049850106239
0.05839475244283676
0.058602042496204376
0.058789853006601334
0.05901892110705376
0.05931437388062477
0.05962330102920532
0.05992832034826279
0.060238949954509735
0.060690999031066895
0.0613001324236393
0.0620306171476841
0.06286806613206863
0.06379692256450653
0.0648208037018776
0.06591058522462845
0.06704843044281006
0.06824881583452225
0.06951025128364563
0.07081493735313416
0.07215653359889984
0.003408997319638729
0.003274987917393446
0.0033290782012045383
0.0034228090662509203
0.003525995882228017
0.003630496794357896
0.06812670081853867
0.0717063769698143
0.07380153983831406
0.0757409855723381
0.07771924883127213
0.07982133328914642
0.08205197006464005
0.08440767228603363
0.08687041699886322
0.08943165838718414
0.09201887249946594
0.0940013974905014
0.09575109928846359
0.09748542308807373
0.09922661632299423
0.10096689313650131
0.10333820432424545
0.10597100853919983
0.10833989083766937
0.1106521263718605
0.11293414980173111
0.11517218500375748
0.11732994019985199
0.11952832341194153
0.12015265226364136
0.11525294929742813
0.11090962588787079
0.10668931156396866
0.10176128149032593
0.09762323647737503
0.09406612068414688
0.09069028496742249
0.0874115526676178
0.08427657932043076
0.08126135915517807
0.07836024463176727
0.07560721784830093
0.07303185760974884
0.07048676162958145
0.06788858771324158
0.06525561213493347
0.06262131035327911
0.06001448258757591
0.05756772309541702
0.05528172850608826
0.05309728905558586
0.051015377044677734
0.048959627747535706
0.046916425228118896
0.04497760534286499
0.04355733469128609
0.042598214000463486
0.04235810413956642
0.042455513030290604
