0.008550296537578106
0.008542872965335846
0.00814446248114109
0.007847159169614315
0.00767897441983223
0.007574052549898624
0.007498460356146097
0.00743125332519412
0.007368962746113539
0.007308012340217829
0.007248224690556526
0.00719019491225481
0.007135551888495684
0.007083806674927473
0.0070332796312868595
0.006984090432524681
0.006939589511603117
0.006899719592183828
0.006863136310130358
0.006829475052654743
0.006796990986913443
0.006764195393770933
0.006729710381478071
0.006691364571452141
0.006647904869168997
0.006602846551686525
0.006556871812790632
0.006509852595627308
0.0064597842283546925
0.006405298598110676
0.0063469065353274345
0.006284298840910196
0.0009586986270733178
0.00094586331397295
0.0009637657203711569
0.0009839539416134357
0.0010026984382420778
0.0010197212686762214
0.006334043573588133
0.006176861468702555
0.00603484595194459
0.005929612088948488
0.005836529191583395
0.005747389513999224
0.005656562279909849
0.005611140746623278
0.005564259365200996
0.005466368980705738
0.005365118384361267
0.005260230507701635
0.005151653662323952
0.005039487965404987
0.004924769513309002
0.004808418918401003
0.004691170062869787
0.004574217833578587
0.0044591473415493965
0.004345308057963848
0.004231902305036783
0.004119168035686016
0.004007005598396063
0.003895924659445882
0.0037860656157135963
0.0036774827167391777
0.0035707689821720123
0.0034661884419620037
0.0033640023320913315
0.003264372469857335
0.0031674157362431288
0.0030728690326213837
0.002980688586831093
0.002891811076551676
0.002805213211104274
0.002721098018810153
0.0026390862185508013
0.0025593352038413286
0.002481843112036586
0.002406616695225239
0.0023339183535426855
0.002263483125716448
0.0021956029813736677
0.0021305540576577187
0.0020683445036411285
0.002008760580793023
0.0019516096217557788
0.0018967835931107402
0.0018441554857417941
0.0017935932846739888
0.0017449714941903949
0.001698193489573896
0.0016531614819541574
0.001609852071851492
0.001568279112689197
