0.021875737234950066
0.024103552103042603
0.02788371779024601
0.029871460050344467
0.030821528285741806
0.031165072694420815
0.031247684732079506
0.03128983452916145
0.03135254606604576
0.03146706521511078
0.03162005916237831
0.03177384287118912
0.03193435072898865
0.03207677975296974
0.032190095633268356
0.032287102192640305
0.032382573932409286
0.0324857123196125
0.03261050209403038
0.032744985073804855
0.03287945315241814
0.033009123057127
0.03314761817455292
0.03331446647644043
0.033520884811878204
0.03379509225487709
0.0341394878923893
0.034534845501184464
0.03497481718659401
0.035456057637929916
0.03597498685121536
0.036524731665849686
0.0021777527872473
0.00175578729249537
0.0016255925875157118
0.0015881283907219768
0.0015743817202746868
0.0015696537448093295
0.032977014780044556
0.03652315214276314
0.037891022861003876
0.03856595605611801
0.03913440182805061
0.0397639237344265
0.04048186168074608
0.04127006605267525
0.042110513895750046
0.04300827533006668
0.043952830135822296
0.04497605189681053
0.04606237635016441
0.04718313366174698
0.048259489238262177
0.04922967776656151
0.05024340748786926
0.05131540820002556
0.05242600664496422
0.053557138890028
0.0547054186463356
0.05586330220103264
0.05705228075385094
0.0568196102976799
0.05553508177399635
0.05433996766805649
0.053146958351135254
0.0519675649702549
0.050800103694200516
0.04965043440461159
0.0485275536775589
0.04742513597011566
0.046336881816387177
0.04526553675532341
0.04420710355043411
0.04316524788737297
0.04214170202612877
0.041134294122457504
0.04016200825572014
0.03922433406114578
0.038298171013593674
0.03738600015640259
0.03649022430181503
0.035609085112810135
0.034744925796985626
0.03389139845967293
0.033049456775188446
0.03222627565264702
0.03142622113227844
0.030647628009319305
0.02988746576011181
0.02914467081427574
0.02841867133975029
0.027709458023309708
