0.09763443470001221
0.10977181047201157
0.12127380818128586
0.1305720955133438
0.1387990564107895
0.14335833489894867
0.14629225432872772
0.14880457520484924
0.15055669844150543
0.15206746757030487
0.15352144837379456
0.15496760606765747
0.15645411610603333
0.15796422958374023
0.15953126549720764
0.16110281646251678
0.163047194480896
0.16612081229686737
0.17013663053512573
0.174565851688385
0.17950217425823212
0.18510575592517853
0.1912483125925064
0.19785895943641663
0.20510359108448029
0.2127818763256073
0.220975860953331
0.2299826443195343
0.24035076797008514
0.25588417053222656
0.2726629674434662
0.2889794111251831
0.0332791805267334
0.02365894988179207
0.019295813515782356
0.016766151413321495
0.015172824263572693
0.014089470729231834
0.19076666235923767
0.21528275310993195
0.23643212020397186
0.26410797238349915
0.29276242852211
0.3252301812171936
0.36841222643852234
0.3562774956226349
0.3388846814632416
0.32376736402511597
0.3096664547920227
0.2963343560695648
0.28407710790634155
0.27258414030075073
0.2617340385913849
0.25137773156166077
0.24135157465934753
0.23150847852230072
0.22181516885757446
0.21273016929626465
0.20461593568325043
0.19824627041816711
0.19303551316261292
0.18877927958965302
0.18527352809906006
0.18248237669467926
0.18042023479938507
0.17906324565410614
0.17822209000587463
0.17777980864048004
0.17773453891277313
0.17809367179870605
0.17880412936210632
0.1797957569360733
0.18101942539215088
0.1824740469455719
0.18409864604473114
0.1858055740594864
0.41051992774009705
1.9535152912139893
3.2412853240966797
4.324196815490723
5.2872233390808105
6.193202495574951
6.946832180023193
7.576519012451172
8.104509353637695
8.54846477508545
8.922232627868652
9.238450050354004
9.526619911193848
9.8059720993042
10.043929100036621
10.247156143188477
