0.023500794544816017
0.02752973698079586
0.029126711189746857
0.030520673841238022
0.031183121725916862
0.03133655712008476
0.03140512481331825
0.03158050402998924
0.03188097104430199
0.032355256378650665
0.032878417521715164
0.03339384123682976
0.03391507267951965
0.034453365951776505
0.035074420273303986
0.03581567481160164
0.03667270764708519
0.03762735798954964
0.03866685554385185
0.03975572809576988
0.040921974927186966
0.041567400097846985
0.04085877537727356
0.04018595442175865
0.03951655700802803
0.03883194178342819
0.03812794014811516
0.037305351346731186
0.03639492020010948
0.03546254709362984
0.034503839910030365
0.0335133820772171
0.0026183994486927986
0.0025382672902196646
0.0026019432116299868
0.002648697467520833
0.0026739914901554585
0.002685781568288803
0.036937255412340164
0.03441821411252022
0.032508231699466705
0.03105262666940689
0.0298097375780344
0.028673317283391953
0.027550838887691498
0.026431357488036156
0.025306789204478264
0.02417815662920475
0.02304891310632229
0.021925488486886024
0.020816534757614136
0.019735518842935562
0.018773309886455536
0.017871681600809097
0.01702466420829296
0.016224350780248642
0.015462560579180717
0.01472616195678711
0.014035847969353199
0.013385976664721966
0.012774361297488213
0.012196939438581467
0.011649922467768192
0.011129439808428288
0.010641650296747684
0.01018816139549017
0.009766271337866783
0.00937313586473465
0.009004455991089344
0.008658207952976227
0.008332394994795322
0.008024787530303001
0.007734599523246288
0.0074594817124307156
0.007198269944638014
0.006950038019567728
0.006713997106999159
0.006489045452326536
0.00627388758584857
0.006068334449082613
0.005872785113751888
0.005686372052878141
0.005508474539965391
0.005338391754776239
0.0051767220720648766
0.0050229644402861595
0.004876865539699793
0.004737695213407278
0.004604754038155079
0.00447726808488369
0.004354436416178942
0.004235559608787298
