0.0371076762676239
0.03950770944356918
0.04306638240814209
0.04664626345038414
0.049540385603904724
0.051031649112701416
0.05143522098660469
0.05160898715257645
0.05177127569913864
0.051922161132097244
0.05218123272061348
0.05252095311880112
0.052849505096673965
0.0531911663711071
0.05353479087352753
0.05389978364109993
0.05426027625799179
0.05461319163441658
0.05496370047330856
0.05536297336220741
0.055855460464954376
0.056452665477991104
0.057151827961206436
0.05794127658009529
0.05880327150225639
0.05973908305168152
0.060752514749765396
0.06183992326259613
0.06301563233137131
0.06429214030504227
0.06565994024276733
0.0670865923166275
0.003844023449346423
0.0037193302996456623
0.003678882261738181
0.003665259573608637
0.0036622805055230856
0.0036626888904720545
0.0634707510471344
0.06552053242921829
0.06711503118276596
0.06862924993038177
0.0702611654996872
0.07210779935121536
0.07419368624687195
0.07646067440509796
0.07878811657428741
0.0811661034822464
0.0832497850060463
0.08527494966983795
0.0873415395617485
0.08908012509346008
0.09069212526082993
0.09223763644695282
0.09365145117044449
0.09493189305067062
0.09606757760047913
0.09707760065793991
0.0981718897819519
0.09930979460477829
0.10052208602428436
0.1016169860959053
0.10265912115573883
0.10383552312850952
0.10507286339998245
0.10625668615102768
0.10731998831033707
0.10832640528678894
0.10928567498922348
0.11019479483366013
0.11061257123947144
0.11103008687496185
0.11201866716146469
0.11325820535421371
0.1142384335398674
0.11282850801944733
0.10860652476549149
0.10502658039331436
0.10182465612888336
0.0987849086523056
0.09587640315294266
0.09307364374399185
0.09037337452173233
0.08780054748058319
0.08541277050971985
0.08333007991313934
0.08143900334835052
0.0796414166688919
0.07787290960550308
0.07615786790847778
0.07452865689992905
0.07299778610467911
0.07148609310388565
