0.022183561697602272
0.02492249757051468
0.028573138639330864
0.03048434853553772
0.03114047646522522
0.031251709908246994
0.03130526840686798
0.03140253573656082
0.03156419098377228
0.03175324574112892
0.0319504477083683
0.03211718052625656
0.032256830483675
0.03239177167415619
0.03253505751490593
0.03269875422120094
0.03286534547805786
0.033033110201358795
0.03322432190179825
0.033461764454841614
0.03378480300307274
0.03420863673090935
0.034706320613622665
0.03527090325951576
0.03590022027492523
0.03658441826701164
0.037313178181648254
0.03808487951755524
0.0389128141105175
0.03981289640069008
0.04078954830765724
0.041835613548755646
0.0023762339260429144
0.0021336087957024574
0.0020984250586479902
0.0021126510109752417
0.0021353226620703936
0.0021582869812846184
0.04150189459323883
0.044254664331674576
0.04509411379694939
0.04570074751973152
0.046496275812387466
0.04752632975578308
0.04855776205658913
0.049696095287799835
0.050979774445295334
0.05238703265786171
0.05387893691658974
0.055435359477996826
0.057053711265325546
0.055498190224170685
0.0539795458316803
0.0524924211204052
0.05102783814072609
0.049582380801439285
0.048184022307395935
0.04681476205587387
0.04546389356255531
0.04413314163684845
0.04282650351524353
0.041545573621988297
0.0403115376830101
0.03912816941738129
0.0379655696451664
0.03682862967252731
0.03571919724345207
0.03463607653975487
0.033571407198905945
0.0325433723628521
0.032039184123277664
0.03154246509075165
0.030580243095755577
0.029648171737790108
0.02874094434082508
0.027860289439558983
0.027005275711417198
0.02617424912750721
0.025366514921188354
0.024582810699939728
0.02382279746234417
0.023085830733180046
0.022377317771315575
0.021702196449041367
0.021060649305582047
0.020443253219127655
0.019849902018904686
0.019281618297100067
0.01873825117945671
0.018219659104943275
0.017722612246870995
0.01724865846335888
0.01679352857172489
