0.16753123700618744
0.17027658224105835
0.18660850822925568
0.2078615427017212
0.22700396180152893
0.23113104701042175
0.23384913802146912
0.23558034002780914
0.23686377704143524
0.23823755979537964
0.23962323367595673
0.24090321362018585
0.24214380979537964
0.24332942068576813
0.24445085227489471
0.2455284148454666
0.24653300642967224
0.2473594695329666
0.2482561618089676
0.24929718673229218
0.2501679062843323
0.25104957818984985
0.252226322889328
0.2537943422794342
0.25583553314208984
0.2582434117794037
0.26081547141075134
0.26571518182754517
0.2748188078403473
0.2851112186908722
0.2963046431541443
0.3087754547595978
0.02588038146495819
0.025844914838671684
0.025614814832806587
0.023771218955516815
0.02267375960946083
0.0220088642090559
0.2783783972263336
0.30446577072143555
0.3217397630214691
0.33633673191070557
0.359917014837265
0.3973015546798706
0.44593101739883423
0.507513165473938
0.5873488783836365
0.6962304711341858
0.8559665083885193
1.098034381866455
1.2832189798355103
9.200967788696289
22.122228622436523
29.313676834106445
34.988407135009766
42.37398147583008
51.20909118652344
59.9987907409668
68.19922637939453
76.12617492675781
83.94669342041016
91.884033203125
99.95203399658203
108.03309631347656
115.71090698242188
123.03082275390625
130.32496643066406
134.4262237548828
138.526123046875
142.26327514648438
145.61924743652344
148.2743377685547
150.91273498535156
153.4460906982422
155.55001831054688
157.25733947753906
158.57823181152344
159.49314880371094
160.54971313476562
161.44757080078125
162.40708923339844
163.38893127441406
164.5072479248047
164.8878173828125
164.85507202148438
164.72901916503906
164.5830535888672
164.37374877929688
163.99612426757812
163.61151123046875
163.233642578125
162.8746337890625
