0.4852580726146698
0.5230074524879456
0.7254921197891235
0.9935719966888428
1.0180875062942505
1.0231189727783203
1.0304454565048218
1.0401369333267212
1.052614450454712
1.0683684349060059
1.0880110263824463
1.106475830078125
1.118348240852356
1.133723497390747
1.1498335599899292
1.1656855344772339
1.1816277503967285
1.1957225799560547
1.2135406732559204
1.2398697137832642
1.2740888595581055
1.3118723630905151
1.3518277406692505
1.3987172842025757
1.4584547281265259
1.5378284454345703
1.6485317945480347
1.8063538074493408
2.012742519378662
2.0207135677337646
2.019927501678467
2.071779489517212
0.03558273985981941
0.035627126693725586
0.03574098274111748
0.035857949405908585
0.04066359996795654
0.04106990620493889
3.059703826904297
19.119901657104492
28.88277816772461
36.709842681884766
44.018775939941406
51.33647155761719
60.00879669189453
69.49532318115234
80.08545684814453
90.19283294677734
99.75371551513672
108.98955535888672
117.76752471923828
126.21598052978516
133.93234252929688
140.52220153808594
146.23101806640625
151.23143005371094
155.6590576171875
159.3942108154297
162.52342224121094
165.66136169433594
167.9207763671875
169.57884216308594
170.8152618408203
171.2789764404297
171.15257263183594
170.73756408691406
170.16650390625
169.4955596923828
168.835693359375
168.16331481933594
167.45863342285156
166.71759033203125
165.9546661376953
165.1706085205078
164.3314208984375
163.4629364013672
162.5883026123047
161.70205688476562
160.8079376220703
159.9082794189453
159.0138702392578
158.1717071533203
157.3881378173828
156.67257690429688
156.01077270507812
155.38784790039062
154.79818725585938
154.2608184814453
153.76852416992188
152.59690856933594
151.33592224121094
150.3343048095703
