0.00841569434851408
0.008625181391835213
0.00839434377849102
0.008268123492598534
0.00824538804590702
0.008231624960899353
0.008222815580666065
0.008217105641961098
0.008215966634452343
0.008215152658522129
0.008214615285396576
0.00821461621671915
0.008214603178203106
0.008214602246880531
0.008214597590267658
0.008214595727622509
0.008214591071009636
0.008214589208364487
0.008214586414396763
0.008214585483074188
0.00821458175778389
0.008214580826461315
0.008214578032493591
0.008214577101171017
0.008214576169848442
0.008214575238525867
0.008214575238525867
0.008214575238525867
0.008214575238525867
0.008214575238525867
