7.0013322830200195
8.526018142700195
11.642643928527832
14.166686058044434
15.15822982788086
15.659600257873535
15.685861587524414
16.121912002563477
17.114486694335938
18.072166442871094
18.4060115814209
18.76796531677246
19.19725799560547
19.817766189575195
20.605148315429688
21.2946834564209
22.08323860168457
23.087369918823242
24.342214584350586
25.839353561401367
27.67429542541504
29.683176040649414
31.692062377929688
33.78368377685547
36.0458869934082
38.68382263183594
42.66974639892578
47.941261291503906
52.85519027709961
58.73665237426758
64.96810913085938
72.29861450195312
1.3672958612442017
1.3739458322525024
1.3693019151687622
1.2483232021331787
1.286084771156311
1.3397777080535889
32.910118103027344
101.24431610107422
125.0959243774414
153.8450164794922
183.3169403076172
212.98806762695312
241.80665588378906
257.0549011230469
274.1842956542969
289.8843994140625
304.2542724609375
317.7080383300781
330.2203063964844
341.8277282714844
352.26470947265625
362.0987243652344
370.453857421875
377.78070068359375
384.3714599609375
390.0992431640625
394.81201171875
398.67974853515625
402.2431945800781
404.8179626464844
406.4723815917969
407.9312438964844
409.44647216796875
410.1689147949219
410.9606018066406
412.6077880859375
414.2885437011719
416.089111328125
417.9348449707031
419.75860595703125
421.5470886230469
423.3570556640625
425.2444763183594
427.20556640625
429.1424865722656
431.0233154296875
432.8478698730469
434.61102294921875
436.299560546875
437.941650390625
438.4161071777344
438.47418212890625
438.7691955566406
439.2738037109375
439.8721008300781
440.3897399902344
440.98492431640625
441.6292724609375
442.3282775878906
443.071044921875
443.8397216796875
