0.006637219339609146
0.007356109097599983
0.008155428804457188
0.00887275766581297
0.009510471485555172
0.009847801178693771
0.00995716918259859
0.010055403225123882
0.010175204835832119
0.010266672819852829
0.010376088321208954
0.010497738607227802
0.010632372461259365
0.010782018303871155
0.010983551852405071
0.011246994137763977
0.011568504385650158
0.011941344477236271
0.012354103848338127
0.01280090119689703
0.013196123763918877
0.013615765608847141
0.014063382521271706
0.014541080221533775
0.015055653639137745
0.015607618726789951
0.0161905474960804
0.01679946668446064
0.01743953488767147
0.01809624396264553
0.01871204935014248
0.01930859684944153
0.0011519580148160458
0.0011144558666273952
0.001110958051867783
0.0011102415155619383
0.0011105099692940712
0.0011113745858892798
0.019699107855558395
0.02099583111703396
0.02180890366435051
0.022505659610033035
0.023225149139761925
0.023990973830223083
0.024788707494735718
0.025619259104132652
0.026494693011045456
0.02741421014070511
0.028373824432492256
0.02936754748225212
0.030401594936847687
0.03147977963089943
0.0325806625187397
0.03369972109794617
0.034825399518013
0.035972245037555695
0.03724968805909157
0.038599997758865356
0.04008011147379875
0.04152404144406319
0.04299510642886162
0.04447586089372635
0.03896159306168556
0.03857192024588585
0.0369461290538311
0.03534669429063797
0.03382603079080582
0.032385580241680145
0.03102094680070877
0.029727190732955933
0.028498496860265732
0.027330836281180382
0.026221061125397682
0.025167319923639297
0.024166908115148544
0.023215921595692635
0.022310631349682808
0.02144862338900566
0.020626746118068695
0.019843144342303276
0.01909535564482212
0.01838153973221779
0.017699841409921646
0.017048493027687073
0.016425348818302155
0.015829075127840042
0.015258350409567356
0.014711949042975903
0.014188741333782673
0.013687497936189175
0.01320706121623516
0.012746362946927547
0.012304557487368584
