0.16567544639110565
0.16879168152809143
0.17874407768249512
0.19504432380199432
0.21033601462841034
0.2254265695810318
0.22937270998954773
0.23189570009708405
0.23386886715888977
0.23525801301002502
0.2362961620092392
0.23739966750144958
0.2385285198688507
0.2395627498626709
0.24043206870555878
0.2412043660879135
0.24194151163101196
0.24266143143177032
0.2436250001192093
0.24447578191757202
0.24531444907188416
0.24600830674171448
0.24672292172908783
0.24748925864696503
0.24832704663276672
0.24907135963439941
0.24980849027633667
0.2507217824459076
0.251895934343338
0.25332486629486084
0.25510361790657043
0.2569943368434906
0.022780485451221466
0.022366032004356384
0.022226575762033463
0.022132709622383118
0.02071503922343254
0.019708886742591858
0.22727347910404205
0.2457714080810547
0.2536611258983612
0.2652408480644226
0.2762114405632019
0.2868671715259552
0.2979089319705963
0.3095969259738922
0.32186511158943176
0.3342171013355255
0.3457540273666382
0.35700443387031555
0.3682394027709961
0.37910547852516174
0.38910233974456787
0.40030595660209656
0.4325704276561737
0.47568076848983765
0.5305152535438538
0.6043190360069275
0.7026877403259277
0.839151918888092
1.0307787656784058
1.2113947868347168
3.2932400703430176
21.078845977783203
30.37508773803711
36.755104064941406
43.611595153808594
51.19105529785156
58.977962493896484
66.38124084472656
73.5283203125
80.41698455810547
87.259765625
94.07815551757812
100.99254608154297
107.71500396728516
113.99712371826172
120.13387298583984
126.90299224853516
134.248779296875
141.66583251953125
149.13218688964844
155.3201141357422
158.1503143310547
159.6381378173828
160.99319458007812
163.40231323242188
165.64601135253906
168.05686950683594
170.37384033203125
172.2899627685547
173.6503448486328
175.0227813720703
