2049.022216796875
2009.009521484375
2088.52294921875
2072.938232421875
2079.015625
2097.859375
2099.32470703125
2094.383056640625
2113.888671875
2124.01025390625
2126.38818359375
2123.83642578125
2130.48388671875
2140.65625
2152.246826171875
2168.322021484375
2183.8115234375
2202.096435546875
2223.23583984375
2247.7109375
2270.176513671875
2291.559814453125
2313.05029296875
2336.014404296875
2361.271728515625
2392.199462890625
2434.528564453125
2488.51904296875
2563.80224609375
2646.7041015625
2736.277587890625
2837.342529296875
118.5245361328125
117.12236022949219
117.0844497680664
117.20171356201172
117.5601577758789
118.04259490966797
1798.4979248046875
2430.444580078125
2864.395263671875
3167.745361328125
3388.29052734375
3571.682861328125
3740.95654296875
3910.825927734375
4090.243408203125
4290.49853515625
4503.05810546875
4721.57373046875
4942.3154296875
5121.78466796875
5291.4365234375
5453.90380859375
5630.384765625
5811.74169921875
5980.76611328125
6144.17333984375
6310.60400390625
6474.443359375
6563.935546875
6214.93310546875
5975.236328125
5763.580078125
5565.33837890625
5374.73486328125
5207.9921875
5065.24560546875
4939.94921875
4811.111328125
4675.47021484375
4534.4755859375
4395.81396484375
4263.962890625
4128.96533203125
3988.0498046875
3845.255615234375
3699.279296875
3562.919921875
3436.031982421875
3314.416015625
3193.223876953125
3075.599609375
2961.277587890625
2849.624267578125
2740.88671875
2637.22216796875
2538.134765625
2443.143798828125
2352.845458984375
2267.767578125
2183.791748046875
