2071.979248046875
2041.2593994140625
2010.80615234375
1995.77294921875
2081.64501953125
2070.23193359375
2057.42724609375
2045.9188232421875
2069.813232421875
2111.430419921875
2143.31494140625
2180.597900390625
2209.85693359375
2240.800537109375
2272.963134765625
2314.064697265625
2365.373046875
2424.4990234375
2499.11376953125
2593.013671875
2703.70751953125
2829.431884765625
2968.717041015625
3120.6142578125
3282.8720703125
3452.565673828125
3626.891357421875
3808.899658203125
3996.751953125
4188.71142578125
4385.3095703125
4585.90673828125
156.9581298828125
145.9724884033203
153.1477508544922
163.79608154296875
174.59986877441406
184.58265686035156
4645.65380859375
4900.169921875
4924.1357421875
4962.60400390625
5061.337890625
5217.5478515625
5419.9189453125
5649.1484375
5893.47314453125
6163.365234375
6438.23388671875
6716.00927734375
7006.46337890625
7341.0244140625
7720.8583984375
8068.578125
8406.310546875
8726.4169921875
9023.8935546875
9128.640625
8964.5615234375
8815.861328125
8670.6220703125
8522.48828125
8372.78125
8217.515625
8056.02490234375
7889.4404296875
7719.74072265625
7548.1220703125
7374.041015625
7196.89453125
7017.12890625
6835.45166015625
6652.5087890625
6468.09765625
6282.8095703125
6098.666015625
5916.7783203125
5737.9404296875
5562.873046875
5394.5869140625
5232.498046875
5077.505859375
4928.02001953125
4783.36474609375
4642.76171875
4504.84765625
4369.38134765625
4237.5849609375
4109.03955078125
3983.59326171875
3861.350341796875
3742.3515625
