2036.011962890625
2043.79248046875
2262.153564453125
2349.898681640625
2354.41748046875
2319.846923828125
2285.783203125
2247.303466796875
2235.376708984375
2236.428955078125
2246.1923828125
2265.527099609375
2288.121337890625
2307.3662109375
2327.251220703125
2344.6513671875
2365.975341796875
2398.185546875
2452.71484375
2535.51220703125
2643.89208984375
2773.6103515625
2921.49072265625
3085.575927734375
3266.018798828125
3461.421875
3673.392333984375
3903.17236328125
4152.876953125
4418.43798828125
4698.2060546875
4998.32373046875
173.41268920898438
147.14157104492188
139.24554443359375
136.59230041503906
135.9658203125
136.18411254882812
5072.56787109375
7006.1591796875
7183.74755859375
7053.44775390625
7070.18505859375
7147.0185546875
7264.59423828125
7398.4775390625
7543.1376953125
7695.50146484375
7849.1845703125
8005.90771484375
8158.37939453125
8300.8984375
8431.708984375
8548.5732421875
8646.794921875
8723.431640625
8778.2021484375
8812.2734375
8827.2451171875
8824.677734375
8805.341796875
8769.8505859375
8719.658203125
8656.5322265625
8582.47265625
8497.634765625
8401.8720703125
8294.8828125
8176.728515625
8048.8583984375
7912.7822265625
7769.7158203125
7622.10302734375
7470.70361328125
7315.37255859375
7157.29833984375
6997.96826171875
6833.41943359375
6670.28955078125
6508.458984375
6346.52294921875
6185.79248046875
6026.51513671875
5869.130859375
5714.0166015625
5561.3115234375
5411.19970703125
5263.90625
5120.61376953125
4981.0966796875
4844.46875
4711.32275390625
