2084.04833984375
2062.870361328125
2038.1971435546875
2020.019775390625
2007.6265869140625
1997.0467529296875
2006.6456298828125
2033.129150390625
2038.466796875
2055.6416015625
2076.83642578125
2101.70751953125
2110.742431640625
2129.579833984375
2153.404541015625
2178.955322265625
2211.569091796875
2251.333984375
2296.28955078125
2358.015625
2443.109130859375
2549.1513671875
2671.715087890625
2808.978271484375
2958.258544921875
3118.007080078125
3286.693115234375
3462.083251953125
3641.59912109375
3825.47802734375
4018.126953125
4217.98876953125
175.51458740234375
177.13818359375
185.04856872558594
192.2085723876953
197.8218231201172
202.16656494140625
4263.64794921875
4592.20166015625
4746.77392578125
4867.31298828125
4998.66162109375
5154.07421875
5336.61376953125
5543.59814453125
5773.42529296875
6024.4287109375
6296.39013671875
6591.36328125
6923.74267578125
7307.36865234375
7711.81494140625
8112.6494140625
8528.1650390625
8937.263671875
9322.41796875
9696.22265625
10052.830078125
10390.3701171875
10708.8544921875
11005.7607421875
11277.2197265625
11522.21875
11741.71484375
11939.58203125
12117.583984375
12275.83984375
12414.015625
12534.4208984375
12639.390625
12687.505859375
12732.57421875
12812.357421875
12881.3603515625
12939.9482421875
12987.8095703125
13024.642578125
13048.248046875
13060.1748046875
13063.291015625
13063.8916015625
13058.3486328125
13039.6923828125
12999.7744140625
12935.7919921875
12847.56640625
12736.6875
12610.0361328125
12469.2314453125
12315.30859375
12150.861328125
11976.244140625
