2044.4671630859375
1892.7562255859375
1799.283447265625
1686.2535400390625
1598.49560546875
1527.0697021484375
1470.72998046875
1434.4486083984375
1418.483642578125
1404.8184814453125
1393.324951171875
1388.2188720703125
1382.736328125
1374.7001953125
1365.196533203125
1357.046875
1352.749267578125
1350.985107421875
1350.6297607421875
1351.768310546875
1354.80517578125
1360.8465576171875
1371.30322265625
1387.7130126953125
1410.51025390625
1439.227783203125
1472.8607177734375
1510.182861328125
1550.37744140625
1592.7044677734375
1638.7559814453125
1684.2667236328125
131.37449645996094
127.21720123291016
128.39813232421875
129.89210510253906
131.391845703125
132.8635711669922
1819.333740234375
1988.4647216796875
2009.7579345703125
2021.0018310546875
2032.25830078125
2045.63525390625
2061.7001953125
2080.14697265625
2100.349853515625
2121.594970703125
2143.440673828125
2166.000732421875
2189.209716796875
2222.986328125
2262.673095703125
2296.20166015625
2348.64111328125
2391.67138671875
2441.504638671875
2493.255859375
2537.8603515625
2575.11279296875
2604.728759765625
2627.3056640625
2643.223388671875
2653.29248046875
2657.7705078125
2657.0849609375
2651.603271484375
2641.5810546875
2627.48583984375
2609.943115234375
2589.654296875
2566.252685546875
2539.950927734375
2511.06494140625
2479.86572265625
2463.575439453125
2446.681884765625
2411.4716796875
2374.930908203125
2336.943359375
2297.635986328125
2257.664306640625
2217.2568359375
2176.664794921875
2135.757568359375
2094.934326171875
2054.416748046875
2014.2308349609375
1974.3077392578125
1934.6820068359375
1895.4417724609375
1856.60693359375
1818.2760009765625
