2006.9765625
2743.0380859375
3118.75732421875
2727.959716796875
2487.378662109375
2373.555908203125
2317.6318359375
2287.0703125
2273.4326171875
2263.79833984375
2262.61376953125
2266.89208984375
2271.87548828125
2273.26513671875
2272.506591796875
2278.229248046875
2288.17626953125
2300.435791015625
2312.276611328125
2325.38232421875
2325.110107421875
2295.393798828125
2280.6943359375
2277.9677734375
2287.8837890625
2312.221435546875
2346.91796875
2389.0673828125
2435.54638671875
2484.927001953125
2537.293701171875
2591.914306640625
92.99095916748047
88.10337829589844
88.84654235839844
89.8667984008789
90.6656265258789
91.54429626464844
1927.4351806640625
3005.630859375
2888.523681640625
2847.89208984375
2861.501708984375
2889.694580078125
2922.135009765625
2956.635498046875
2993.04736328125
3031.9833984375
3064.824951171875
3093.381103515625
3120.1201171875
3140.64453125
3155.857177734375
3185.951416015625
3203.8310546875
3218.896728515625
3230.886962890625
3234.8037109375
3222.940673828125
3202.576171875
3177.490478515625
3144.232421875
3102.44189453125
3054.84033203125
3000.79248046875
2939.947509765625
2873.27734375
2802.587646484375
2729.23779296875
2654.31689453125
2578.7451171875
2503.12841796875
2428.01416015625
2353.396240234375
2278.633056640625
2204.3173828125
2131.345703125
2060.197509765625
1991.5946044921875
1926.3065185546875
1864.4881591796875
1805.8082275390625
1749.38134765625
1694.3427734375
1640.1226806640625
1586.4617919921875
1533.2362060546875
1480.165771484375
1427.47119140625
1375.279296875
1324.5252685546875
1275.8602294921875
