2083.8671875
2062.677734375
2030.0745849609375
2004.54931640625
2002.346435546875
2063.061279296875
2080.123779296875
2076.03466796875
2072.63623046875
2081.369873046875
2090.044189453125
2108.47509765625
2122.069580078125
2128.099609375
2141.024169921875
2162.61669921875
2192.754150390625
2224.44091796875
2254.7216796875
2277.73291015625
2303.091552734375
2329.56689453125
2352.93896484375
2376.37939453125
2401.936279296875
2432.639892578125
2473.970703125
2532.732666015625
2603.708251953125
2685.56103515625
2780.019287109375
2880.28759765625
124.39672088623047
123.26004028320312
124.34025573730469
124.60874938964844
125.13218688964844
125.40965270996094
1968.89697265625
2387.614501953125
2686.966796875
2948.99072265625
3187.343505859375
3411.7861328125
3631.558349609375
3845.554931640625
4056.052001953125
4264.748046875
4474.43408203125
4684.818359375
4896.904296875
5109.5166015625
5332.92041015625
5559.27099609375
5783.6259765625
6052.07958984375
6383.05859375
6731.14599609375
7018.88330078125
7256.15234375
7467.24951171875
7678.8388671875
7873.185546875
8019.0
8207.072265625
8411.8193359375
8594.4013671875
8718.9189453125
8828.2509765625
8931.01953125
9043.025390625
8946.7001953125
8328.1240234375
8062.94140625
7891.01220703125
7596.80615234375
7339.93359375
7096.7607421875
6864.19189453125
6639.015625
6418.0322265625
6200.34765625
5998.54931640625
5802.57080078125
5615.69970703125
5437.47802734375
5266.0205078125
5099.18701171875
4965.16015625
4839.93017578125
4730.06884765625
4629.001953125
4530.9013671875
