2070.634765625
2032.162353515625
1992.3382568359375
2083.349365234375
2097.5537109375
2075.5126953125
2060.90283203125
2050.644775390625
2046.1041259765625
2043.133056640625
2038.8271484375
2033.547119140625
2050.292724609375
2065.955078125
2082.197021484375
2088.90673828125
2094.837890625
2103.464111328125
2123.0712890625
2154.77392578125
2184.277099609375
2210.3046875
2238.881591796875
2270.565185546875
2308.4609375
2361.0458984375
2422.98046875
2502.41455078125
2599.889892578125
2707.812255859375
2820.119873046875
2937.236572265625
120.56141662597656
122.82005310058594
123.78165435791016
124.14112854003906
124.24114990234375
124.30961608886719
2197.4873046875
2620.972412109375
2750.819091796875
2904.8271484375
3092.190185546875
3298.468505859375
3512.536376953125
3727.31005859375
3940.501708984375
4164.45947265625
4378.75634765625
4604.2529296875
4827.6962890625
5051.126953125
5280.974609375
5435.49951171875
5326.927734375
5226.03759765625
5128.3955078125
5030.72607421875
4932.484375
4833.17431640625
4731.15771484375
4627.3779296875
4524.46484375
4419.77099609375
4310.93896484375
4203.20263671875
4093.90087890625
4002.1279296875
3900.46484375
3792.433349609375
3684.291015625
3578.667236328125
3474.3671875
3370.716796875
3270.894287109375
3173.72509765625
3074.48046875
2972.06396484375
2866.753173828125
2755.2353515625
2641.47119140625
2525.4951171875
2406.61279296875
2288.6796875
2177.074951171875
2083.640380859375
1990.944580078125
1898.711181640625
1806.000732421875
1713.3309326171875
1621.4093017578125
1532.0479736328125
