2029.9075927734375
1924.7545166015625
1696.934814453125
1619.2239990234375
1537.30322265625
1464.8502197265625
1427.4443359375
1402.2850341796875
1379.60107421875
1367.5845947265625
1358.1871337890625
1346.0953369140625
1333.9327392578125
1325.1746826171875
1320.5443115234375
1318.0482177734375
1315.15087890625
1312.9132080078125
1312.369140625
1315.6688232421875
1324.8402099609375
1340.362548828125
1363.6553955078125
1395.2225341796875
1434.6287841796875
1480.4892578125
1531.276123046875
1586.073486328125
1647.67724609375
1709.0777587890625
1770.2408447265625
1831.352294921875
152.34371948242188
147.3207244873047
163.2991485595703
178.55821228027344
190.82579040527344
200.8442840576172
2167.038818359375
2263.275634765625
2307.00439453125
2350.575439453125
2385.70703125
2417.2509765625
2447.470947265625
2492.7041015625
2549.961669921875
2602.986328125
2650.004638671875
2695.352783203125
2745.84912109375
2796.79638671875
2840.814697265625
2876.160400390625
2902.963134765625
2921.7666015625
2933.184326171875
2937.780029296875
2936.31884765625
2928.803466796875
2915.65673828125
2897.146484375
2873.549560546875
2845.742431640625
2814.81591796875
2780.978759765625
2743.9033203125
2703.773681640625
2660.924072265625
2615.50830078125
2567.85791015625
2518.065185546875
2466.76953125
2414.475341796875
2361.656982421875
2308.26025390625
2254.90966796875
2201.706787109375
2148.831298828125
2096.357666015625
2044.10791015625
1992.254150390625
1939.55224609375
1887.212158203125
1835.5203857421875
1784.8553466796875
1735.2288818359375
1686.806640625
1639.55126953125
1593.530029296875
1548.78125
1505.2894287109375
