2085.003173828125
2072.059814453125
2040.8388671875
2012.9364013671875
2007.197021484375
2055.533447265625
2067.7734375
2080.133056640625
2073.990234375
2070.3642578125
2070.5419921875
2086.97314453125
2117.024169921875
2146.65869140625
2170.9677734375
2192.307373046875
2199.080078125
2193.1083984375
2212.110595703125
2225.252685546875
2229.669921875
2243.08740234375
2263.111083984375
2290.822021484375
2316.338134765625
2344.855712890625
2384.67822265625
2438.443115234375
2505.78369140625
2588.638427734375
2698.396484375
2800.174072265625
101.03578186035156
105.9818115234375
103.7813491821289
104.14608764648438
104.200927734375
104.35597229003906
1613.3023681640625
1638.5347900390625
1599.7119140625
3005.99755859375
3953.701171875
3975.093994140625
3856.710693359375
3800.84033203125
3835.720947265625
3940.86572265625
4084.296875
4249.38671875
4433.38134765625
4614.39306640625
4792.2353515625
4970.625
5157.21044921875
5358.7470703125
5307.18896484375
5233.021484375
5222.4853515625
5246.3447265625
5289.10791015625
5338.9111328125
5391.97314453125
5446.13134765625
5498.5302734375
5547.46533203125
5593.09130859375
5634.568359375
5672.76708984375
5709.30029296875
5742.9365234375
5773.0234375
5799.17919921875
5820.91064453125
5837.63134765625
5848.8271484375
5853.546875
5850.7099609375
5840.5634765625
5823.734375
5799.921875
5770.0498046875
5733.5341796875
5692.0654296875
5646.74951171875
5598.66162109375
5547.81689453125
5494.28125
5438.6025390625
5381.2548828125
5322.49755859375
5262.19091796875
