2085.08935546875
2063.769287109375
2034.4862060546875
2009.647705078125
1992.444580078125
2023.428466796875
2056.203857421875
2045.93212890625
2038.080322265625
2060.445068359375
2077.3876953125
2104.586669921875
2129.02880859375
2148.893310546875
2168.21435546875
2192.928955078125
2211.944091796875
2228.59619140625
2248.811767578125
2274.0791015625
2300.309326171875
2326.931884765625
2355.799560546875
2395.5185546875
2452.75732421875
2523.55712890625
2607.715576171875
2704.214599609375
2810.9296875
2927.303466796875
3053.126220703125
3186.224609375
120.96864318847656
122.54676818847656
123.4810562133789
124.06539154052734
124.4731216430664
124.76432800292969
2443.8154296875
2938.236328125
3197.86669921875
3397.666015625
3591.64453125
3794.885498046875
4008.605224609375
4226.1025390625
4442.9228515625
4658.24609375
4872.40087890625
5084.2568359375
5293.14111328125
5494.91552734375
5693.79345703125
5905.5791015625
6116.0234375
6331.7158203125
6544.60986328125
6750.55419921875
6952.9189453125
7168.87451171875
7332.0751953125
7463.7265625
7587.41357421875
7702.51904296875
7783.92919921875
7850.51171875
7914.02880859375
7972.021484375
7978.1171875
7944.07666015625
7908.6474609375
7886.94287109375
7874.27294921875
7847.728515625
7808.3798828125
7764.85888671875
7718.37451171875
7672.509765625
7570.1669921875
7245.22802734375
6954.17333984375
6685.45947265625
6425.56396484375
6179.96630859375
5946.34619140625
5720.78271484375
5502.533203125
5292.2998046875
5083.7197265625
4876.65234375
4677.18017578125
4491.70849609375
