1879.4791259765625
1487.1800537109375
1197.3663330078125
1010.6294555664062
945.2186889648438
922.4765625
893.8930053710938
865.1421508789062
837.1788330078125
809.9677124023438
783.5974731445312
758.2549438476562
734.5018310546875
712.0758666992188
690.096435546875
668.3493041992188
647.2095947265625
626.7575073242188
606.6199340820312
594.3983154296875
586.611328125
579.7874755859375
569.6471557617188
556.9517822265625
542.3123168945312
526.3308715820312
509.07452392578125
491.34539794921875
473.59014892578125
456.0621337890625
444.9278869628906
432.09722900390625
126.17692565917969
128.13645935058594
129.20986938476562
129.91757202148438
130.41781616210938
130.77772521972656
469.4709777832031
395.85357666015625
415.804443359375
426.75823974609375
445.8413391113281
451.034423828125
444.40185546875
432.28179931640625
418.77398681640625
405.7472229003906
394.5545654296875
385.956787109375
379.5326232910156
373.171142578125
367.7614440917969
363.3804931640625
359.7670593261719
356.8094177246094
354.7059326171875
355.7954406738281
366.41668701171875
377.08636474609375
384.9399719238281
392.1455383300781
398.5566711425781
404.9728698730469
413.48236083984375
423.67108154296875
434.72906494140625
446.80731201171875
459.8170166015625
476.18292236328125
494.35260009765625
514.9345092773438
537.8258666992188
561.5359497070312
584.697998046875
607.2708740234375
630.0402221679688
653.4608764648438
676.6727294921875
698.8411254882812
720.0881958007812
740.3029174804688
758.8839721679688
775.5101928710938
790.0448608398438
802.52587890625
812.923828125
821.254638671875
827.638427734375
832.3403930664062
835.5167236328125
837.3392944335938
