2014.7708740234375
2589.70849609375
2811.12744140625
2802.581298828125
2735.60693359375
2652.059326171875
2569.32568359375
2507.815673828125
2469.833984375
2451.0224609375
2441.576171875
2436.12109375
2440.792724609375
2445.563720703125
2451.44873046875
2459.031982421875
2469.046142578125
2482.06494140625
2495.5263671875
2510.659423828125
2524.5166015625
2483.358642578125
2453.056396484375
2431.202392578125
2420.544677734375
2422.057373046875
2436.00244140625
2460.71923828125
2492.86181640625
2528.87255859375
2566.515380859375
2603.9130859375
99.06729888916016
94.14275360107422
93.022216796875
91.74512481689453
93.015380859375
93.45230865478516
1521.3023681640625
2489.068115234375
2866.44580078125
2825.775634765625
2835.575439453125
2858.711669921875
2880.412353515625
2898.70361328125
2913.668212890625
2925.543212890625
2934.419189453125
2939.14404296875
2944.955322265625
2946.01416015625
2945.08984375
2945.72802734375
2942.204833984375
2934.237548828125
2926.788818359375
2918.62939453125
2907.173095703125
2894.989990234375
2879.521240234375
2868.5068359375
2850.609130859375
2820.829345703125
2783.6875
2739.9609375
2689.49267578125
2632.489501953125
2573.209228515625
2512.06787109375
2449.339599609375
2385.80078125
2322.819580078125
2259.64453125
2196.90087890625
2134.884765625
2073.302734375
2011.885498046875
1950.3797607421875
1889.8265380859375
1831.5859375
1776.09619140625
1723.2601318359375
1672.8189697265625
1624.7230224609375
1578.6904296875
1534.684326171875
1492.0352783203125
1450.6043701171875
1410.997314453125
1373.5506591796875
1338.3499755859375
