2076.6181640625
2041.196533203125
2004.4613037109375
2054.815185546875
2072.568115234375
2058.4287109375
2049.939697265625
2044.145263671875
2041.621337890625
2041.17578125
2058.2568359375
2068.947509765625
2099.583251953125
2123.901123046875
2139.84375
2167.5126953125
2194.955810546875
2228.088134765625
2275.45361328125
2347.17724609375
2437.39111328125
2546.725830078125
2677.731689453125
2847.4609375
3049.203857421875
3226.924072265625
3020.28173828125
2784.01611328125
2523.568603515625
2435.29248046875
2528.1943359375
2602.525146484375
107.60023498535156
109.61943054199219
111.26261901855469
112.49774932861328
113.48217010498047
114.28907775878906
1867.9102783203125
2335.35693359375
2382.879638671875
2477.488525390625
2590.882568359375
2703.9921875
2799.678466796875
2866.853271484375
2903.84619140625
2911.782958984375
2891.540283203125
2853.6328125
2805.62060546875
2754.4638671875
2707.7392578125
2661.118408203125
2615.716552734375
2572.10400390625
2529.97705078125
2489.86962890625
2466.033447265625
2451.537353515625
2416.517578125
2382.058349609375
2348.498779296875
2315.26220703125
2281.5595703125
2247.35009765625
2212.6259765625
2178.091552734375
2144.31494140625
2111.294677734375
2078.05859375
2044.291015625
2010.4267578125
1976.424560546875
1942.1519775390625
1907.66259765625
1872.943359375
1838.165283203125
1803.64306640625
1769.476318359375
1735.7310791015625
1702.4183349609375
1669.567138671875
1637.2685546875
1605.5052490234375
1574.2186279296875
1543.47265625
1513.5408935546875
1484.1197509765625
1455.0408935546875
1426.34130859375
1397.9991455078125
1370.042236328125
