2084.99462890625
2064.368408203125
2022.5626220703125
1994.146484375
2059.226318359375
2095.287353515625
2084.156982421875
2083.781005859375
2119.30126953125
2173.8583984375
2214.469970703125
2231.37841796875
2240.057861328125
2256.879638671875
2259.707275390625
2277.064453125
2309.906005859375
2341.409912109375
2375.658935546875
2421.335693359375
2481.98681640625
2567.351318359375
2685.33203125
2805.330078125
2881.4375
2967.73779296875
3106.622802734375
3264.28076171875
3462.365966796875
3654.375732421875
3875.591552734375
4135.22216796875
88.8810043334961
87.37891387939453
86.35084533691406
86.75181579589844
87.07417297363281
87.4157485961914
1397.1239013671875
1572.7489013671875
4429.9580078125
5756.4482421875
6037.53271484375
6090.29248046875
6134.3662109375
6164.3212890625
5881.83251953125
5717.3955078125
5602.09619140625
5508.9560546875
5431.79638671875
5366.93701171875
5308.76806640625
5251.82763671875
5192.85205078125
5130.60009765625
5066.63330078125
5000.9208984375
4932.64404296875
4859.94921875
4782.216796875
4699.74609375
4613.96142578125
4528.1650390625
4444.89453125
4365.3349609375
4291.9990234375
4221.68115234375
4153.26708984375
4084.494873046875
4015.14599609375
3946.750244140625
3880.200927734375
3815.85791015625
3753.200439453125
3691.5048828125
3629.93359375
3568.279296875
3506.245361328125
3443.91796875
3381.755126953125
3319.968505859375
3258.80224609375
3198.058837890625
3137.895263671875
3078.663330078125
3020.931640625
2964.47900390625
2909.223876953125
2855.206298828125
2802.133544921875
2749.75537109375
