2075.81787109375
2044.3446044921875
2010.51611328125
1992.2098388671875
2072.52490234375
2074.584228515625
2117.8359375
2147.11083984375
2169.2646484375
2205.0712890625
2244.50537109375
2294.42431640625
2347.231201171875
2407.865966796875
2476.71826171875
2550.276611328125
2631.0556640625
2720.414306640625
2824.063232421875
2945.483642578125
3086.005615234375
3244.3662109375
3416.423583984375
3597.431884765625
3782.404296875
3970.655517578125
4163.2392578125
4358.96875
4555.0439453125
4749.9951171875
4942.61279296875
5132.40283203125
213.24168395996094
181.19247436523438
168.26434326171875
161.1004180908203
155.48562622070312
150.5741424560547
3855.59619140625
4256.64892578125
4492.52490234375
4740.7373046875
4931.86474609375
5133.322265625
5365.11669921875
5632.84521484375
5926.38818359375
6241.20166015625
6613.71044921875
6967.66357421875
7341.60595703125
7659.0341796875
7932.4990234375
8174.958984375
8381.1787109375
8532.3125
8635.5751953125
8698.4228515625
8721.1767578125
8732.9970703125
8495.99609375
7992.5791015625
7549.12353515625
7143.96923828125
6759.60205078125
6381.22021484375
6004.00390625
5635.970703125
5279.0
4949.57470703125
4670.1640625
4427.09375
4209.10791015625
4015.431396484375
3842.85107421875
3687.2236328125
3544.239013671875
3408.88623046875
3274.891357421875
3144.47900390625
3021.01171875
2905.594970703125
2796.8134765625
2695.225830078125
2602.33154296875
2518.223876953125
2441.761962890625
2370.5517578125
2303.06396484375
2238.815185546875
2178.6259765625
2123.5068359375
2072.212158203125
2023.504150390625
