2021.9599609375
1900.2032470703125
1661.21240234375
1591.642333984375
1497.7347412109375
1440.07568359375
1399.5047607421875
1368.420654296875
1352.3978271484375
1337.5338134765625
1326.0645751953125
1323.2796630859375
1321.500244140625
1318.8514404296875
1316.220703125
1316.841796875
1325.1829833984375
1341.8651123046875
1367.97509765625
1404.4149169921875
1450.6038818359375
1504.4940185546875
1565.4149169921875
1633.931396484375
1703.2437744140625
1770.6959228515625
1835.6767578125
1898.4921875
1959.4818115234375
2016.9998779296875
2071.427490234375
2125.3837890625
290.2662658691406
294.8000793457031
314.2596130371094
333.8449401855469
351.4999084472656
367.3338317871094
2448.099609375
2522.763427734375
2533.927734375
2558.104736328125
2588.184814453125
2624.720947265625
2654.865966796875
2666.95751953125
2676.1279296875
2686.9345703125
2691.07763671875
2689.663818359375
2683.4560546875
2672.392333984375
2656.647705078125
2636.4345703125
2611.14404296875
2581.34716796875
2547.589599609375
2509.463623046875
2467.49755859375
2421.9150390625
2373.271240234375
2322.294921875
2269.390869140625
2215.083984375
2159.8310546875
2104.131591796875
2048.062744140625
1992.242919921875
1936.62255859375
1881.4951171875
1827.156494140625
1773.811767578125
1721.2840576171875
1669.6566162109375
1619.147216796875
1569.7017822265625
1521.252197265625
1473.1776123046875
1427.00732421875
1382.752685546875
1340.3387451171875
1299.6754150390625
1260.7318115234375
1223.623779296875
1188.0399169921875
1153.8262939453125
1120.914794921875
1089.2454833984375
1058.79736328125
1029.5128173828125
1001.3082885742188
974.1128540039062
947.8762817382812
922.5860595703125
