2050.0771484375
2005.0245361328125
2110.148681640625
2224.329345703125
2194.794189453125
2204.123291015625
2241.37744140625
2295.275390625
2341.74755859375
2385.9404296875
2445.014404296875
2511.40478515625
2585.288330078125
2674.64697265625
2788.635009765625
2933.04443359375
3110.62158203125
3317.2939453125
3547.592529296875
3796.814208984375
4059.517578125
4332.93798828125
4612.12255859375
4895.73095703125
5181.9765625
5468.626953125
5762.2763671875
6066.345703125
6381.3125
6709.01806640625
7103.3759765625
7543.40625
220.248291015625
180.0961151123047
187.33941650390625
206.44972229003906
228.53176879882812
250.64491271972656
7675.65869140625
9323.7236328125
10103.3154296875
9862.904296875
9732.2763671875
9629.142578125
9540.4892578125
9456.8525390625
9370.3662109375
9277.4619140625
9174.8583984375
9062.08984375
8938.529296875
8804.1748046875
8662.330078125
8516.30859375
8367.7099609375
8217.5087890625
8065.9208984375
7912.9521484375
7817.6708984375
7757.64111328125
7602.28369140625
7445.966796875
7288.46044921875
7130.85888671875
6973.43359375
6816.0361328125
6658.6982421875
6501.4619140625
6344.5751953125
6188.3759765625
6033.2099609375
5879.4384765625
5727.82421875
5579.02099609375
5433.57763671875
5291.6064453125
5153.140625
5018.3134765625
4887.22314453125
4759.80126953125
4635.90380859375
4515.88525390625
4399.62158203125
4286.7607421875
4176.51708984375
4068.65771484375
3964.620361328125
3864.074462890625
3766.71337890625
3671.991455078125
3579.97265625
3490.8017578125
3404.428955078125
