2085.000244140625
2074.3623046875
2046.8856201171875
2023.90771484375
2013.8616943359375
2044.6475830078125
2035.636474609375
2030.3734130859375
2075.5341796875
2080.038330078125
2077.595703125
2077.650634765625
2087.252685546875
2089.56298828125
2117.575439453125
2157.33984375
2173.521728515625
2185.786376953125
2202.096923828125
2214.807861328125
2231.05322265625
2255.147216796875
2282.22900390625
2306.83935546875
2315.30126953125
2331.629150390625
2375.551513671875
2441.9189453125
2525.08447265625
2634.89697265625
2770.94140625
2800.874267578125
109.97544860839844
108.99751281738281
107.51403045654297
106.03913879394531
106.67433166503906
107.12932586669922
1659.277099609375
1685.9393310546875
1657.2086181640625
2381.96484375
3574.747314453125
3858.365966796875
3817.571533203125
3731.310546875
3692.23876953125
3725.073974609375
3823.48779296875
3942.723876953125
4067.044677734375
4205.3154296875
4359.4677734375
4527.62060546875
4703.58837890625
4878.61181640625
4955.18017578125
4779.8369140625
4671.86376953125
4606.689453125
4570.16552734375
4551.22314453125
4541.5703125
4541.205078125
4552.15869140625
4570.85546875
4593.7177734375
4619.12060546875
4648.35791015625
4681.10888671875
4716.00390625
4753.091796875
4791.3759765625
4828.173828125
4863.111328125
4896.99609375
4930.39404296875
4962.30517578125
4991.1708984375
5014.95751953125
5027.2431640625
5034.921875
5043.3251953125
5046.87255859375
5042.80859375
5031.57861328125
5013.76513671875
4990.70068359375
4961.85791015625
4928.13916015625
4891.07568359375
4851.70166015625
4810.61328125
