2025.1646728515625
2308.78271484375
2252.561767578125
2196.03857421875
2325.51025390625
2333.242431640625
2284.38427734375
2227.39892578125
2188.4521484375
2168.532958984375
2169.907958984375
2181.87451171875
2206.04248046875
2252.6552734375
2306.390869140625
2358.12451171875
2406.068603515625
2449.793212890625
2492.8623046875
2538.00048828125
2585.912841796875
2636.413818359375
2695.79345703125
2769.571044921875
2859.73095703125
2965.140869140625
3083.339599609375
3211.839599609375
3347.733642578125
3488.507568359375
3632.541259765625
3778.95556640625
113.94390106201172
110.53457641601562
113.81845092773438
115.41863250732422
116.15365600585938
117.03572082519531
2430.47119140625
3317.508544921875
3870.459716796875
4185.31640625
4204.935546875
4158.72607421875
4143.81396484375
4147.3330078125
4164.90576171875
4185.91162109375
4208.7392578125
4239.5947265625
4270.64990234375
4297.92333984375
4324.8447265625
4344.115234375
4359.3818359375
4366.646484375
4374.6982421875
4386.38720703125
4394.1806640625
4392.74072265625
4379.98291015625
4356.72314453125
4323.47265625
4282.69775390625
4235.04931640625
4179.2998046875
4113.880859375
4040.48583984375
3962.70556640625
3878.708251953125
3790.056396484375
3698.377197265625
3604.95166015625
3510.423095703125
3414.98291015625
3318.795654296875
3222.361572265625
3126.30126953125
3031.231689453125
2937.117431640625
2890.36083984375
2843.803955078125
2752.01513671875
2661.715087890625
2574.841552734375
2491.25830078125
2411.0693359375
2333.938232421875
2259.381591796875
2187.1748046875
2117.338134765625
2049.583251953125
1983.5361328125
