2080.23828125
2050.55859375
2026.4708251953125
2009.942626953125
1992.2093505859375
1986.5499267578125
2064.08447265625
2061.328369140625
2125.9990234375
2170.005126953125
2220.872314453125
2273.20458984375
2337.421630859375
2400.451416015625
2459.56591796875
2519.3369140625
2583.133544921875
2659.198486328125
2757.924072265625
2879.210693359375
3017.787353515625
3169.627685546875
3332.07177734375
3503.21240234375
3681.298095703125
3865.73779296875
4056.63818359375
4251.65380859375
4451.662109375
4658.03564453125
4875.33154296875
5110.2802734375
5353.5
5601.30615234375
215.63076782226562
183.095703125
170.87603759765625
166.8571014404297
164.80654907226562
163.46148681640625
4347.5068359375
4841.2197265625
5106.173828125
5317.28564453125
5544.33056640625
5825.78515625
6150.64208984375
6543.21875
6970.634765625
7416.23486328125
7877.50244140625
8337.0400390625
8748.9619140625
9117.736328125
9409.0771484375
9634.5634765625
9811.53515625
9959.228515625
10078.3017578125
10179.9814453125
10261.2294921875
10308.361328125
10326.2197265625
9734.978515625
9165.875
8687.1220703125
8261.15234375
7873.82177734375
7513.90234375
7176.93310546875
6861.8515625
6564.90576171875
6284.23046875
6146.49658203125
6014.7509765625
5767.61083984375
5535.58056640625
5323.36669921875
5126.97607421875
4943.63818359375
4772.05908203125
4611.140625
4459.61279296875
4315.51611328125
4177.470703125
4045.20458984375
3918.20751953125
3795.199951171875
3675.05078125
3558.25537109375
3444.043701171875
3335.6669921875
3233.8037109375
3136.9560546875
3044.87548828125
