2013.397705078125
2449.49755859375
2291.591064453125
2281.318359375
2208.21923828125
2144.614990234375
2107.214111328125
2106.100830078125
2128.813720703125
2177.56201171875
2221.81494140625
2251.561279296875
2285.76904296875
2334.625732421875
2391.633544921875
2450.596435546875
2508.91357421875
2572.25830078125
2650.315673828125
2753.847412109375
2884.1689453125
3038.6806640625
3213.565673828125
3405.89794921875
3614.634033203125
3837.8310546875
3957.651611328125
4019.777099609375
4092.313720703125
4165.1455078125
4241.02099609375
4317.22998046875
130.4375762939453
122.30521392822266
151.56466674804688
185.18214416503906
206.69390869140625
220.41465759277344
4934.88232421875
4649.5693359375
4498.7841796875
4430.54052734375
4390.28369140625
4370.4326171875
4366.5908203125
4391.666015625
4413.77783203125
4424.9189453125
4439.06005859375
4437.20654296875
4414.30712890625
4375.41552734375
4310.5517578125
4222.09326171875
4116.365234375
3998.818359375
3873.302978515625
3742.64501953125
3608.63427734375
3473.207275390625
3335.751708984375
3197.197265625
3057.99462890625
2920.309814453125
2789.857666015625
2665.908203125
2546.0224609375
2429.81298828125
2317.193115234375
2208.827880859375
2105.550537109375
2006.1693115234375
1910.292724609375
1817.3211669921875
1728.4224853515625
1645.192626953125
1567.5966796875
1494.3524169921875
1424.7982177734375
1358.5740966796875
1295.5570068359375
1236.0931396484375
1179.710205078125
1126.347412109375
1076.4921875
1030.3824462890625
987.4556884765625
947.1178588867188
908.9954223632812
872.8831176757812
838.73193359375
806.5736694335938
