2073.960693359375
2043.2286376953125
2017.1768798828125
2000.046875
2011.703125
2055.81298828125
2070.34912109375
2102.443603515625
2118.059326171875
2127.06005859375
2139.243408203125
2176.16259765625
2216.810302734375
2242.907470703125
2269.1591796875
2298.1533203125
2327.2626953125
2359.47216796875
2406.847900390625
2473.43505859375
2560.635498046875
2667.473876953125
2791.312744140625
2932.011962890625
3086.977294921875
3257.430908203125
3451.437744140625
3670.9560546875
3909.22900390625
4160.6435546875
4419.52734375
4680.146484375
4939.6220703125
170.71328735351562
152.69068908691406
154.9094696044922
160.16648864746094
165.22535705566406
169.1562957763672
4438.10302734375
4691.0927734375
4749.28515625
4778.8125
4907.89111328125
5158.76611328125
5481.33642578125
5861.666015625
6322.3154296875
6886.19580078125
7428.2265625
7917.00146484375
8320.6728515625
8643.4794921875
8879.61328125
9055.2275390625
9157.873046875
9218.8125
9288.119140625
9324.640625
9379.7216796875
9404.51953125
9418.4775390625
9447.1357421875
9457.58203125
9467.2001953125
9220.5439453125
8680.78515625
8232.4716796875
7811.67626953125
7413.83154296875
7052.388671875
6716.29638671875
6406.48486328125
6132.38427734375
5879.970703125
5637.44580078125
5401.462890625
5173.3486328125
4954.61669921875
4747.45703125
4554.5810546875
4377.20166015625
4213.1875
4058.833984375
3910.581298828125
3767.2294921875
3631.543701171875
3504.2939453125
3385.59033203125
3276.787841796875
3174.68798828125
3077.03076171875
2981.90380859375
2889.982177734375
