2076.771484375
2042.1759033203125
2003.2701416015625
2006.8819580078125
2059.712890625
2095.85791015625
2138.24755859375
2180.184814453125
2212.16552734375
2265.744140625
2329.696044921875
2383.691650390625
2434.461669921875
2486.61474609375
2551.938720703125
2649.226318359375
2774.675537109375
2924.02294921875
3094.516845703125
3282.631591796875
3483.1376953125
3691.4208984375
3908.51708984375
4135.43896484375
4369.8251953125
4612.99267578125
4870.73046875
5145.306640625
5437.9189453125
5750.3974609375
6059.8251953125
6369.90966796875
394.2178955078125
286.2043151855469
243.88955688476562
225.90274047851562
218.07872009277344
214.8220672607422
5559.88623046875
5997.7353515625
6164.845703125
6355.44775390625
6640.033203125
7020.94091796875
7479.49267578125
8008.15283203125
8544.83203125
9086.1396484375
9628.9990234375
10099.74609375
10515.6572265625
10883.9677734375
11223.568359375
11537.2236328125
11819.3818359375
12061.521484375
12267.8251953125
11493.4794921875
10895.5576171875
10378.595703125
9909.31640625
9475.443359375
9070.3544921875
8689.8779296875
8330.9248046875
7991.44873046875
7670.15673828125
7513.849609375
7362.15234375
7073.5380859375
6799.22119140625
6539.3095703125
6293.21435546875
6060.32470703125
5839.95166015625
5631.24609375
5433.826171875
5247.19970703125
5070.62451171875
4903.27734375
4744.0029296875
4591.95166015625
4446.27880859375
4305.9697265625
4170.3134765625
4039.138916015625
3912.5576171875
3790.6171875
3673.295166015625
3560.291748046875
3451.266845703125
3345.77685546875
3243.4296875
