2085.138671875
2059.616455078125
2024.324462890625
1996.9854736328125
2014.455078125
2051.753662109375
2039.4935302734375
2053.8134765625
2077.540771484375
2112.827880859375
2140.790771484375
2169.330322265625
2200.484375
2224.4560546875
2251.636962890625
2284.721923828125
2318.291748046875
2355.558837890625
2406.7568359375
2482.287841796875
2578.433349609375
2696.4873046875
2832.992431640625
2985.985595703125
3153.653076171875
3332.142333984375
3520.03515625
3717.541748046875
3924.7578125
4140.32177734375
4359.48046875
4577.77099609375
184.63961791992188
173.33828735351562
174.78146362304688
178.3432159423828
181.9421844482422
184.57118225097656
4195.60107421875
4340.8505859375
4379.76806640625
4439.46533203125
4581.0087890625
4809.74072265625
5100.421875
5260.12109375
5431.06396484375
5808.76416015625
6226.75048828125
6638.8759765625
7045.4833984375
7428.099609375
7590.87548828125
7728.53662109375
7959.783203125
8117.65234375
8182.962890625
8213.990234375
8243.8603515625
8270.6923828125
8277.0771484375
8254.84375
8207.994140625
8142.60546875
8082.11865234375
7884.66455078125
7485.18310546875
7126.32958984375
6788.67919921875
6468.666015625
6159.92724609375
5869.52783203125
5596.275390625
5336.4873046875
5082.80615234375
4822.12060546875
4570.55322265625
4346.2001953125
4143.849609375
3950.66650390625
3759.59228515625
3582.45068359375
3413.421630859375
3252.2763671875
3101.1201171875
2960.798583984375
2827.13671875
2698.56298828125
2575.34228515625
2455.663330078125
2338.188232421875
2224.55419921875
2121.34814453125
2025.91064453125
1935.127685546875
