2066.285888671875
2023.913818359375
1984.2030029296875
2116.69189453125
2098.95068359375
2115.560302734375
2205.766845703125
2263.67041015625
2296.819580078125
2326.21875
2348.777099609375
2370.40234375
2395.653076171875
2419.326416015625
2454.97900390625
2512.628662109375
2593.252197265625
2694.783935546875
2817.461669921875
2961.256591796875
3122.533935546875
3296.00439453125
3480.574951171875
3675.493896484375
3879.24951171875
4088.515869140625
4299.96533203125
4519.423828125
4747.59326171875
4972.04296875
5195.482421875
5421.09375
183.64468383789062
179.9325714111328
190.9019012451172
199.2256317138672
204.59512329101562
207.39068603515625
4790.58544921875
5080.140625
5307.98388671875
5573.08154296875
5868.310546875
6214.720703125
6624.21875
7039.96630859375
7479.97216796875
7982.693359375
8437.4033203125
8890.744140625
9345.095703125
9814.533203125
10263.5771484375
10408.9287109375
9893.65625
9485.421875
9124.041015625
8786.30859375
8459.3154296875
8140.14501953125
7826.697265625
7517.8505859375
7213.23046875
6913.92333984375
6621.009765625
6336.12158203125
6060.72216796875
5794.38330078125
5537.54736328125
5290.07421875
5051.287109375
4821.5869140625
4602.0791015625
4393.46728515625
4195.232421875
4006.70166015625
3826.779052734375
3654.891845703125
3489.9091796875
3331.6796875
3181.84765625
3038.1904296875
2899.501708984375
2768.450927734375
2645.00341796875
2527.032958984375
2416.626708984375
2313.60498046875
2218.75341796875
2130.978271484375
2051.666748046875
1975.6849365234375
