2021.2972412109375
2338.762939453125
2229.651123046875
2241.702880859375
2338.23388671875
2324.630126953125
2264.569091796875
2216.873046875
2190.864501953125
2201.25927734375
2224.4521484375
2278.071533203125
2342.552490234375
2408.55517578125
2470.598876953125
2530.430908203125
2592.904052734375
2658.73974609375
2734.75634765625
2830.380859375
2948.220703125
3085.554931640625
3238.323486328125
3401.2802734375
3570.215087890625
3742.571044921875
3918.16943359375
4062.635986328125
4074.394775390625
4098.240234375
4125.6640625
4152.96044921875
129.73365783691406
115.74826049804688
125.11780548095703
148.35833740234375
160.47361755371094
166.66925048828125
3862.448974609375
4335.5556640625
4238.90869140625
4169.31591796875
4124.951171875
4114.8759765625
4125.916015625
4144.31103515625
4163.7109375
4178.646484375
4186.47900390625
4193.8369140625
4208.3212890625
4215.5302734375
4213.69482421875
4191.25048828125
4154.38330078125
4132.8046875
4107.42041015625
4043.947021484375
3970.45947265625
3886.334228515625
3791.24853515625
3687.533203125
3577.449462890625
3462.323486328125
3343.542236328125
3222.1474609375
3099.710205078125
3024.3955078125
2977.41943359375
2856.580810546875
2739.114990234375
2626.98876953125
2520.252685546875
2417.930419921875
2319.5673828125
2225.140380859375
2134.015869140625
2046.107421875
1962.317138671875
1882.8685302734375
1807.386474609375
1735.50830078125
1667.307861328125
1602.904541015625
1542.5150146484375
1486.052978515625
1433.1563720703125
1383.29833984375
1335.55078125
1289.47802734375
1245.57177734375
1204.3623046875
1165.731201171875
1129.2037353515625
