2059.540283203125
2016.3243408203125
2024.9266357421875
2111.213134765625
2093.681396484375
2110.402099609375
2143.26953125
2162.343505859375
2161.868408203125
2166.396728515625
2173.124755859375
2179.92333984375
2189.649169921875
2196.82958984375
2212.42333984375
2237.4365234375
2261.94921875
2287.81201171875
2313.826416015625
2363.299072265625
2436.20654296875
2527.08251953125
2632.56982421875
2752.19482421875
2887.507080078125
3031.937744140625
3181.064208984375
3336.87353515625
3499.211669921875
3666.7548828125
3838.87939453125
4017.033203125
113.77034759521484
116.72223663330078
118.0381851196289
120.26554870605469
137.10781860351562
147.76280212402344
3794.802734375
4096.39306640625
4285.47314453125
4470.16064453125
4677.625
4920.076171875
5185.94384765625
5463.31689453125
5749.0283203125
6061.8876953125
6363.326171875
6644.43212890625
6907.30322265625
7139.96142578125
7350.5166015625
7518.72900390625
7652.57763671875
7754.87353515625
7832.87841796875
7929.20703125
8014.85986328125
7793.14111328125
7436.88916015625
7125.25732421875
6839.0126953125
6557.7734375
6289.08349609375
6036.05224609375
5772.716796875
5515.3173828125
5290.3525390625
5077.94580078125
4868.3369140625
4670.05029296875
4479.15478515625
4295.6025390625
4119.57763671875
3950.490966796875
3781.81787109375
3612.438232421875
3439.78955078125
3266.003173828125
3109.5263671875
2957.700439453125
2812.2880859375
2671.949951171875
2532.509765625
2405.1494140625
2293.782470703125
2194.1591796875
2103.339599609375
2018.0421142578125
1935.2437744140625
1855.4542236328125
