2085.0
2059.933349609375
2023.4227294921875
1994.93115234375
2084.790283203125
2096.1806640625
2084.33837890625
2078.878662109375
2079.6455078125
2078.455078125
2086.861328125
2092.42529296875
2020.767578125
1948.94873046875
1912.97314453125
1881.893798828125
1844.528564453125
1808.47607421875
1779.8577880859375
1761.2122802734375
1750.43408203125
1739.663818359375
1731.5814208984375
1724.004638671875
1712.2020263671875
1707.298583984375
1709.6553955078125
1713.170166015625
1718.03955078125
1727.447021484375
1754.925048828125
1781.5675048828125
114.47872161865234
115.31600189208984
115.71842956542969
116.06187438964844
116.41251373291016
116.83292388916016
1504.19482421875
2036.181884765625
2069.279052734375
2089.025634765625
2152.384521484375
2238.789794921875
2326.097900390625
2403.588623046875
2468.9951171875
2521.79052734375
2562.797607421875
2594.542724609375
2618.80908203125
2636.1572265625
2647.153564453125
2651.96044921875
2650.263671875
2642.068603515625
2627.400634765625
2606.3896484375
2580.654541015625
2552.668212890625
2523.8984375
2494.724853515625
2464.970458984375
2433.773681640625
2400.78564453125
2365.88134765625
2328.9599609375
2290.243408203125
2249.994140625
2208.62548828125
2166.40478515625
2123.66943359375
2080.79052734375
2037.9359130859375
1995.2918701171875
1953.033203125
1911.3486328125
1870.3525390625
1830.2510986328125
1791.1141357421875
1752.949462890625
1715.888427734375
1679.8040771484375
1644.73046875
1610.657470703125
1577.5189208984375
1545.28076171875
1513.9403076171875
1483.513427734375
1454.044677734375
1425.5645751953125
1398.1021728515625
