2065.59033203125
2034.1536865234375
2015.7147216796875
2071.156005859375
2162.75244140625
2176.6337890625
2149.7509765625
2128.67724609375
2124.158203125
2137.21533203125
2152.915283203125
2174.869140625
2191.9736328125
2204.34375
2212.40869140625
2221.400390625
2236.3173828125
2256.494873046875
2277.899169921875
2298.71923828125
2321.387939453125
2349.91796875
2389.8544921875
2451.0751953125
2533.54150390625
2631.703125
2743.189208984375
2867.466796875
3003.11376953125
3148.364990234375
3301.249267578125
3461.36181640625
125.51228332519531
122.88015747070312
123.92769622802734
124.77494812011719
125.67279052734375
126.3497543334961
3089.505615234375
3816.27490234375
4031.435302734375
4127.54443359375
4235.8642578125
4381.47021484375
4560.4111328125
4764.9306640625
5003.3154296875
5259.140625
5521.45263671875
5806.67431640625
6099.689453125
6403.4765625
6729.44091796875
7059.34716796875
7434.41357421875
7797.34521484375
8152.31494140625
8150.396484375
8091.580078125
8053.7978515625
8006.1328125
7945.8984375
7873.76611328125
7793.7666015625
7705.517578125
7608.08642578125
7503.0703125
7386.3369140625
7258.35546875
7120.74951171875
6974.0078125
6812.96240234375
6651.93994140625
6488.76318359375
6323.97705078125
6158.47705078125
5993.89892578125
5830.5595703125
5667.93212890625
5505.41748046875
5344.013671875
5184.10888671875
5026.21142578125
4870.53076171875
4717.8740234375
4568.068359375
4420.9609375
4276.4755859375
4134.4189453125
3994.89990234375
3858.44189453125
3724.72900390625
