2053.76220703125
2011.5814208984375
1517.798095703125
1348.7806396484375
1299.8082275390625
1250.9974365234375
1210.151611328125
1174.64794921875
1150.0977783203125
1129.6219482421875
1111.27734375
1094.806396484375
1076.006103515625
1056.2744140625
1035.9591064453125
1015.2461547851562
999.6497192382812
984.1203002929688
970.6395874023438
956.7390747070312
941.6458129882812
929.6704711914062
917.9784545898438
905.048583984375
892.1234741210938
880.1431274414062
870.6497802734375
863.853271484375
857.0689086914062
849.5753173828125
841.8117065429688
834.9055786132812
118.46280670166016
119.39844512939453
119.670166015625
119.95075988769531
120.20858764648438
120.53218078613281
963.567626953125
798.66064453125
828.2020263671875
856.4642944335938
858.5859985351562
850.5047607421875
841.2825317382812
832.1365966796875
829.60791015625
844.869140625
863.4051513671875
881.0885620117188
902.2892456054688
924.2838745117188
948.5010375976562
973.9472045898438
1001.139404296875
1030.416259765625
1063.494384765625
1097.0389404296875
1130.9339599609375
1164.29931640625
1196.2978515625
1226.3531494140625
1254.201904296875
1279.9246826171875
1303.776123046875
1325.9000244140625
1345.6495361328125
1362.62353515625
1376.9521484375
1388.77392578125
1398.19091796875
1405.382568359375
1410.4375
1413.471923828125
1414.6014404296875
1414.4193115234375
1412.8509521484375
1409.8773193359375
1405.558349609375
1400.63818359375
1394.751953125
1387.82861328125
1380.0634765625
1371.42626953125
1361.9278564453125
1351.748779296875
1340.8565673828125
1329.3262939453125
1317.2291259765625
1304.6865234375
1291.738037109375
1278.435791015625
