8.915051460266113
13.289741516113281
11.35326099395752
9.360498428344727
8.499703407287598
8.148600578308105
8.025174140930176
7.94626522064209
7.863155841827393
7.776140213012695
7.703866958618164
7.647982120513916
7.610923767089844
7.592259407043457
7.556516170501709
7.510837078094482
7.47387170791626
7.451915740966797
7.448474407196045
7.467864036560059
7.508504867553711
7.566626071929932
7.640491485595703
7.722355842590332
7.7954535484313965
7.849185466766357
7.901131629943848
7.959327697753906
8.030529022216797
8.120097160339355
8.229665756225586
8.36065673828125
0.6488608121871948
0.544407844543457
0.5378206372261047
0.543627917766571
0.5504713654518127
0.5583361387252808
10.40247917175293
10.604339599609375
10.522834777832031
10.621783256530762
10.825854301452637
11.096927642822266
11.402509689331055
11.71461009979248
12.02628231048584
12.34006404876709
12.656444549560547
12.974817276000977
13.307744979858398
13.653600692749023
14.00459098815918
14.35544204711914
14.704222679138184
15.050211906433105
15.392839431762695
15.730687141418457
16.062267303466797
16.385929107666016
16.702274322509766
17.01146125793457
17.313182830810547
17.60936164855957
17.761816024780273
17.914318084716797
18.224878311157227
18.535306930541992
18.838573455810547
19.129817962646484
19.405488967895508
19.709383010864258
19.995113372802734
20.249746322631836
20.48029899597168
20.691896438598633
20.892337799072266
21.078874588012695
21.252038955688477
21.41554069519043
21.58551025390625
21.759897232055664
21.935073852539062
22.104528427124023
22.266801834106445
22.42079734802246
22.566930770874023
22.706151962280273
22.83951759338379
22.966506958007812
23.087724685668945
23.203914642333984
23.31427764892578
