0.1604263186454773
0.17934976518154144
0.20361369848251343
0.2085321545600891
0.20950613915920258
0.21033011376857758
0.21114829182624817
0.21190746128559113
0.21268370747566223
0.21378527581691742
0.21467220783233643
0.21566995978355408
0.2163754403591156
0.21735578775405884
0.21861062943935394
0.21978914737701416
0.22088618576526642
0.2219916433095932
0.22311639785766602
0.22429683804512024
0.22572274506092072
0.22752636671066284
0.22983437776565552
0.23264449834823608
0.2358749806880951
0.23954780399799347
0.24361099302768707
0.24822211265563965
0.25342172384262085
0.2591627836227417
0.2653883993625641
0.27200040221214294
0.013139727525413036
0.012612142600119114
0.012696510180830956
0.012848407961428165
0.013009103946387768
0.013157770037651062
0.24958761036396027
0.25957658886909485
0.267254501581192
0.27693843841552734
0.29810741543769836
0.3264274597167969
0.36081913113594055
0.37272152304649353
0.3641131520271301
0.3555101454257965
0.3469836115837097
0.3383808135986328
0.3296533226966858
0.32078492641448975
0.3118264675140381
0.3029601573944092
0.2933366894721985
0.28379493951797485
0.2743793725967407
0.2650339603424072
0.25606951117515564
0.24751079082489014
0.23917131125926971
0.2309592217206955
0.22690057754516602
0.2228901982307434
0.21507495641708374
0.20760895311832428
0.20043623447418213
0.19343090057373047
0.18649093806743622
0.1796618551015854
0.17322279512882233
0.16719172894954681
0.16129741072654724
0.15570233762264252
0.15078064799308777
0.1467544436454773
0.14332379400730133
0.1405828297138214
0.1384126991033554
0.1365002691745758
0.13653500378131866
0.13855496048927307
0.1422203928232193
0.14710628986358643
0.15299341082572937
0.15966768562793732
0.1661907285451889
0.17276258766651154
0.17960169911384583
0.1866331249475479
0.19389966130256653
0.20139986276626587
0.2089996486902237
