0.112864188849926
0.12368558347225189
0.13898658752441406
0.1490846425294876
0.1510915458202362
0.15165989100933075
0.15225452184677124
0.15291950106620789
0.1536252498626709
0.1542261838912964
0.15517379343509674
0.1562122255563736
0.1571553498506546
0.15809069573879242
0.15900176763534546
0.15985625982284546
0.16064336895942688
0.16144117712974548
0.16242021322250366
0.1635369509458542
0.16486041247844696
0.1664951741695404
0.16847723722457886
0.1707901954650879
0.1734980046749115
0.17648755013942719
0.1799270063638687
0.18388280272483826
0.18832553923130035
0.19324013590812683
0.19862474501132965
0.20445774495601654
0.010568724013864994
0.009794406592845917
0.009689537808299065
0.009719516150653362
0.009801235981285572
0.0099048912525177
0.18846097588539124
0.19901984930038452
0.20566943287849426
0.21302826702594757
0.2172754406929016
0.23186127841472626
0.24888074398040771
0.2682505249977112
0.26505306363105774
0.25855937600135803
0.25179243087768555
0.24490663409233093
0.23788219690322876
0.2307867407798767
0.2235555350780487
0.21613650023937225
0.20881088078022003
0.20152020454406738
0.194327250123024
0.18726013600826263
0.1802230030298233
0.1731754094362259
0.16623741388320923
0.15992800891399384
0.15399906039237976
0.1484377235174179
0.14314128458499908
0.13800550997257233
0.13300907611846924
0.1280771940946579
0.12322674691677094
0.1185097023844719
0.11433608084917068
0.11052309721708298
0.107133649289608
0.104519322514534
0.10247022658586502
0.10086219757795334
0.09957858920097351
0.09908793866634369
0.09979512542486191
0.1014772355556488
0.10400138050317764
0.10717011988162994
0.11084501445293427
0.11495501548051834
0.11940991878509521
0.12414351105690002
0.1291210949420929
0.1343509405851364
0.1397692859172821
0.14534108340740204
0.15102511644363403
0.15644632279872894
0.1615014374256134
