0.006611375138163567
0.0072108986787498
0.007973911240696907
0.008698560297489166
0.009321956895291805
0.009653706103563309
0.009869549423456192
0.009961350820958614
0.010062171146273613
0.010168001987040043
0.010243530385196209
0.0103145157918334
0.010384581983089447
0.010464579798281193
0.010557988658547401
0.010668299160897732
0.01079438254237175
0.010944572277367115
0.011124640703201294
0.011341036297380924
0.011592662893235683
0.011871181428432465
0.012170267291367054
0.012485845945775509
0.012815840542316437
0.013111560605466366
0.0134200444445014
0.013750004582107067
0.014101396314799786
0.014474689960479736
0.014876019209623337
0.01530723087489605
0.0009387235622853041
0.0009229928837157786
0.000932813563849777
0.0009445461328141391
0.0009560600738041103
0.0009673128952272236
0.016213759779930115
0.016707947477698326
0.01694689691066742
0.017261464148759842
0.017669780179858208
0.01807229034602642
0.018513573333621025
0.01899082213640213
0.019482776522636414
0.019966643303632736
0.020462539047002792
0.020990200340747833
0.02155345305800438
0.022137856110930443
0.02275093086063862
0.023389145731925964
0.024046489968895912
0.024710310623049736
0.025374431163072586
0.02605026587843895
0.02673746831715107
0.02744273655116558
0.028169868513941765
0.028912466019392014
0.029665695503354073
0.030447080731391907
0.03123057261109352
0.03204336389899254
0.03284546360373497
0.03364216908812523
0.034423839300870895
0.035187654197216034
0.036062370985746384
0.036847807466983795
0.03760610893368721
0.03833703324198723
0.03903857246041298
0.03968797251582146
0.04028155282139778
0.04081344977021217
0.04127802327275276
0.04051310941576958
0.03894034028053284
0.03757201135158539
0.03628920763731003
0.035072632133960724
0.03391537070274353
0.0328122042119503
0.0317574143409729
0.030745841562747955
0.02978142909705639
0.028862858191132545
0.027985017746686935
0.027145991101861
