7.122491359710693
8.711625099182129
11.58825969696045
14.441003799438477
15.030156135559082
15.308308601379395
15.124773979187012
15.464045524597168
16.072980880737305
16.731290817260742
17.123817443847656
17.041601181030273
17.08036231994629
17.424835205078125
18.101879119873047
19.088836669921875
20.312000274658203
21.492067337036133
22.894210815429688
24.840721130371094
27.5631160736084
31.602880477905273
37.69110870361328
45.5166130065918
55.305206298828125
65.62586212158203
78.0831527709961
92.6400146484375
110.01473236083984
129.61680603027344
150.61497497558594
173.60740661621094
4.611758232116699
3.4813315868377686
3.6580944061279297
3.8029210567474365
3.9598805904388428
4.1189751625061035
94.39125061035156
148.10086059570312
295.66436767578125
326.7586669921875
360.51177978515625
366.821044921875
384.2424011230469
402.65960693359375
419.7823486328125
433.63116455078125
444.8860168457031
454.2598876953125
462.0427551269531
468.4413146972656
473.44427490234375
476.2140808105469
477.4740295410156
477.9877014160156
478.1280212402344
477.9750671386719
477.6308288574219
476.6835021972656
475.1302185058594
473.07373046875
470.65631103515625
468.00018310546875
465.171875
463.7911682128906
462.2154541015625
458.9931945800781
455.8528747558594
452.7652282714844
449.7002868652344
446.69012451171875
443.732421875
440.8340759277344
438.03045654296875
435.3179626464844
432.7306823730469
430.2727355957031
427.5169982910156
423.8297424316406
420.674560546875
417.8036193847656
415.06793212890625
412.2189636230469
409.4711608886719
406.85565185546875
404.39398193359375
402.0503234863281
399.8536376953125
397.822998046875
395.9376525878906
394.1907958984375
392.5501708984375
