0.023677095770835876
0.02795913629233837
0.02978651598095894
0.03073178604245186
0.030861038714647293
0.030842818319797516
0.030864136293530464
0.030980592593550682
0.031193194910883904
0.031513113528490067
0.03185335919260979
0.032132647931575775
0.03239231929183006
0.03268568217754364
0.03302633762359619
0.03338513523340225
0.033749718219041824
0.034119512885808945
0.03451797738671303
0.03498828783631325
0.035561684519052505
0.03624492138624191
0.03703097254037857
0.0379093736410141
0.03886443004012108
0.03991252928972244
0.04105637967586517
0.04081117734313011
0.040303006768226624
0.039798445999622345
0.039274729788303375
0.03873617947101593
0.0018863915465772152
0.0017614137614145875
0.0019119515782222152
0.001994272693991661
0.0020421252120286226
0.002072673523798585
0.041634850203990936
0.03919593617320061
0.037451814860105515
0.03635856509208679
0.035480398684740067
0.03466026484966278
0.03384145349264145
0.033437736332416534
0.03302334249019623
0.0321829728782177
0.031340137124061584
0.030473530292510986
0.02957027032971382
0.028643788769841194
0.027703482657670975
0.026767298579216003
0.025836031883955002
0.02491707354784012
0.02401912771165371
0.023145632818341255
0.022295933216810226
0.021466270089149475
0.020655158907175064
0.0198634285479784
0.01909003034234047
0.018342558294534683
0.01762259751558304
0.01694048009812832
0.0162899661809206
0.0159755926579237
0.01567012444138527
0.015086742118000984
0.014524396508932114
0.013981902040541172
0.013456379994750023
0.012948717921972275
0.012458622455596924
0.011985564604401588
0.011530331335961819
0.011101854965090752
0.010692701674997807
0.01030084490776062
0.009924633428454399
0.009555598720908165
0.009206471033394337
0.008880960755050182
0.00857394840568304
0.008284085430204868
0.008020618930459023
0.007784959394484758
0.007569469977170229
0.007370135746896267
0.007181023713201284
0.007001530844718218
0.006833658087998629
0.00667730625718832
