0.17215456068515778
0.18056759238243103
0.17770877480506897
0.18881481885910034
0.1991385966539383
0.20870599150657654
0.21793754398822784
0.22721940279006958
0.23644189536571503
0.24227982759475708
0.24420075118541718
0.2459644377231598
0.2476656436920166
0.2494899034500122
0.2510966658592224
0.25259506702423096
0.25393033027648926
0.25516369938850403
0.25631606578826904
0.25736644864082336
0.2583845555782318
0.25938305258750916
0.2602804899215698
0.261001855134964
0.26245808601379395
0.26381632685661316
0.2652052044868469
0.26682281494140625
0.26874518394470215
0.27114200592041016
0.2735423445701599
0.2761434316635132
0.024271082133054733
0.024240216240286827
0.024245303124189377
0.024208392947912216
0.024141699075698853
0.02406049519777298
0.249289408326149
0.2634132206439972
0.275488018989563
0.28704163432121277
0.29831287264823914
0.3093981146812439
0.3204081952571869
0.33167046308517456
0.34285783767700195
0.3531973361968994
0.36310333013534546
0.37276479601860046
0.3817649781703949
0.38922643661499023
0.42080819606781006
0.5093330144882202
0.6719719767570496
0.9618369936943054
1.3488010168075562
35.491416931152344
58.49927520751953
76.90079498291016
92.00984191894531
105.7239761352539
118.98640441894531
133.05223083496094
145.88124084472656
157.9430389404297
170.20123291015625
183.35812377929688
197.6375732421875
213.61376953125
232.14251708984375
255.73513793945312
285.2088928222656
310.89202880859375
331.89898681640625
352.9257507324219
369.31158447265625
372.44970703125
375.1684875488281
377.2275390625
378.1858215332031
376.69598388671875
374.9101257324219
373.2979431152344
371.7970886230469
384.7118225097656
411.0832214355469
418.8850402832031
421.4429931640625
421.9914855957031
421.7625427246094
421.2009582519531
