0.021603131666779518
0.023665079846978188
0.027137909084558487
0.029244258999824524
0.030252106487751007
0.03075670637190342
0.0311378613114357
0.03139564022421837
0.03155941888689995
0.03167153522372246
0.03182502090930939
0.032058991491794586
0.032289765775203705
0.032505348324775696
0.032666031271219254
0.03279338777065277
0.03291663900017738
0.03304770216345787
0.03318766877055168
0.03333587199449539
0.03349710628390312
0.03369167074561119
0.0339142270386219
0.034175366163253784
0.034497350454330444
0.0348905548453331
0.0353558324277401
0.03588945046067238
0.03648211061954498
0.03712566941976547
0.03781292587518692
0.03852991387248039
0.0023305013310164213
0.0021094498224556446
0.002014015568420291
0.0019683511927723885
0.001944604329764843
0.0019413962727412581
0.03493591770529747
0.037795018404722214
0.03938218206167221
0.04040133208036423
0.04121709242463112
0.04200368374586105
0.042827408760786057
0.043715231120586395
0.04466238617897034
0.045671917498111725
0.04678177833557129
0.04787358269095421
0.048876550048589706
0.04985181242227554
0.050833720713853836
0.05185176804661751
0.05289793759584427
0.05397553741931915
0.05509936437010765
0.05625831335783005
0.05702802911400795
0.055569641292095184
0.054283324629068375
0.053072329610586166
0.05188824236392975
0.05069229379296303
0.04950674995779991
0.04833805188536644
0.047195300459861755
0.04607200622558594
0.04495822638273239
0.043860189616680145
0.04277429357171059
0.041705839335918427
0.04067964106798172
0.03966652974486351
0.0386655293405056
0.0376751646399498
0.036691244691610336
0.03571321815252304
0.03474954143166542
0.0338105633854866
0.03290737792849541
0.0320424847304821
0.0312149990350008
0.030423186719417572
0.029664888978004456
0.02893524244427681
0.02822924591600895
0.027544232085347176
0.026878725737333298
0.02623090334236622
0.025598591193556786
0.024979889392852783
