6.9520263671875
7.985555171966553
10.34046459197998
13.284489631652832
15.074274063110352
15.200617790222168
14.693037033081055
14.361557006835938
14.553140640258789
15.166680335998535
15.986542701721191
16.711509704589844
17.28525733947754
17.782615661621094
18.29440689086914
18.6240234375
18.959213256835938
19.513959884643555
20.195676803588867
21.110363006591797
22.34107208251953
23.837005615234375
25.579030990600586
27.644027709960938
30.2103328704834
33.405914306640625
37.35865020751953
42.27511215209961
48.13029861450195
53.87119674682617
59.65863037109375
65.0449447631836
1.724858045578003
0.9955685138702393
0.8640788793563843
0.8599163889884949
0.8678430318832397
0.8753954172134399
19.361467361450195
29.68244171142578
62.4366340637207
107.11802673339844
118.3866958618164
125.40939331054688
133.5931854248047
144.2393798828125
157.3006591796875
172.08514404296875
187.74044799804688
203.86749267578125
220.2297821044922
236.90341186523438
254.23040771484375
262.7696533203125
271.382080078125
279.3031311035156
286.2783508300781
292.38568115234375
297.83453369140625
302.4179382324219
306.37445068359375
309.9562683105469
313.3175048828125
316.48876953125
319.4576110839844
322.2078552246094
324.7366638183594
326.91265869140625
328.5953063964844
329.87744140625
330.7034912109375
331.20355224609375
331.4682312011719
331.65185546875
331.7812194824219
331.7678527832031
331.65338134765625
331.4355163574219
331.1535949707031
330.8623352050781
330.54351806640625
330.191162109375
329.8220520019531
329.4281311035156
328.7364196777344
327.75103759765625
326.70489501953125
325.64630126953125
324.6055908203125
323.5956726074219
322.6128845214844
321.643310546875
