0.02170298434793949
0.026859257370233536
0.02972641959786415
0.030650191009044647
0.03088480234146118
0.030896922573447227
0.030859213322401047
0.030898667871952057
0.030996086075901985
0.031154977157711983
0.03135225176811218
0.03163168579339981
0.03196289762854576
0.03228268399834633
0.032558731734752655
0.03282056376338005
0.03310636803507805
0.03341758996248245
0.03375158831477165
0.034103214740753174
0.034479983150959015
0.03490552678704262
0.035400375723838806
0.03597535565495491
0.036633457988500595
0.037366945296525955
0.03816266730427742
0.03899175673723221
0.039858460426330566
0.040759917348623276
0.041327085345983505
0.040809549391269684
0.0020581341814249754
0.0014279005117714405
0.0014070735778659582
0.001397928805090487
0.0013935592724010348
0.001392130390740931
0.034562546759843826
0.04140397161245346
0.04137013480067253
0.04004104435443878
0.039250437170267105
0.038646306842565536
0.03809612616896629
0.03755718842148781
0.03690473735332489
0.03623441234230995
0.035550400614738464
0.03485266864299774
0.034150686115026474
0.033435966819524765
0.032711759209632874
0.03203248977661133
0.0313078947365284
0.0305692907422781
0.029827093705534935
0.029090723022818565
0.028354082256555557
0.027622461318969727
0.026888033375144005
0.0261516235768795
0.02541910670697689
0.0246944148093462
0.02397923730313778
0.0232754684984684
0.022585801780223846
0.021908467635512352
0.02124439738690853
0.020594319328665733
0.01995791122317314
0.019335871562361717
0.0187276229262352
0.018133211880922318
0.0175545085221529
0.016990166157484055
0.016437828540802002
0.015917804092168808
0.015428667888045311
0.014966793358325958
0.014529460109770298
0.014113047160208225
0.013713423162698746
0.013328700326383114
0.012958880513906479
0.012604855932295322
0.012267193756997585
0.011945684440433979
0.01163920946419239
0.011346045881509781
0.011064157821238041
0.010792672634124756
