0.04047780483961105
0.0438271090388298
0.04869905486702919
0.054219599813222885
0.055261824280023575
0.05560370907187462
0.05595124512910843
0.05631456896662712
0.056626904755830765
0.056917037814855576
0.057182520627975464
0.05740939825773239
0.0576852485537529
0.058034587651491165
0.05837789177894592
0.05867617949843407
0.0589786060154438
0.05928491801023483
0.05958428606390953
0.05989526957273483
0.06026227027177811
0.060705576092004776
0.0612475723028183
0.06188435107469559
0.06262152642011642
0.06344373524188995
0.06431902199983597
0.06528109312057495
0.06626493483781815
0.06726719439029694
0.06830203533172607
0.06937917321920395
0.003906261175870895
0.0037780373822897673
0.003721976652741432
0.0036736633628606796
0.0036461406853049994
0.003629374084994197
0.06287211924791336
0.06657369434833527
0.0688568726181984
0.0706414207816124
0.07226826995611191
0.0738820731639862
0.07554955780506134
0.0772935226559639
0.07936535775661469
0.08182264864444733
0.08452262729406357
0.08682418614625931
0.08887014538049698
0.09087327867746353
0.09260659664869308
0.09407893568277359
0.09556879848241806
0.09723296761512756
0.09919799119234085
0.10152742266654968
0.10502026230096817
0.10882563889026642
0.11272642761468887
0.11581733822822571
0.11874239891767502
0.12206405401229858
0.12620775401592255
0.1312180757522583
0.13697858154773712
0.14288632571697235
0.1451253741979599
0.15446266531944275
0.1879912167787552
0.42411306500434875
0.7295387387275696
1.1598999500274658
1.6462615728378296
2.084686279296875
2.5464580059051514
21.121646881103516
52.8126220703125
62.26994705200195
65.48108673095703
66.78033447265625
67.42803192138672
67.77195739746094
67.92060089111328
67.9986801147461
68.04415893554688
68.0683364868164
68.06656646728516
68.0657958984375
68.06502532958984
68.01996612548828
