0.007961024530231953
0.008793390356004238
0.009768915362656116
0.010796358808875084
0.01150479819625616
0.011672470718622208
0.01175895519554615
0.011832093819975853
0.011936738155782223
0.012065213173627853
0.012197439558804035
0.012316527776420116
0.012418593280017376
0.012522177770733833
0.012654739432036877
0.012842819094657898
0.013089810498058796
0.013387690298259258
0.013728792779147625
0.014105929993093014
0.014514351263642311
0.014900438487529755
0.015271916054189205
0.015661362558603287
0.016070015728473663
0.016498425975441933
0.01696009561419487
0.017450835555791855
0.017969660460948944
0.01852310821413994
0.0191235039383173
0.01976984739303589
0.001112556317821145
0.0010994933545589447
0.001106272917240858
0.0011153240920975804
0.0011244083289057016
0.0011331528658047318
0.020557239651679993
0.021183166652917862
0.021341772750020027
0.021516676992177963
0.02181435003876686
0.022232336923480034
0.022474907338619232
0.022750254720449448
0.023360921069979668
0.024012837558984756
0.02470949850976467
0.025431592017412186
0.02616114355623722
0.02688410133123398
0.027602583169937134
0.028326230123639107
0.02905276231467724
0.029784047976136208
0.03051767870783806
0.031247884035110474
0.0319642573595047
0.032705310732126236
0.03342100605368614
0.03408680111169815
0.034698355942964554
0.035258546471595764
0.035769272595644
0.03608905151486397
0.03466688469052315
0.03339523449540138
0.03218716010451317
0.031024187803268433
0.029904084280133247
0.028827257454395294
0.027794260531663895
0.026803340762853622
0.025852452963590622
0.024939319118857384
0.024071214720606804
0.02325012907385826
0.02247106470167637
0.021730348467826843
0.02102505974471569
0.02035106159746647
0.019706452265381813
0.01908944919705391
0.01849909871816635
0.017933877184987068
0.01739446073770523
0.016879891976714134
0.016388006508350372
0.01591763086616993
0.015468699857592583
0.015040779486298561
0.014633958227932453
