0.037897661328315735
0.04080456122756004
0.04478181153535843
0.049045465886592865
0.05219521000981331
0.05275987461209297
0.052906982600688934
0.05312582105398178
0.053471993654966354
0.053843311965465546
0.05418941751122475
0.05447693541646004
0.05480189248919487
0.055083267390728
0.05534881353378296
0.055656798183918
0.05597703531384468
0.056310445070266724
0.056680381298065186
0.05716358497738838
0.057753607630729675
0.0584665946662426
0.059289008378982544
0.060209307819604874
0.061228517442941666
0.062326591461896896
0.06349792331457138
0.06477269530296326
0.06611490249633789
0.06753077358007431
0.06901092082262039
0.07053393125534058
0.003987695090472698
0.0038570461329072714
0.003834921633824706
0.003839602693915367
0.003852306865155697
0.0038636974059045315
0.06739043444395065
0.06959576904773712
0.07084543257951736
0.07221876829862595
0.07392868399620056
0.07597920298576355
0.07709729671478271
0.07829984277486801
0.08089669793844223
0.08341053128242493
0.08606768399477005
0.08874048292636871
0.09096933156251907
0.09296634793281555
0.09473896026611328
0.09637799113988876
0.09798574447631836
0.09945107996463776
0.10075631737709045
0.10196635127067566
0.10337961465120316
0.10468578338623047
0.10582122206687927
0.10690886527299881
0.10789257287979126
0.10898428410291672
0.11006592214107513
0.10573899000883102
0.10174179077148438
0.09796241670846939
0.09429953247308731
0.09074325859546661
0.08727549016475677
0.08389857411384583
0.08065026998519897
0.07756993919610977
0.07467560470104218
0.07180765271186829
0.06891515105962753
0.06602726131677628
0.06302768737077713
0.060427017509937286
0.05809548869729042
0.055927060544490814
0.053886204957962036
0.052071262151002884
0.05052460357546806
0.04913904517889023
0.04786870256066322
0.04666265472769737
0.04569700360298157
0.0457070991396904
0.04658082127571106
0.05752161890268326
0.07178738713264465
