0.007716181688010693
0.008625869639217854
0.009739188477396965
0.010838641785085201
0.01112477295100689
0.01121883187443018
0.011286999098956585
0.011364519596099854
0.011478355154395103
0.011604156345129013
0.011740012094378471
0.01187387015670538
0.011985165067017078
0.012091338634490967
0.01220319140702486
0.012339796870946884
0.012498574331402779
0.012684319168329239
0.012905413284897804
0.013160580769181252
0.013448351994156837
0.01376366801559925
0.014097144827246666
0.014406566508114338
0.014706920832395554
0.015020362101495266
0.015347889624536037
0.015681544318795204
0.016020571812987328
0.016364112496376038
0.01671171933412552
0.017063789069652557
0.0009152666898444295
0.0008724250947125256
0.000868380768224597
0.0008731003035791218
0.0008795321919023991
0.0008856526110321283
0.01629020832479
0.017035555094480515
0.017350545153021812
0.017584703862667084
0.017859239131212234
0.018206337466835976
0.018616240471601486
0.01906036213040352
0.01953202486038208
0.020025290548801422
0.020543955266475677
0.021091103553771973
0.02166430838406086
0.02214243821799755
0.022607892751693726
0.02306693233549595
0.02350221946835518
0.02382493019104004
0.02318171039223671
0.022578565403819084
0.021998701617121696
0.0214315727353096
0.02087329514324665
0.020324792712926865
0.019784480333328247
0.019253302365541458
0.018732428550720215
0.01822439767420292
0.017730804160237312
0.01725029945373535
0.016781745478510857
0.016324752941727638
0.01588006131350994
0.015449656173586845
0.015032272785902023
0.014627325348556042
0.014234323054552078
0.013852446340024471
0.013480757363140583
0.013118768110871315
0.012768958695232868
0.012433603405952454
0.012111376971006393
0.01180015318095684
0.011499157175421715
0.01120768766850233
0.010925745591521263
0.010651865974068642
0.010385037399828434
0.01012460794299841
0.009871290996670723
0.009625214152038097
0.009386367164552212
0.009155556559562683
