0.16685117781162262
0.16953738033771515
0.18675647675991058
0.20959962904453278
0.22680918872356415
0.23138156533241272
0.23433707654476166
0.23628440499305725
0.23797087371349335
0.23952177166938782
0.24085289239883423
0.24184110760688782
0.2429368644952774
0.24423083662986755
0.24543839693069458
0.24655424058437347
0.247571662068367
0.2486448585987091
0.24969220161437988
0.25057023763656616
0.2515905201435089
0.2529383897781372
0.2546815276145935
0.25700563192367554
0.25961166620254517
0.26274311542510986
0.27104148268699646
0.2810216546058655
0.2921331524848938
0.3042299747467041
0.31809917092323303
0.3334009647369385
0.02811143733561039
0.027807239443063736
0.02733464352786541
0.025007568299770355
0.02346113882958889
0.022574296221137047
0.29555031657218933
0.31474947929382324
0.325974702835083
0.3459422290325165
0.36546963453292847
0.38383567333221436
0.4139777719974518
0.43706268072128296
0.46402379870414734
0.5321390628814697
0.6246827244758606
0.7470833659172058
0.9157405495643616
1.138124704360962
1.3349133729934692
8.458518981933594
23.034259796142578
30.74365234375
37.56281280517578
46.38346481323242
54.858612060546875
63.21349334716797
71.0041275024414
78.69889831542969
86.51834869384766
94.567138671875
102.57144927978516
108.17037200927734
111.82543182373047
116.21580505371094
120.6869125366211
124.76432037353516
128.32652282714844
131.59901428222656
134.77435302734375
137.50413513183594
139.61607360839844
141.23611450195312
142.51136779785156
143.58270263671875
144.50314331054688
145.329345703125
146.3253936767578
147.27444458007812
148.13134765625
148.87872314453125
149.49598693847656
149.85476684570312
149.7139434814453
149.54751586914062
149.4030303955078
149.24085998535156
148.90884399414062
148.57452392578125
148.26332092285156
147.9259490966797
