0.007735826540738344
0.008708287961781025
0.009777460247278214
0.010913458652794361
0.011164382100105286
0.01125379279255867
0.01133185438811779
0.011474346742033958
0.011692126281559467
0.011922379024326801
0.012157359160482883
0.012395163998007774
0.012676485814154148
0.013044578954577446
0.013488817028701305
0.013980604708194733
0.014431250281631947
0.014875160530209541
0.015350276604294777
0.01586286537349224
0.016402430832386017
0.01697251945734024
0.01758275181055069
0.018243620172142982
0.018955212086439133
0.019766297191381454
0.02056439034640789
0.021203886717557907
0.021842079237103462
0.02256675995886326
0.023347467184066772
0.02419341914355755
0.0012598492903634906
0.001224992098286748
0.0012279818765819073
0.001236615818925202
0.0012453884119167924
0.0012532741529867053
0.023327143862843513
0.02468745969235897
0.024217503145337105
0.02312435768544674
0.022126827389001846
0.021183397620916367
0.02027716487646103
0.019398169592022896
0.018541250377893448
0.017703454941511154
0.016883140429854393
0.016080841422080994
0.015302098356187344
0.014547854661941528
0.01383399311453104
0.013168777339160442
0.012550806626677513
0.01197468675673008
0.011437388136982918
0.010935015976428986
0.01046406477689743
0.010021292604506016
0.009603748098015785
0.009209605865180492
0.008836034685373306
0.008654719218611717
0.008478262461721897
0.008145558647811413
0.007832453586161137
0.007537268102169037
0.0072587295435369015
0.006995475850999355
0.006747045554220676
0.0065124365501105785
0.006290075834840536
0.006078709848225117
0.005876994226127863
0.005684038624167442
0.005499347113072872
0.005322589538991451
0.005153406877070665
0.00499121006578207
0.004835485480725765
0.004685873165726662
0.004542053211480379
0.0044037336483597755
0.004270712845027447
0.004142607096582651
0.0040191588923335075
0.0039001458790153265
0.003785335924476385
0.003674484323710203
0.003567467210814357
0.0034640475641936064
0.003364149248227477
