0.022362379357218742
0.027803802862763405
0.030393345281481743
0.031100323423743248
0.031150352209806442
0.031146196648478508
0.0312645249068737
0.03157114237546921
0.03208848088979721
0.032637737691402435
0.03314708173274994
0.033679403364658356
0.034278422594070435
0.03497752174735069
0.03581683710217476
0.03681384399533272
0.03796409070491791
0.0392320491373539
0.040601976215839386
0.0414278507232666
0.040679287165403366
0.03998478502035141
0.0392824187874794
0.0385509692132473
0.0377759151160717
0.036791205406188965
0.035803113132715225
0.03477463871240616
0.03373232111334801
0.03272328898310661
0.03171933814883232
0.030700048431754112
0.0028551642317324877
0.0025823081377893686
0.002606872469186783
0.0026762636844068766
0.0027432474307715893
0.002799184061586857
0.03386057913303375
0.03085624985396862
0.029126519337296486
0.02777601033449173
0.02650589868426323
0.025265436619520187
0.024053355678915977
0.02286096289753914
0.021680761128664017
0.020544538274407387
0.019480014219880104
0.01849720999598503
0.017576929181814194
0.01668752357363701
0.01584366336464882
0.015057695098221302
0.014326464384794235
0.013640661723911762
0.012994295917451382
0.012383950874209404
0.011805625632405281
0.011262957938015461
0.010761825367808342
0.010299460031092167
0.009870312176644802
0.0094700176268816
0.00909501500427723
0.008741438388824463
0.008407257497310638
0.008090662769973278
0.00779087794944644
0.007506484631448984
0.007235813420265913
0.006977918557822704
0.006732054520398378
0.006497477646917105
0.006273467559367418
0.00605933228507638
0.005854492541402578
0.005658411420881748
0.005470619536936283
0.005290681030601263
0.005118080880492926
0.0049523417837917805
0.00479308282956481
0.004640109371393919
0.004493268672376871
0.0043523311614990234
0.0042168512009084225
0.004086644854396582
0.003961390350013971
0.0038407044485211372
0.0037243403494358063
0.003611966036260128
