0.02436111867427826
0.02668294496834278
0.02886356972157955
0.030573898926377296
0.03268209472298622
0.03356710448861122
0.03407229855656624
0.034518443048000336
0.03490663319826126
0.03528161346912384
0.03566733002662659
0.03612286224961281
0.03661975637078285
0.037144728004932404
0.037712741643190384
0.03834984824061394
0.039076417684555054
0.039903901517391205
0.04082725569605827
0.04186905547976494
0.04298679903149605
0.04416664317250252
0.04541860148310661
0.04674506187438965
0.048139628022909164
0.04960541054606438
0.051149219274520874
0.052785757929086685
0.054568104445934296
0.05642501637339592
0.05798192322254181
0.05966604873538017
0.06146145612001419
0.06336282938718796
0.003349281381815672
0.0032639054115861654
0.003233656520023942
0.0032142316922545433
0.0031981843058019876
0.0031839627772569656
0.05789649859070778
0.06218746677041054
0.06496397405862808
0.06707176566123962
0.0689481645822525
0.07076343894004822
0.07261127233505249
0.07462292909622192
0.0743500143289566
0.07023843377828598
0.06652070581912994
0.06305801868438721
0.059684738516807556
0.05637771636247635
0.05314997211098671
0.04999902471899986
0.04692608118057251
0.043978624045848846
0.04149778187274933
0.03934431076049805
0.03742196410894394
0.03567695617675781
0.03407507389783859
0.03259063884615898
0.031206032261252403
0.02990790642797947
0.02868577651679516
0.02753312513232231
0.02697327733039856
0.026430221274495125
0.025406235828995705
0.02443838305771351
0.023521333932876587
0.022653114050626755
0.021831829100847244
0.021431419998407364
0.02104392647743225
0.020310701802372932
0.019613321870565414
0.01895103231072426
0.018321579322218895
0.017722826451063156
0.01715289056301117
0.016609374433755875
0.016089648008346558
0.015591306611895561
0.015114732086658478
0.014657901600003242
0.014218342490494251
0.013795338571071625
0.013387949205935001
0.012995177879929543
0.012615043669939041
0.012249509803950787
0.011899313889443874
0.0115642249584198
