0.03707386925816536
0.03984428197145462
0.043589845299720764
0.04726642370223999
0.05036584660410881
0.051457811146974564
0.051809653639793396
0.05201520025730133
0.052362579852342606
0.05292736366391182
0.05354926362633705
0.054173097014427185
0.05482454225420952
0.055586960166692734
0.05654359608888626
0.05770515650510788
0.05901794135570526
0.06044980511069298
0.0619506873190403
0.06352553516626358
0.06518282741308212
0.06695494055747986
0.06884253025054932
0.07080349326133728
0.0728658139705658
0.07505053281784058
0.07738329470157623
0.07982257008552551
0.08218160271644592
0.08446156978607178
0.08678916096687317
0.08894769847393036
0.0051048146560788155
0.0049160984344780445
0.004870932549238205
0.004849440883845091
0.004835890140384436
0.004824931267648935
0.08393821865320206
0.08754069358110428
0.08994049578905106
0.09212540835142136
0.0943671315908432
0.0966772735118866
0.10024385154247284
0.10453677177429199
0.10935582965612411
0.11448809504508972
0.1199604719877243
0.12605515122413635
0.1322953999042511
0.13849197328090668
0.14473968744277954
0.14763295650482178
0.1397123485803604
0.13296125829219818
0.1269010603427887
0.12132114171981812
0.11612526327371597
0.11125441640615463
0.10666590183973312
0.10233856737613678
0.09826774895191193
0.09444395452737808
0.0908551812171936
0.08747682720422745
0.08429361134767532
0.08128942549228668
0.07844887673854828
0.07575740665197372
0.07320474833250046
0.07077845931053162
0.06846675276756287
0.06626205146312714
0.0641564205288887
0.062142521142959595
0.06021512672305107
0.05836799368262291
0.05659404397010803
0.05488777533173561
0.0532459132373333
0.051667459309101105
0.05015236511826515
0.048695579171180725
0.04729171469807625
0.045935746282339096
0.044627536088228226
0.04336471110582352
0.04214029759168625
0.040955498814582825
0.0398108996450901
0.038707613945007324
