0.04515163227915764
0.05313917249441147
0.05834606662392616
0.06178645044565201
0.06330110877752304
0.06414280831813812
0.06512627005577087
0.0658666267991066
0.06658235192298889
0.06736217439174652
0.06683364510536194
0.0655631572008133
0.06458492577075958
0.06379082798957825
0.06305383145809174
0.06232704967260361
0.06159691885113716
0.06084593012928963
0.060055553913116455
0.05921269580721855
0.058311570435762405
0.05735422298312187
0.05614399537444115
0.05478727072477341
0.05340021476149559
0.05196874961256981
0.050518158823251724
0.04897007346153259
0.047320570796728134
0.04567329213023186
0.04405073821544647
0.04269951954483986
0.005113047547638416
0.004686019383370876
0.0046173930168151855
0.0046138339675962925
0.004624092020094395
0.004632711410522461
0.052928291261196136
0.046128127723932266
0.04274838790297508
0.04055388644337654
0.03871505334973335
0.037019211798906326
0.03539387881755829
0.033837590366601944
0.03235272318124771
0.030933016911149025
0.029567956924438477
0.02825019881129265
0.026977678760886192
0.025746500119566917
0.024552680552005768
0.023424003273248672
0.022374598309397697
0.02140021324157715
0.020491719245910645
0.01964174397289753
0.018843326717615128
0.018090473487973213
0.0173783116042614
0.016703007742762566
0.01606208086013794
0.015453427098691463
0.014875946566462517
0.01432780735194683
0.013807127252221107
0.013312513940036297
0.012842615135014057
0.012396229431033134
0.011972419917583466
0.011569962836802006
0.01118749100714922
0.010823564603924751
0.010477038100361824
0.010147123597562313
0.009832478128373623
0.009531835094094276
0.009243912063539028
0.008967945352196693
0.008703259751200676
0.008449150249361992
0.008205086924135685
0.007970568723976612
0.007745006587356329
0.007527789566665888
0.007318420335650444
0.007116326596587896
0.006921039894223213
0.006732199806720018
0.006549294106662273
0.006372048053890467
