0.00798128079622984
0.00886909756809473
0.009880278259515762
0.01102905347943306
0.011501515284180641
0.01162927970290184
0.011727561242878437
0.011832600459456444
0.011937008239328861
0.012050560675561428
0.012216671369969845
0.012368333525955677
0.0125258918851614
0.012698234058916569
0.012937022373080254
0.013264172710478306
0.013660290278494358
0.014098056592047215
0.014555688016116619
0.014959375374019146
0.015352061949670315
0.015756800770759583
0.016179904341697693
0.01662742905318737
0.017111675813794136
0.017620593309402466
0.018155118450522423
0.018718404695391655
0.019313901662826538
0.019957926124334335
0.02064056508243084
0.021360689774155617
0.001213776064105332
0.001201811246573925
0.0012096449499949813
0.0012180870398879051
0.0012230445863679051
0.001223790692165494
0.02151400037109852
0.02202303148806095
0.02234729193150997
0.022704483941197395
0.02315891534090042
0.023697899654507637
0.02431447245180607
0.02496882528066635
0.025629745796322823
0.02627294696867466
0.026913659647107124
0.027557486668229103
0.028205744922161102
0.02885516732931137
0.029497776180505753
0.030129393562674522
0.03076144866645336
0.03142000734806061
0.032081540673971176
0.0327148474752903
0.03333393856883049
0.03394308686256409
0.03453246131539345
0.03426739573478699
0.03288477659225464
0.0316377617418766
0.030464565381407738
0.029347943142056465
0.02828282304108143
0.0272666122764349
0.026296930387616158
0.02537274919450283
0.024492625147104263
0.02366054803133011
0.022873206064105034
0.022128652781248093
0.021423593163490295
0.020758071914315224
0.020128687843680382
0.019532030448317528
0.018962517380714417
0.018418435007333755
0.0178992822766304
0.017403816804289818
0.016928909346461296
0.01647244207561016
0.016032151877880096
0.015607542358338833
0.015197849832475185
0.014802918769419193
0.014423477463424206
0.014059578999876976
0.013711368665099144
0.013378678821027279
