0.02178039215505123
0.024339310824871063
0.02830749936401844
0.030342068523168564
0.03092707134783268
0.03132271021604538
0.031521011143922806
0.031722813844680786
0.0319787934422493
0.03225071355700493
0.03247567638754845
0.032661452889442444
0.03285043686628342
0.033041778951883316
0.033242691308259964
0.03346770629286766
0.03374975919723511
0.0341782383620739
0.034753404557704926
0.03542531654238701
0.036150164902210236
0.036909766495227814
0.03770259767770767
0.03855486214160919
0.03950057923793793
0.040539197623729706
0.04164781793951988
0.04280132055282593
0.0439947172999382
0.04521111026406288
0.046473581343889236
0.04770578816533089
0.0026550544425845146
0.002358055440708995
0.0023212966043502092
0.002355370670557022
0.0024020629934966564
0.002445452380925417
0.04632952809333801
0.04844154044985771
0.04915108159184456
0.04989946633577347
0.0509379543364048
0.052237894386053085
0.053715385496616364
0.05530552193522453
0.054386429488658905
0.05259984731674194
0.05092307925224304
0.049296785145998
0.047710880637168884
0.04617765173316002
0.044714488089084625
0.04330476373434067
0.04195231944322586
0.04063897579908371
0.039361994713544846
0.03811192885041237
0.03689907491207123
0.03572611138224602
0.034594569355249405
0.03350233659148216
0.03244845196604729
0.031427402049303055
0.030434200540184975
0.02946360781788826
0.02852628566324711
0.027614913880825043
0.02671741135418415
0.025847330689430237
0.02504306472837925
0.024288076907396317
0.02352067269384861
0.022757019847631454
0.021975602954626083
0.02119973674416542
0.020420953631401062
0.019806087017059326
0.01939775049686432
0.019055990502238274
0.018765660002827644
0.018521010875701904
0.018310479819774628
0.018117228522896767
0.017953256145119667
0.01780952326953411
0.017700614407658577
0.017627909779548645
0.018816620111465454
0.02091999724507332
0.023043101653456688
0.025206992402672768
