0.008008727803826332
0.0089496448636055
0.009981323964893818
0.011121181771159172
0.011517971754074097
0.011638800613582134
0.011736861430108547
0.011845498345792294
0.011956739239394665
0.01208975724875927
0.012278054840862751
0.012460015714168549
0.01265473011881113
0.01289347093552351
0.01323139388114214
0.013669401407241821
0.014178761281073093
0.014716217294335365
0.015194778330624104
0.015700893476605415
0.016238676384091377
0.016802797093987465
0.017409007996320724
0.018040886148810387
0.018702147528529167
0.01939665526151657
0.020141804590821266
0.020955637097358704
0.021602962166070938
0.022296007722616196
0.023044949397444725
0.023836901411414146
0.0013721924042329192
0.001363826566375792
0.0013754582032561302
0.00138773990329355
0.0013965469552204013
0.0014029104495421052
0.024572858586907387
0.025594325736165047
0.0263146311044693
0.02708018571138382
0.027918696403503418
0.028836263343691826
0.029823150485754013
0.030863743275403976
0.0319419801235199
0.03305032476782799
0.034245118498802185
0.035478685051202774
0.03673899173736572
0.03802741318941116
0.03660682961344719
0.03472071886062622
0.03300951048731804
0.03141180798411369
0.029926437884569168
0.028543293476104736
0.027222655713558197
0.025973020121455193
0.024807656183838844
0.023720400407910347
0.02270294725894928
0.021747281774878502
0.020849579945206642
0.01999785751104355
0.019186530262231827
0.01841742917895317
0.01768903248012066
0.01699770800769329
0.016339844092726707
0.01571308821439743
0.015115727670490742
0.014546241611242294
0.014003011398017406
0.013484376482665539
0.01298889983445406
0.012515122070908546
0.012061940506100655
0.011628279462456703
0.01121312752366066
0.010815524496138096
0.010434729047119617
0.010069552809000015
0.009719129651784897
0.00938295666128397
0.009060636162757874
0.008751358836889267
0.008454480208456516
0.008169353008270264
0.007895317859947681
0.007631889544427395
