0.04045337438583374
0.04375520721077919
0.04853730648756027
0.0538712814450264
0.05523928999900818
0.05560900270938873
0.05592130869626999
0.0562925711274147
0.056610964238643646
0.05689690262079239
0.05715792253613472
0.0573769249022007
0.057629767805337906
0.057957492768764496
0.05830150470137596
0.058604635298252106
0.058895815163850784
0.05919520556926727
0.05948546156287193
0.0597788468003273
0.06010313332080841
0.06050005555152893
0.060984209179878235
0.061565473675727844
0.06224038079380989
0.06301208585500717
0.06384739279747009
0.06474543362855911
0.06569832563400269
0.06666675209999084
0.06765635311603546
0.06868083029985428
0.003895805450156331
0.0037076063454151154
0.003601131262257695
0.0035214468371123075
0.0034724471624940634
0.0034410387743264437
0.061857569962739944
0.06585632264614105
0.068153515458107
0.0698780044913292
0.07146215438842773
0.07304473221302032
0.07465441524982452
0.07631141692399979
0.07803545892238617
0.07998137921094894
0.08226191997528076
0.08476036041975021
0.08719150722026825
0.08925164490938187
0.09116116911172867
0.09269607812166214
0.09407775104045868
0.09546496719121933
0.09698132425546646
0.0988137498497963
0.10079483687877655
0.10419952869415283
0.1077544316649437
0.11159387975931168
0.11497263610363007
0.11781296133995056
0.12090896815061569
0.12469863891601562
0.12913621962070465
0.13452790677547455
0.14011776447296143
0.14288844168186188
0.14458692073822021
0.14628994464874268
0.15724295377731323
0.18951183557510376
0.38852137327194214
0.6490630507469177
1.0027985572814941
1.4316959381103516
1.841554880142212
2.2415897846221924
2.6686606407165527
37.26115036010742
56.85307312011719
63.40341567993164
65.84754943847656
66.90103149414062
67.41121673583984
67.65159606933594
67.78009796142578
67.85137939453125
67.89820861816406
67.93396759033203
67.9773178100586
