0.00659135589376092
0.007140660658478737
0.007873816415667534
0.008528880774974823
0.00906065572053194
0.009570792317390442
0.009833106771111488
0.009924191981554031
0.009996027685701847
0.010076921433210373
0.01017229538410902
0.01024455763399601
0.010314388200640678
0.010394218377768993
0.01047481782734394
0.01056403387337923
0.010663393884897232
0.010770199820399284
0.01089777797460556
0.011054588481783867
0.011240505613386631
0.011454219929873943
0.011693683452904224
0.01195524726063013
0.01223719771951437
0.012537014670670033
0.012848034501075745
0.013114487752318382
0.013395623303949833
0.013689999468624592
0.013996788300573826
0.01431678980588913
0.0008893519407138228
0.0008319320040754974
0.0008256920846179128
0.0008290069526992738
0.0008338693878613412
0.0008385099936276674
0.01431102491915226
0.014983433298766613
0.015356002375483513
0.0156332328915596
0.015899108722805977
0.01618810184299946
0.01651507243514061
0.016885019838809967
0.017301959916949272
0.0177867840975523
0.018247412517666817
0.018728261813521385
0.01918911561369896
0.019655713811516762
0.02012781798839569
0.02060995250940323
0.021102797240018845
0.021602677181363106
0.022108331322669983
0.02261936292052269
0.02313041314482689
0.02363704890012741
0.024131258949637413
0.024613209068775177
0.025088487192988396
0.025562018156051636
0.026034414768218994
0.026506740599870682
0.02697879634797573
0.02745046466588974
0.02792179584503174
0.02815863862633705
0.028394650667905807
0.028865370899438858
0.02935226634144783
0.02984217181801796
0.030333545058965683
0.030818287283182144
0.03129492700099945
0.0317639596760273
0.032215017825365067
0.03264165297150612
0.03304528445005417
0.03341476991772652
0.03374120965600014
0.0340263657271862
0.034264832735061646
0.034457143396139145
0.03461745008826256
0.03474331647157669
0.034841615706682205
0.034923650324344635
0.034986451268196106
0.0350259505212307
0.03502684086561203
