0.15150520205497742
0.15835432708263397
0.18250598013401031
0.21011006832122803
0.21882052719593048
0.2238272726535797
0.22757144272327423
0.2306719422340393
0.23320505023002625
0.23497773706912994
0.23674075305461884
0.23898300528526306
0.2410273253917694
0.24264976382255554
0.244352787733078
0.24580949544906616
0.24706587195396423
0.24817205965518951
0.24938906729221344
0.252348929643631
0.2584858238697052
0.26583653688430786
0.27444902062416077
0.28385838866233826
0.2938607931137085
0.3043404519557953
0.3154727518558502
0.327519029378891
0.34078362584114075
0.3555576205253601
0.3719082176685333
0.38984328508377075
0.03384449705481529
0.03198403865098953
0.030905280262231827
0.027332955971360207
0.024732021614909172
0.023005906492471695
0.2725553810596466
0.3389773666858673
0.36433297395706177
0.386089950799942
0.4215303361415863
0.46620115637779236
0.5298175811767578
0.6092287302017212
0.7070845365524292
0.8345928192138672
0.9812851548194885
1.1120301485061646
1.283068299293518
1.5695290565490723
16.690519332885742
31.55477523803711
38.50055694580078
42.89865493774414
46.05834197998047
48.74277114868164
51.2229118347168
53.319793701171875
55.01655197143555
56.352210998535156
57.377628326416016
58.1648063659668
58.77202224731445
59.24167251586914
59.58906173706055
59.8162727355957
59.92812728881836
59.959590911865234
59.92129898071289
59.83627700805664
59.7236328125
59.72779846191406
59.94655227661133
60.20224380493164
60.46601486206055
60.7238883972168
61.12353515625
61.51967239379883
61.92795944213867
62.13709259033203
62.12886428833008
62.06877136230469
63.5748176574707
72.5609130859375
77.25265502929688
79.737548828125
81.06169891357422
81.70085906982422
81.93989562988281
81.96207427978516
81.84877014160156
