0.008061994798481464
0.008658585138618946
0.008224738761782646
0.007910055108368397
0.0077398838475346565
0.007621790282428265
0.007534389849752188
0.007460754364728928
0.007390636019408703
0.007322567515075207
0.007254595402628183
0.0071866982616484165
0.007123282644897699
0.007063352968543768
0.0070053027011454105
0.006952583324164152
0.006904048845171928
0.006856768392026424
0.006808497942984104
0.006757674738764763
0.006703843828290701
0.006644158624112606
0.006579529494047165
0.00651210593059659
0.006441295612603426
0.0063662477768957615
0.00628654332831502
0.006202041637152433
0.0061126272194087505
0.006018239539116621
0.00591962318867445
0.005816135089844465
0.00106405362021178
0.0010338828433305025
0.001043968484736979
0.0010631885379552841
0.0010832635452970862
0.0011016769567504525
0.005728525575250387
0.0055234855972230434
0.005363190080970526
0.005236446391791105
0.005112954415380955
0.0049852002412080765
0.004852932877838612
0.004717201925814152
0.004579052794724703
0.004438901785761118
0.004297300707548857
0.004155152942985296
0.004013413097709417
0.0038729633670300245
0.0037344626616686583
0.0035986306611448526
0.003466213820502162
0.003337633330374956
0.003212718525901437
0.003091507125645876
0.0029740433674305677
0.0028602497186511755
0.002750423736870289
0.002645158441737294
0.0025445600040256977
0.002448507584631443
0.002356862183660269
0.0022693790961056948
0.0021858930122107267
0.0021061438601464033
0.0020299123134464025
0.001957009546458721
0.0018872467335313559
0.0018204512307420373
0.0017564835725352168
0.0016953907907009125
0.0016369703225791454
0.0015808785101398826
0.0015270740259438753
0.001475476543419063
0.0014259753515943885
0.0013784616021439433
0.0013328458881005645
0.0012890358921140432
0.0012469362700358033
0.0012064885813742876
0.001167596667073667
0.0011301743797957897
0.0010941766668111086
0.0010595256462693214
0.0010261491406708956
0.00099399674218148
0.0009630037238821387
0.0009331131586804986
