0.09371423721313477
0.1074715256690979
0.12279098480939865
0.13478250801563263
0.14043563604354858
0.14351753890514374
0.14568915963172913
0.14718540012836456
0.14843496680259705
0.14974571764469147
0.15115174651145935
0.1527264267206192
0.15443697571754456
0.15623587369918823
0.15815575420856476
0.16156180202960968
0.16597583889961243
0.17119036614894867
0.17726966738700867
0.1840754598379135
0.19148436188697815
0.19960004091262817
0.20807167887687683
0.21697720885276794
0.22693313658237457
0.23971611261367798
0.2572091221809387
0.2744975686073303
0.29376643896102905
0.3179762363433838
0.3466370701789856
0.3795091211795807
0.03802306205034256
0.02103005349636078
0.01615632139146328
0.014200162142515182
0.013302515260875225
0.012823755852878094
0.23286837339401245
0.291850745677948
0.34070950746536255
0.36795273423194885
0.34662941098213196
0.32991963624954224
0.315309077501297
0.30114609003067017
0.2873058319091797
0.274585098028183
0.262667715549469
0.25225627422332764
0.2425822764635086
0.23367421329021454
0.22652101516723633
0.22017960250377655
0.2142045646905899
0.2083779275417328
0.20279400050640106
0.1975042223930359
0.19252020120620728
0.18784675002098083
0.18350625038146973
0.1795099824666977
0.17586325109004974
0.17255899310112
0.16958574950695038
0.16693997383117676
0.16458705067634583
0.16251608729362488
0.16071277856826782
0.1592302918434143
0.1580469310283661
0.15712063014507294
0.15641774237155914
0.1558990627527237
0.15553894639015198
0.1554488092660904
0.15565446019172668
0.1561110019683838
0.1567980945110321
1.209088683128357
2.0583972930908203
2.7351253032684326
3.278918981552124
3.7244839668273926
4.129611968994141
4.482870101928711
4.770299911499023
5.007935523986816
5.210596561431885
5.386269569396973
5.539486408233643
5.674477577209473
