0.00795116275548935
0.008843278512358665
0.009730196557939053
0.0106303496286273
0.011441536247730255
0.011630648747086525
0.011726226657629013
0.011799510568380356
0.011904776096343994
0.012028221972286701
0.012192055583000183
0.012400013394653797
0.012616705149412155
0.01284888107329607
0.013147551566362381
0.01350102387368679
0.013903395272791386
0.014342046342790127
0.014784734696149826
0.015189320780336857
0.015614485368132591
0.016057368367910385
0.016530726104974747
0.017040085047483444
0.017581898719072342
0.018160922452807426
0.01878795213997364
0.019468512386083603
0.02021280862390995
0.021021544933319092
0.021771889179944992
0.022500349208712578
0.0012527774088084698
0.0012396184029057622
0.0012482815654948354
0.001259017619304359
0.0012686039553955197
0.0012762006372213364
0.022602109238505363
0.02365935780107975
0.024575982242822647
0.02551303617656231
0.0264755729585886
0.02744794823229313
0.02846642956137657
0.029536617919802666
0.03065478429198265
0.03181504085659981
0.033032119274139404
0.034357745200395584
0.035739507526159286
0.03716537356376648
0.03805924206972122
0.035921014845371246
0.034098390489816666
0.03244328871369362
0.030908877030014992
0.029514314606785774
0.028207311406731606
0.02696257084608078
0.025775251910090446
0.02464446611702442
0.023577217012643814
0.022587701678276062
0.02167072519659996
0.02081715129315853
0.020015878602862358
0.019262926653027534
0.018552562221884727
0.017880676314234734
0.017243169248104095
0.016637418419122696
0.01605980470776558
0.015508629381656647
0.014982681721448898
0.014480741694569588
0.01400128286331892
0.013542555272579193
0.01310327835381031
0.012682024389505386
0.012277658097445965
0.011889409273862839
0.011516446247696877
0.01115797832608223
0.01081306952983141
0.010481094010174274
0.010161557234823704
0.009853779338300228
0.009557167068123817
0.009271183051168919
0.008995338343083858
0.008729186840355396
