0.00793192908167839
0.008787484839558601
0.009666090831160545
0.010562848299741745
0.011413924396038055
0.011616295203566551
0.011713607236742973
0.011786269024014473
0.01187597680836916
0.011990459635853767
0.012122044339776039
0.012294518761336803
0.012466397136449814
0.012646153569221497
0.012850837782025337
0.01312041375786066
0.013450514525175095
0.013833499513566494
0.014256156049668789
0.01470156479626894
0.015077444724738598
0.015467440709471703
0.01586434431374073
0.01627190224826336
0.016696497797966003
0.017147015780210495
0.017615197226405144
0.018104704096913338
0.01862017810344696
0.019167279824614525
0.019749533385038376
0.020372645929455757
0.0011476866202428937
0.001126529648900032
0.0011276196455582976
0.0011325620580464602
0.001137942192144692
0.0011425226693972945
0.02043074741959572
0.021435562521219254
0.022059354931116104
0.02257302589714527
0.023023545742034912
0.023474324494600296
0.023955900222063065
0.024481652304530144
0.025050535798072815
0.025656716898083687
0.02628418803215027
0.026924636214971542
0.02759404666721821
0.028300318866968155
0.029039695858955383
0.029806751757860184
0.0305955670773983
0.03140386939048767
0.032257869839668274
0.0331563726067543
0.03408534452319145
0.03504493087530136
0.03605874627828598
0.037125684320926666
0.03557106480002403
0.03413685783743858
0.0328160785138607
0.031563129276037216
0.030355293303728104
0.029189497232437134
0.028073634952306747
0.027032211422920227
0.026049934327602386
0.025099676102399826
0.024199919775128365
0.023349959403276443
0.022543547675013542
0.02177909016609192
0.021056070923805237
0.020370153710246086
0.019717859104275703
0.019096162170171738
0.018502896651625633
0.017936071380972862
0.017394501715898514
0.016871389001607895
0.01636507548391819
0.01587619073688984
0.015435073524713516
0.01502672303467989
0.014642239548265934
0.01427288819104433
0.013915798626840115
0.01356899831444025
