0.00798124447464943
0.008891157805919647
0.009887798689305782
0.010948059149086475
0.011489050462841988
0.011622881516814232
0.011720267124474049
0.011821397580206394
0.011932670138776302
0.012051161378622055
0.012224548496305943
0.012405735440552235
0.012590784579515457
0.012800361029803753
0.013091268949210644
0.013478605076670647
0.013948662206530571
0.014470533467829227
0.014951967634260654
0.015429425984621048
0.015936216339468956
0.016468534246087074
0.01703251712024212
0.017630070447921753
0.01825157180428505
0.018902532756328583
0.019589241594076157
0.020325561985373497
0.021108761429786682
0.021712779998779297
0.022402510046958923
0.023131314665079117
0.0013345868792384863
0.001323113334365189
0.0013325241161510348
0.001344215008430183
0.0013547317357733846
0.0013637279625982046
0.02379423938691616
0.024777017533779144
0.02546468935906887
0.026188017800450325
0.027003156021237373
0.027866017073392868
0.028777793049812317
0.029738562181591988
0.03074202500283718
0.031778838485479355
0.03284307196736336
0.03397637605667114
0.03516189008951187
0.036371778696775436
0.03760311007499695
0.03743768110871315
0.035498443990945816
0.0337810143828392
0.032189760357141495
0.030683360993862152
0.029310176149010658
0.02800021320581436
0.026746978983283043
0.02556801587343216
0.02446683496236801
0.023435771465301514
0.02246706373989582
0.021554961800575256
0.020693780854344368
0.01987413689494133
0.019093720242381096
0.01835407130420208
0.01765221729874611
0.016983861103653908
0.016346754506230354
0.01573898456990719
0.015159034170210361
0.014605291187763214
0.014076129533350468
0.013570182025432587
0.013086257502436638
0.01262299157679081
0.012179354205727577
0.011754320003092289
0.01134694553911686
0.010956216603517532
0.01058142352849245
0.010221906006336212
0.009876713156700134
0.009545178152620792
0.00922657921910286
0.008920027874410152
0.008625229820609093
0.008341986685991287
