0.007949363440275192
0.008713087067008018
0.0083091389387846
0.007996215485036373
0.00781998597085476
0.0076994760893285275
0.007606847211718559
0.007536788936704397
0.007475454825907946
0.007417266722768545
0.007362367119640112
0.007307800929993391
0.007253948599100113
0.007201239932328463
0.007151314057409763
0.007104944903403521
0.007059657480567694
0.0070154666900634766
0.006973870098590851
0.006935588084161282
0.006901060696691275
0.006869393400847912
0.006838982459157705
0.006808530539274216
0.0067770169116556644
0.00674351816996932
0.006707466673105955
0.0066672153770923615
0.0066246879287064075
0.006581556983292103
0.006538131274282932
0.00649314746260643
0.0008087668102234602
0.0007562050013802946
0.0007566703134216368
0.000770523794926703
0.0007878114120103419
0.0008052974008023739
0.006667741108685732
0.0065473830327391624
0.006395173259079456
0.006300675682723522
0.006229936145246029
0.006168424151837826
0.006109671667218208
0.006048728246241808
0.0059840199537575245
0.005916284397244453
0.005846691317856312
0.005767034366726875
0.005685807671397924
0.0056056068278849125
0.005521922837942839
0.005434190388768911
0.0053437077440321445
0.005250836256891489
0.00515581201761961
0.005058725364506245
0.004960114136338234
0.004860697779804468
0.004760947544127703
0.004661400802433491
0.0045628733932971954
0.004465899895876646
0.004369804169982672
0.004274213686585426
0.004179313778877258
0.00408520270138979
0.003991883248090744
0.003899548202753067
0.003808485809713602
0.003718751249834895
0.003630769671872258
0.0035447170957922935
0.003460556035861373
0.003378375666216016
0.003298266092315316
0.003220207057893276
0.0031441778410226107
0.0030699577182531357
0.0029974638018757105
0.0029267899226397276
0.002857907209545374
0.0027907839976251125
0.0027254975866526365
0.0026619371492415667
0.0026000686921179295
0.00253993715159595
0.002481434727087617
0.0024245204403996468
0.002369218273088336
0.0023154981900006533
