2068.0771484375
2034.8577880859375
1994.8885498046875
2090.4169921875
2144.036376953125
2205.2646484375
2212.08837890625
2203.220703125
2218.3349609375
2253.392333984375
2290.202880859375
2316.8056640625
2333.19921875
2351.837646484375
2375.899658203125
2403.552001953125
2436.222412109375
2474.326416015625
2538.44140625
2640.548828125
2770.58837890625
2916.955810546875
3071.507080078125
3230.755615234375
3393.0400390625
3560.381591796875
3745.427978515625
3954.18896484375
4182.3310546875
4420.6630859375
4662.47412109375
4902.85400390625
169.8216552734375
162.46810913085938
170.9871063232422
181.36390686035156
189.81402587890625
195.2313690185547
4836.8671875
5196.9970703125
5317.34033203125
5326.30859375
5370.06689453125
5501.10888671875
5731.54443359375
6028.72265625
6356.4248046875
6696.86767578125
7037.134765625
7373.60107421875
7626.45361328125
7498.4375
7404.640625
7317.31884765625
7223.44482421875
7121.392578125
7013.3544921875
6899.44189453125
6840.8134765625
6786.34326171875
6650.8447265625
6498.56640625
6334.0380859375
6160.54296875
5977.11328125
5783.39208984375
5584.07568359375
5383.15185546875
5181.67236328125
4981.095703125
4783.49658203125
4588.55126953125
4394.28564453125
4201.52783203125
4014.655517578125
3832.650390625
3658.133544921875
3492.938720703125
3335.841064453125
3192.937255859375
3062.98876953125
2939.50048828125
2813.688232421875
2692.41845703125
2573.855712890625
2461.877197265625
2354.468505859375
2249.472900390625
2153.07861328125
2064.52001953125
1982.9512939453125
1908.00390625
1839.497802734375
1777.5390625
