2083.478759765625
2058.7548828125
2035.1497802734375
2017.89794921875
2005.76708984375
2009.2412109375
2045.4371337890625
2038.6141357421875
2040.8167724609375
2035.7498779296875
2049.385986328125
2064.312744140625
2086.17138671875
2126.062255859375
2177.26953125
2224.194580078125
2272.22412109375
2323.114013671875
2380.808349609375
2460.11376953125
2564.7099609375
2691.976806640625
2837.878662109375
2996.452392578125
3162.875732421875
3333.4443359375
3502.979248046875
3674.84033203125
3851.553955078125
4032.530517578125
4217.263671875
4405.13916015625
176.96817016601562
170.16781616210938
175.64210510253906
182.30699157714844
188.3815460205078
193.3098602294922
4359.65283203125
4644.49462890625
4798.259765625
4930.47705078125
5066.189453125
5216.00244140625
5383.33642578125
5567.65771484375
5767.8779296875
5981.1298828125
6210.40234375
6469.21435546875
6771.42333984375
7146.55419921875
7596.34375
8010.2294921875
8399.6591796875
8779.671875
9146.6591796875
9499.955078125
9834.52734375
10146.12890625
10432.63671875
10695.546875
10934.333984375
11153.9833984375
11353.3603515625
11532.083984375
11696.0244140625
11849.74609375
11996.734375
12139.8203125
12277.08203125
12405.626953125
12522.5400390625
12629.1904296875
12731.423828125
12837.126953125
12932.181640625
13008.068359375
13067.892578125
13108.8798828125
13131.69921875
12649.08984375
12214.884765625
11815.9208984375
11437.96484375
11073.611328125
10720.51953125
10378.5126953125
10047.12109375
9725.947265625
9413.95703125
9110.52734375
