2048.049072265625
2010.7025146484375
1494.5699462890625
1393.5347900390625
1333.150146484375
1284.07958984375
1242.6143798828125
1206.9215087890625
1173.1004638671875
1152.6842041015625
1136.9720458984375
1116.2833251953125
1099.248779296875
1081.16796875
1061.6922607421875
1045.7879638671875
1029.94482421875
1012.1883544921875
993.4566650390625
974.6405029296875
959.1002807617188
945.7894287109375
931.9307250976562
916.7178344726562
900.1270141601562
884.6417236328125
877.3895874023438
868.9971923828125
858.0479125976562
847.8972778320312
839.962890625
832.8547973632812
119.24911499023438
120.08946228027344
120.51168823242188
120.9167251586914
121.28611755371094
121.65851593017578
850.67333984375
774.5606079101562
793.0421142578125
820.707275390625
837.099609375
860.5538940429688
872.5343627929688
880.3775634765625
887.536865234375
895.7390747070312
909.5780029296875
928.4254760742188
950.0679321289062
972.472412109375
994.0787963867188
1016.2360229492188
1041.32373046875
1067.9332275390625
1095.0582275390625
1122.2994384765625
1149.4931640625
1175.8682861328125
1201.062255859375
1224.8011474609375
1247.1949462890625
1268.602783203125
1288.7532958984375
1307.4456787109375
1324.4388427734375
1339.4027099609375
1352.3309326171875
1363.337158203125
1372.5418701171875
1379.9266357421875
1385.3492431640625
1389.379638671875
1392.0889892578125
1392.762939453125
1391.3406982421875
1387.8828125
1382.7232666015625
1376.11083984375
1368.5830078125
1359.9974365234375
1350.4349365234375
1340.062255859375
1329.049072265625
1317.428955078125
1305.3677978515625
1292.9761962890625
1280.2139892578125
1267.126220703125
1253.750732421875
1240.11767578125
