0.09349960088729858
0.10447517037391663
0.11882474273443222
0.12784111499786377
0.13441918790340424
0.13928008079528809
0.14141829311847687
0.14278550446033478
0.14394037425518036
0.1448989361524582
0.14564098417758942
0.14628900587558746
0.14689509570598602
0.147477924823761
0.14805962145328522
0.14868319034576416
0.1492929309606552
0.14989358186721802
0.15051761269569397
0.15119880437850952
0.15186789631843567
0.1525217890739441
0.15318256616592407
0.15406186878681183
0.1548600047826767
0.15555012226104736
0.15622226893901825
0.15789267420768738
0.15986119210720062
0.16189658641815186
0.16592282056808472
0.1722797304391861
0.01846696063876152
0.009461839683353901
0.0074826618656516075
0.007178028579801321
0.006787851452827454
0.006918733473867178
0.14556823670864105
0.17267489433288574
0.19910991191864014
0.22620202600955963
0.2555844187736511
0.28895172476768494
0.32782676815986633
1.5264897346496582
6.397580623626709
10.755383491516113
14.931333541870117
18.446430206298828
21.566194534301758
24.648193359375
27.85690689086914
31.007568359375
34.22108459472656
37.654537200927734
41.69319534301758
46.35111618041992
48.16459274291992
49.42240905761719
50.46730422973633
51.314247131347656
52.01286697387695
52.5861701965332
53.13993453979492
53.625450134277344
54.02350997924805
54.29836654663086
54.44449234008789
54.48222732543945
54.467872619628906
54.41080093383789
54.310577392578125
54.1651725769043
53.978721618652344
53.772457122802734
53.56510925292969
53.3699836730957
53.19833755493164
53.08456802368164
52.95598220825195
59.75551223754883
84.37814331054688
99.31838989257812
107.4448471069336
112.19279479980469
115.13379669189453
117.2217788696289
118.53809356689453
119.36268615722656
119.9847412109375
120.60298156738281
