0.04353431984782219
0.05272682383656502
0.060029421001672745
0.06080637872219086
0.060308296233415604
0.060092099010944366
0.0601123608648777
0.060272544622421265
0.06051449850201607
0.06081566959619522
0.061121705919504166
0.06144389882683754
0.06178561598062515
0.06212620064616203
0.06241997331380844
0.0626491829752922
0.06291324645280838
0.06321831792593002
0.06352879106998444
0.06383971869945526
0.06415572017431259
0.06450803577899933
0.06464634835720062
0.06408486515283585
0.06365262717008591
0.06327054649591446
0.06293115764856339
0.06260908395051956
0.06228175759315491
0.06194183975458145
0.061579156666994095
0.061198484152555466
0.002886280184611678
0.0026031597517430782
0.002599344588816166
0.0025872420519590378
0.0025797931011766195
0.0025747374165803194
0.05506429448723793
0.06783808767795563
0.06370537728071213
0.0614532008767128
0.060281455516815186
0.05939913168549538
0.05862163379788399
0.057895950973033905
0.05719732493162155
0.05650594085454941
0.05571924149990082
0.05476962774991989
0.05383720248937607
0.052892595529556274
0.05193142965435982
0.05094761401414871
0.04994349554181099
0.04892055690288544
0.04783358424901962
0.04675104841589928
0.04568524286150932
0.0446193553507328
0.04354581609368324
0.042602941393852234
0.04167519509792328
0.040740516036748886
0.03980470076203346
0.038881104439496994
0.03796821087598801
0.03707053139805794
0.03619404882192612
0.03532508388161659
0.03447554633021355
0.03364328667521477
0.03281344100832939
0.031997423619031906
0.031194059178233147
0.030397797003388405
0.02960747294127941
0.02882447838783264
0.02804930880665779
0.02728392370045185
0.026527229696512222
0.025781922042369843
0.025049377232789993
0.024336351081728935
0.023643016815185547
0.022970693185925484
0.022322237491607666
0.021693382412195206
0.02108333446085453
0.020493274554610252
0.019920196384191513
0.01936367154121399
