0.03790988773107529
0.03986165672540665
0.043319717049598694
0.0469793938100338
0.050039686262607574
0.05200904980301857
0.05253089964389801
0.05276241526007652
0.052899207919836044
0.05310342088341713
0.0534081868827343
0.05365094542503357
0.053912654519081116
0.05415693297982216
0.054390549659729004
0.054626211524009705
0.05489549785852432
0.0551631897687912
0.05542419105768204
0.055687855929136276
0.05596088245511055
0.056252431124448776
0.05656234174966812
0.05694867670536041
0.05746817961335182
0.05808807536959648
0.05877448618412018
0.05950147658586502
0.06025578826665878
0.06102845072746277
0.06181648373603821
0.06262100487947464
0.003750430652871728
0.003555846866220236
0.0034659497905522585
0.0034110727719962597
0.003375010332092643
0.003350065788254142
0.05780433118343353
0.06055484339594841
0.06215536594390869
0.06337111443281174
0.06450488418340683
0.06560427695512772
0.06671390682458878
0.06783631443977356
0.06896285712718964
0.07008947432041168
0.07122600078582764
0.07236751168966293
0.07351576536893845
0.07466789335012436
0.07582830637693405
0.07705533504486084
0.07839295268058777
0.07962687313556671
0.08091743290424347
0.08223854750394821
0.08356417715549469
0.08482740074396133
0.08604711294174194
0.0872478038072586
0.08845066279172897
0.08960793912410736
0.09068577736616135
0.09180063754320145
0.0929168164730072
0.09385284781455994
0.09475656598806381
0.09590364992618561
0.09692934900522232
0.09770641475915909
0.09870394319295883
0.10002847760915756
0.1016896441578865
0.10354990512132645
0.10453937947750092
0.10538636893033981
0.10645367950201035
0.10784006118774414
0.10575497150421143
0.10452034324407578
0.10404072701931
0.10400664806365967
0.10430348664522171
0.11284330487251282
0.14417490363121033
0.1917988657951355
0.2486601173877716
0.31197625398635864
0.3818184435367584
0.4574171304702759
