0.041837193071842194
0.04627272114157677
0.05293463543057442
0.055278874933719635
0.05590449273586273
0.05618179589509964
0.05647725611925125
0.056786492466926575
0.05711359903216362
0.057370394468307495
0.05762409418821335
0.05780894309282303
0.05794815346598625
0.05808379128575325
0.058229710906744
0.058396659791469574
0.05859611928462982
0.05879314988851547
0.0589870810508728
0.05919235199689865
0.05941255763173103
0.05968413129448891
0.06000415235757828
0.06041215360164642
0.06091246381402016
0.061504218727350235
0.062159374356269836
0.0628633201122284
0.06359793245792389
0.06433563679456711
0.06507746130228043
0.06582676619291306
0.0031462558545172215
0.002928192727267742
0.002852003090083599
0.0028079019393771887
0.002800353104248643
0.0027957898564636707
0.0592404268682003
0.06346528232097626
0.06557583063840866
0.06711790710687637
0.06843256205320358
0.06963293254375458
0.07077056169509888
0.07185917347669601
0.07289993017911911
0.0739196389913559
0.0748981386423111
0.07587127387523651
0.07686158269643784
0.07795657962560654
0.07916366308927536
0.08050160855054855
0.08189402520656586
0.08327235281467438
0.08461935073137283
0.08587492257356644
0.08697903901338577
0.08811936527490616
0.08930854499340057
0.09059736132621765
0.09185166656970978
0.09351202845573425
0.09556472301483154
0.09785497933626175
0.09971442818641663
0.10035610944032669
0.10187677294015884
0.10444142669439316
0.10964909940958023
0.11058682948350906
0.11304347217082977
0.1174442395567894
0.13592968881130219
0.1844998300075531
0.24230054020881653
0.31430619955062866
0.40143096446990967
0.4981374740600586
0.6107910871505737
0.7436149716377258
0.9008153080940247
1.0912189483642578
1.253877878189087
2.2752504348754883
26.688093185424805
38.53103256225586
45.81236267089844
51.99692916870117
56.86587142944336
60.47978591918945
