0.037089575082063675
0.03828325867652893
0.04177134111523628
0.044711820781230927
0.04721187800168991
0.049510542303323746
0.05075005069375038
0.05128999426960945
0.05148538574576378
0.05161150172352791
0.05173720046877861
0.0518636591732502
0.05199504643678665
0.05220786854624748
0.05247970297932625
0.052746426314115524
0.05296936631202698
0.053209736943244934
0.05345752835273743
0.05371960997581482
0.05397791415452957
0.0542268343269825
0.054479364305734634
0.05474235117435455
0.05504919961094856
0.05542699247598648
0.0558808334171772
0.05640699714422226
0.05699678882956505
0.05763767659664154
0.0583188459277153
0.05904345214366913
0.0033478811383247375
0.003137981751933694
0.003072191961109638
0.003028842620551586
0.002996832365170121
0.0029721346218138933
0.05474831536412239
0.057496361434459686
0.0589846596121788
0.060209691524505615
0.061398960649967194
0.0626293271780014
0.06392437219619751
0.06528893113136292
0.0666850358247757
0.06808999180793762
0.0694977194070816
0.07090504467487335
0.07231079787015915
0.07371895015239716
0.07512181252241135
0.07651472091674805
0.07785922288894653
0.07915867120027542
0.08043432980775833
0.08154220134019852
0.0825791284441948
0.08364410698413849
0.08473079651594162
0.08584283292293549
0.08697010576725006
0.0881129652261734
0.08910690248012543
0.09007428586483002
0.09101345390081406
0.09191572666168213
0.09278462827205658
0.09357103705406189
0.09431251138448715
0.09500328451395035
0.09567300230264664
0.09636024385690689
0.09707077592611313
0.09813754260540009
0.09920243173837662
0.10025390237569809
0.1012154296040535
0.10222277790307999
0.10295036435127258
0.10348900407552719
0.1039930060505867
0.10447120666503906
0.10498244315385818
0.10556492209434509
0.10624265670776367
0.10711982101202011
0.1080174446105957
0.10861934721469879
0.10905084013938904
0.10941575467586517
