0.09527888894081116
0.10527069866657257
0.11829899996519089
0.12684130668640137
0.13397370278835297
0.1401161253452301
0.14324679970741272
0.1453614979982376
0.14732947945594788
0.14894558489322662
0.15009213984012604
0.15108412504196167
0.15208013355731964
0.15301933884620667
0.154036283493042
0.15504175424575806
0.15608160197734833
0.1571323573589325
0.15825118124485016
0.15935708582401276
0.16049228608608246
0.16188471019268036
0.16354849934577942
0.16636787354946136
0.1695440262556076
0.17298075556755066
0.176753968000412
0.18093207478523254
0.1854993999004364
0.19039133191108704
0.19557012617588043
0.20123562216758728
0.026483872905373573
0.01906726323068142
0.01617823913693428
0.014396283775568008
0.013081413693726063
0.012022801674902439
0.1506945639848709
0.16677960753440857
0.18050052225589752
0.19258210062980652
0.203744575381279
0.21462608873844147
0.22542424499988556
0.2365676760673523
0.251434862613678
0.2701716125011444
0.28677481412887573
0.3040234446525574
0.3235716223716736
0.34478074312210083
0.36668795347213745
0.37695249915122986
0.36196306347846985
0.34904611110687256
0.3372217118740082
0.32593363523483276
0.31499794125556946
0.3039633333683014
0.29275932908058167
0.28177252411842346
0.27083638310432434
0.26109614968299866
0.25433292984962463
0.24948875606060028
0.2461271435022354
0.24382737278938293
0.24237237870693207
0.24192436039447784
0.242518350481987
0.24354490637779236
0.2448742836713791
0.2465069741010666
0.24836274981498718
0.2503806948661804
0.25251907110214233
0.2547144293785095
0.2570134997367859
0.5762254595756531
2.8569135665893555
4.708595275878906
6.222831726074219
7.602903366088867
8.787156105041504
9.747963905334473
10.531805992126465
11.173392295837402
11.699551582336426
12.134718894958496
12.51136589050293
12.873255729675293
