0.03704703971743584
0.03812284767627716
0.041041307151317596
0.04363347589969635
0.045777060091495514
0.04782060533761978
0.049589794129133224
0.050692539662122726
0.0512065589427948
0.05155113339424133
0.05174731835722923
0.05189158022403717
0.05204722285270691
0.052224695682525635
0.0525224432349205
0.05292181670665741
0.053277239203453064
0.053649336099624634
0.05403575673699379
0.05443347245454788
0.05484585836529732
0.055343229323625565
0.05592705309391022
0.056587234139442444
0.057301633059978485
0.058044057339429855
0.05880250036716461
0.0595746748149395
0.06036178767681122
0.06116199865937233
0.06196969375014305
0.06277966499328613
0.0037299320101737976
0.0035695908591151237
0.0035396693274378777
0.003528508823364973
0.003517657984048128
0.003505149856209755
0.05883258208632469
0.060264505445957184
0.061223167926073074
0.062280166894197464
0.06344427168369293
0.06469226628541946
0.06597583740949631
0.06728430837392807
0.0686037689447403
0.06993169337511063
0.07127133011817932
0.072600819170475
0.07389099150896072
0.07525409758090973
0.07657667994499207
0.0778704434633255
0.07908505946397781
0.08011467009782791
0.0811493918299675
0.08221538364887238
0.08324842900037766
0.08424541354179382
0.08519916236400604
0.08612179011106491
0.08699512481689453
0.08785859495401382
0.08872759342193604
0.08966585993766785
0.09069043397903442
0.09166628122329712
0.09251225739717484
0.09334556758403778
0.09411194175481796
0.09493505954742432
0.09607013314962387
0.09785842895507812
0.10003633797168732
0.10273892432451248
0.10519061237573624
0.10600975155830383
0.10607904940843582
0.10668205469846725
0.10799906402826309
0.10982269793748856
0.11211889982223511
0.1123439148068428
0.10640046000480652
0.10294325649738312
0.10247118771076202
0.10348834842443466
0.10953640937805176
0.1337643414735794
0.15924690663814545
0.18585075438022614
