0.1646171659231186
0.16821961104869843
0.1759043186903
0.19074195623397827
0.20484259724617004
0.219511017203331
0.22645868360996246
0.2289387285709381
0.23108233511447906
0.2325667142868042
0.23363320529460907
0.23453673720359802
0.23546840250492096
0.23650920391082764
0.23748911917209625
0.23830081522464752
0.23899339139461517
0.2397192418575287
0.24043649435043335
0.24086500704288483
0.2415698617696762
0.2424217015504837
0.24312609434127808
0.2437974065542221
0.24448300898075104
0.24531634151935577
0.24610169231891632
0.24685555696487427
0.24781213700771332
0.24905386567115784
0.25048428773880005
0.2522193491458893
0.022474002093076706
0.022093068808317184
0.0219748355448246
0.021527519449591637
0.02007254958152771
0.01912614330649376
0.2257722169160843
0.24210280179977417
0.24899235367774963
0.2549559772014618
0.26491183042526245
0.2745722532272339
0.2841588854789734
0.29421934485435486
0.3049485385417938
0.3160879611968994
0.32737529277801514
0.3389488458633423
0.3502178490161896
0.3613322377204895
0.372090220451355
0.3821012079715729
0.3910299837589264
0.39882892370224
0.41776856780052185
0.46013718843460083
0.5202478766441345
0.6027777791023254
0.7161603569984436
0.8747575283050537
1.0906366109848022
1.2730000019073486
14.541625022888184
26.50225830078125
33.42977523803711
38.73811340332031
45.59991455078125
52.78391647338867
59.98507308959961
66.9586181640625
73.87898254394531
80.76365661621094
87.6470947265625
94.26264190673828
100.48487854003906
106.55658721923828
113.01272583007812
120.05735778808594
127.6812744140625
135.35000610351562
142.9057159423828
150.24229431152344
157.30197143554688
164.54747009277344
171.9270477294922
175.4568634033203
178.24246215820312
181.1328582763672
183.8220672607422
186.1424102783203
