0.09531742334365845
0.10536615550518036
0.1184474378824234
0.12699036300182343
0.1341366469860077
0.1402282863855362
0.1432897001504898
0.14535300433635712
0.14726343750953674
0.1488845944404602
0.15004131197929382
0.15102079510688782
0.15201008319854736
0.1529533863067627
0.1539573222398758
0.1549331694841385
0.15594662725925446
0.1569676697254181
0.15805308520793915
0.15911990404129028
0.16020449995994568
0.16147969663143158
0.1630495935678482
0.16549503803253174
0.16854572296142578
0.17184576392173767
0.1754290759563446
0.1794212907552719
0.18382354080677032
0.1885545551776886
0.19359715282917023
0.1990801990032196
0.026012109592556953
0.018707001581788063
0.015840725973248482
0.014095240272581577
0.012705463916063309
0.011769813485443592
0.14939305186271667
0.16576853394508362
0.17939971387386322
0.1913328468799591
0.20222091674804688
0.21292456984519958
0.2235681116580963
0.23454715311527252
0.24811822175979614
0.2666237950325012
0.28351345658302307
0.3003108501434326
0.31936341524124146
0.3398592174053192
0.3612157702445984
0.3822129964828491
0.3667106032371521
0.3536619246006012
0.3419928550720215
0.3308974504470825
0.3200884163379669
0.3095172941684723
0.2988528907299042
0.28826990723609924
0.277841717004776
0.26740527153015137
0.2574886679649353
0.24993988871574402
0.24457812309265137
0.24075078964233398
0.23804543912410736
0.2361670881509781
0.2352990210056305
0.23582978546619415
0.2367887645959854
0.23801271617412567
0.2386566549539566
0.23936507105827332
0.24105748534202576
0.2429160326719284
0.24493248760700226
0.24707184731960297
0.24931541085243225
0.25173234939575195
1.559741735458374
3.5905847549438477
5.243163585662842
6.617733478546143
7.927308082580566
8.990435600280762
9.857951164245605
10.567227363586426
11.147802352905273
11.62527084350586
12.021345138549805
