0.007709319703280926
0.008582713082432747
0.009676691144704819
0.01083892397582531
0.011121177114546299
0.011202880181372166
0.011266752146184444
0.011324032209813595
0.011394009925425053
0.011517100036144257
0.01161250937730074
0.011705667711794376
0.011798533610999584
0.011878585442900658
0.011960100382566452
0.012043563649058342
0.012138633988797665
0.01224870327860117
0.012370314449071884
0.0125116603448987
0.012678691186010838
0.012870870530605316
0.013085782527923584
0.013321580365300179
0.013575679622590542
0.013847669586539268
0.0141229797154665
0.014391790144145489
0.014640712179243565
0.014910298399627209
0.015192730352282524
0.015483316034078598
0.0007939369534142315
0.0007570444140583277
0.000760421680752188
0.0007741978042759001
0.0007890436099842191
0.0008024984272196889
0.015120030380785465
0.015706900507211685
0.01590822823345661
0.016076156869530678
0.016299529001116753
0.016591260209679604
0.01693742908537388
0.017324237152934074
0.017742954194545746
0.018188901245594025
0.018654748797416687
0.019135983660817146
0.019608885049819946
0.020076557993888855
0.020550087094306946
0.021043352782726288
0.02151496335864067
0.021942922845482826
0.022352416068315506
0.022756198421120644
0.023159027099609375
0.02355078235268593
0.023925550282001495
0.02368585765361786
0.023137079551815987
0.02261187694966793
0.022099096328020096
0.021593526005744934
0.021093521267175674
0.0206006933003664
0.0201139934360981
0.019633540883660316
0.01916022039949894
0.01869441568851471
0.01823662966489792
0.017788466066122055
0.017349490895867348
0.016918867826461792
0.01649647206068039
0.016082752496004105
0.01567782089114189
0.015281653963029385
0.014892852865159512
0.014511174522340298
0.014136173762381077
0.013767757453024387
0.013405879028141499
0.013050840236246586
0.01270316168665886
0.012367963790893555
0.01204640418291092
0.011736887507140636
0.011437850072979927
0.011148102581501007
