0.021863263100385666
0.02442178502678871
0.028293538838624954
0.030271995812654495
0.03093140199780464
0.03126561641693115
0.03141362592577934
0.031543198972940445
0.03176973760128021
0.032032404094934464
0.03224845975637436
0.032428983598947525
0.03258880600333214
0.03276161849498749
0.03295257315039635
0.03316003084182739
0.03339767083525658
0.033709608018398285
0.034164465963840485
0.03474419191479683
0.03540300205349922
0.03609626367688179
0.03680509701371193
0.037510085850954056
0.0382259339094162
0.03897054120898247
0.039778370410203934
0.040676049888134
0.04166416823863983
0.04272610321640968
0.043841779232025146
0.04500266909599304
0.002535272855311632
0.002230557147413492
0.002180645475164056
0.002197986701503396
0.0022297159302979708
0.002261091023683548
0.04314688220620155
0.04518229141831398
0.0459485724568367
0.04639190435409546
0.046911220997571945
0.04775047302246094
0.048748619854450226
0.049912676215171814
0.05120602995157242
0.051902707666158676
0.05263161659240723
0.054139889776706696
0.05421731248497963
0.052468057721853256
0.05080113932490349
0.04919571429491043
0.04763774201273918
0.046153854578733444
0.04526878520846367
0.044724103063344955
0.0433599017560482
0.04206272214651108
0.04081450402736664
0.039605513215065
0.038433607667684555
0.03730270639061928
0.036219220608472824
0.035189732909202576
0.0342155285179615
0.033262159675359726
0.032311756163835526
0.031369518488645554
0.030448749661445618
0.029581263661384583
0.028711849823594093
0.027848388999700546
0.026980292052030563
0.026096202433109283
0.025190236046910286
0.024317948147654533
0.023644307628273964
0.023145277053117752
0.02275654673576355
0.022438688203692436
0.022177651524543762
0.02194760926067829
0.021746795624494553
0.021551240235567093
0.021357441321015358
0.021210847422480583
0.022178340703248978
0.025291766971349716
0.028729865327477455
0.0324195921421051
0.036336902529001236
0.040302734822034836
0.04433159902691841
