0.024709414690732956
0.027351152151823044
0.031126901507377625
0.03342306613922119
0.03385653346776962
0.034166205674409866
0.03445791080594063
0.03469683602452278
0.03488878533244133
0.03510154038667679
0.03533489257097244
0.03560899943113327
0.03590666130185127
0.03623412922024727
0.03657953068614006
0.03693469986319542
0.03730687499046326
0.03776821866631508
0.03834138065576553
0.03901681303977966
0.039772938936948776
0.0405842624604702
0.0414532907307148
0.04235129430890083
0.04326799884438515
0.04420638084411621
0.045163094997406006
0.04613130912184715
0.04711585491895676
0.0481179803609848
0.049130138009786606
0.050146397203207016
0.002654346637427807
0.0025624472182244062
0.002545773284509778
0.0025382833555340767
0.0025301831774413586
0.0025206871796399355
0.045555394142866135
0.04725870490074158
0.04828757792711258
0.049612466245889664
0.050813425332307816
0.05208618938922882
0.053520508110523224
0.055113207548856735
0.056768111884593964
0.05807148292660713
0.059358857572078705
0.060622043907642365
0.06185084953904152
0.06301023811101913
0.06410089880228043
0.06507105380296707
0.06594079732894897
0.06677740067243576
0.0675535723567009
0.06695204228162766
0.06387875229120255
0.06242130324244499
0.06103381887078285
0.05841337889432907
0.056336816400289536
0.054479748010635376
0.05264737457036972
0.0508444719016552
0.04917197301983833
0.047621019184589386
0.04613799601793289
0.044613562524318695
0.04302214831113815
0.041495244950056076
0.04005814343690872
0.03865974396467209
0.03727897256612778
0.03590741753578186
0.03457139804959297
0.033285997807979584
0.03220076113939285
0.03121636062860489
0.030459709465503693
0.02981509082019329
0.02925065904855728
0.028755497187376022
0.028306763619184494
0.02788705751299858
0.027478201314806938
0.027084575966000557
0.026720520108938217
0.026396067813038826
0.026108447462320328
0.02662760578095913
0.027906205505132675
0.029200760647654533
