10.199870109558105
12.561275482177734
9.690568923950195
8.14940357208252
7.6143293380737305
7.386758804321289
7.267238140106201
7.152381420135498
7.067190647125244
6.997165679931641
6.944892883300781
6.876908779144287
6.794856071472168
6.74493932723999
6.731286525726318
6.753955841064453
6.811306476593018
6.9067769050598145
7.0319037437438965
7.175177574157715
7.303084850311279
7.415250301361084
7.534274578094482
7.681042671203613
7.872981548309326
8.125271797180176
8.452546119689941
8.865863800048828
9.375009536743164
9.964744567871094
10.63183307647705
11.36960220336914
0.9845502972602844
0.980148434638977
1.0303611755371094
1.0849977731704712
1.1416383981704712
1.197120189666748
17.547149658203125
17.517330169677734
18.353120803833008
19.49253273010254
20.72728729248047
22.010883331298828
23.361047744750977
24.792861938476562
26.30649757385254
27.829381942749023
29.247480392456055
30.572744369506836
31.79730796813965
32.993858337402344
34.133628845214844
35.1937255859375
36.18549728393555
37.087913513183594
37.87727355957031
38.55072021484375
39.126678466796875
39.626922607421875
40.079952239990234
40.49100112915039
40.853416442871094
41.20290756225586
41.43330001831055
41.56935501098633
41.630531311035156
41.626800537109375
41.574371337890625
41.48826599121094
41.38437271118164
41.27012634277344
41.155738830566406
41.044315338134766
40.939579010009766
40.84684371948242
40.7752685546875
40.72183609008789
40.61186218261719
40.49570846557617
40.38520431518555
40.286869049072266
40.20277786254883
40.1307373046875
40.06977081298828
40.01803970336914
39.979801177978516
39.9664306640625
40.0189094543457
40.05796813964844
40.09492492675781
40.13070297241211
