0.487997829914093
0.533065915107727
0.8279021382331848
1.0044876337051392
1.017346978187561
1.0236191749572754
1.0329372882843018
1.0451786518096924
1.0616389513015747
1.083483338356018
1.1055564880371094
1.1245043277740479
1.14119553565979
1.157810091972351
1.1779253482818604
1.2011686563491821
1.227899432182312
1.2630897760391235
1.3127912282943726
1.376454472541809
1.4576653242111206
1.5671404600143433
1.7112350463867188
1.937581181526184
2.128248453140259
2.257174253463745
8.540399551391602
17.084945678710938
21.850055694580078
25.939680099487305
30.37409782409668
35.259334564208984
1.1722224950790405
1.4515440464019775
1.7527376413345337
2.0759477615356445
2.394887924194336
2.707728624343872
74.11797332763672
74.7607650756836
81.58389282226562
90.0204849243164
98.45287322998047
106.45707702636719
113.85897064208984
121.15719604492188
128.1367950439453
135.111572265625
141.44964599609375
146.95713806152344
151.55783081054688
155.35655212402344
158.4399871826172
160.89077758789062
162.81312561035156
163.6322021484375
164.2964324951172
165.1624755859375
165.92230224609375
166.37850952148438
166.5310821533203
166.4976348876953
166.33309936523438
166.06857299804688
165.77938842773438
165.53355407714844
165.31898498535156
165.10438537597656
164.84278869628906
164.2692108154297
163.38343811035156
162.36849975585938
161.29296875
160.1905975341797
159.08551025390625
157.96661376953125
156.79718017578125
155.6131591796875
154.42010498046875
153.22402954101562
152.03561401367188
150.87118530273438
149.73733520507812
148.6216278076172
147.5226287841797
146.44683837890625
145.3954315185547
144.36827087402344
143.36160278320312
142.3711395263672
141.39146423339844
140.4219207763672
139.46542358398438
