0.16212546825408936
0.1828995645046234
0.20432397723197937
0.20768554508686066
0.20869286358356476
0.2096395045518875
0.21051788330078125
0.21141743659973145
0.21249215304851532
0.21349294483661652
0.2144632637500763
0.21531224250793457
0.21625499427318573
0.21754002571105957
0.21897737681865692
0.22030006349086761
0.2217293083667755
0.2232552021741867
0.22507622838020325
0.2274504154920578
0.23046590387821198
0.2342541366815567
0.23871712386608124
0.24362078309059143
0.24887864291667938
0.25449034571647644
0.26041483879089355
0.2665926218032837
0.2731687128543854
0.28199851512908936
0.29594191908836365
0.31162118911743164
0.014475325122475624
0.014667738229036331
0.015031279996037483
0.015199065208435059
0.015231390483677387
0.015193692408502102
0.2693456709384918
0.2754814624786377
0.2858407497406006
0.30665650963783264
0.33480021357536316
0.3676019012928009
0.35939309000968933
0.350038081407547
0.34087011218070984
0.3316720128059387
0.322405606508255
0.3131209909915924
0.3037293255329132
0.2933735251426697
0.2831577956676483
0.273227721452713
0.26372772455215454
0.254435271024704
0.24535222351551056
0.23644421994686127
0.22768814861774445
0.21917861700057983
0.2108665555715561
0.20286782085895538
0.19504304230213165
0.1874951869249344
0.1803390234708786
0.17528215050697327
0.17168943583965302
0.168756365776062
0.1662822961807251
0.16436776518821716
0.16708391904830933
0.17566201090812683
0.18997253477573395
0.21037447452545166
0.2323767989873886
0.25727641582489014
0.28401127457618713
0.30926910042762756
0.33410659432411194
0.3591236174106598
0.3843870759010315
0.40987473726272583
3.039790391921997
8.931159973144531
12.964765548706055
15.95534610748291
18.28081512451172
19.923551559448242
21.114282608032227
21.988656997680664
22.64191436767578
23.13966941833496
