0.006623698398470879
0.007231739349663258
0.008001181297004223
0.00874579232186079
0.009404165670275688
0.009697300381958485
0.009890394285321236
0.009986292570829391
0.010088397189974785
0.010181459598243237
0.010243595577776432
0.010310641489923
0.01037510670721531
0.010448826476931572
0.010538903065025806
0.010648424737155437
0.010771981440484524
0.010922499932348728
0.01110813021659851
0.011330693028867245
0.01158397551625967
0.011859108693897724
0.01215155329555273
0.012459378689527512
0.01278605218976736
0.013089810498058796
0.01340443454682827
0.013745730742812157
0.014113035053014755
0.01450305711477995
0.014923419803380966
0.015374229289591312
0.0009447666816413403
0.0009332073386758566
0.0009451799560338259
0.0009596770396456122
0.0009747711010277271
0.0009895970579236746
0.016273854300379753
0.01644345000386238
0.01644853688776493
0.016628969460725784
0.016979508101940155
0.01742199994623661
0.01785961724817753
0.018302923068404198
0.018779117614030838
0.019288161769509315
0.019812647253274918
0.020330317318439484
0.020859960466623306
0.021410875022411346
0.022001052275300026
0.022595856338739395
0.023199547082185745
0.02381528913974762
0.024428704753518105
0.025041906163096428
0.025659509003162384
0.026278764009475708
0.02690025046467781
0.02751982770860195
0.028137926012277603
0.028737185522913933
0.02932673506438732
0.029928486794233322
0.030531197786331177
0.0311362836509943
0.031721848994493484
0.032294344156980515
0.032842718064785004
0.03336804360151291
0.03386164829134941
0.034325145184993744
0.034757230430841446
0.03515077382326126
0.035559359937906265
0.035929977893829346
0.03622714802622795
0.03646423667669296
0.036637015640735626
0.03673600032925606
0.03676391392946243
0.03672724962234497
0.03596382588148117
0.034659866243600845
0.033471908420324326
0.03235815837979317
0.031339652836322784
0.030385339632630348
0.029485024511814117
0.028628595173358917
0.02781488560140133
