9.531704902648926
12.591806411743164
11.376798629760742
9.403971672058105
8.561379432678223
8.182587623596191
7.980903148651123
7.948328018188477
7.941305637359619
7.941222190856934
7.941185474395752
7.941162109375
7.941146373748779
7.941115856170654
7.9410905838012695
7.941074371337891
7.941040992736816
7.941009044647217
7.940979480743408
7.940969467163086
7.940963268280029
7.940950393676758
7.940948486328125
7.94094705581665
7.94094705581665
7.940946578979492
7.940946578979492
7.940946578979492
7.940946578979492
7.940946578979492
7.940946578979492
7.940946578979492
7.940946578979492
7.940946578979492
