0.48238664865493774
0.5142942667007446
0.6573691368103027
0.9764193892478943
1.0102022886276245
1.012902021408081
1.016492486000061
1.0209574699401855
1.0274388790130615
1.0350375175476074
1.0446637868881226
1.0566246509552002
1.0706236362457275
1.0884835720062256
1.1010922193527222
1.1107267141342163
1.1218233108520508
1.1332486867904663
1.145464301109314
1.1583622694015503
1.1705741882324219
1.1814216375350952
1.1942312717437744
1.2104606628417969
1.2347468137741089
1.2636610269546509
1.2937374114990234
1.3273555040359497
1.363491415977478
1.4091293811798096
1.4631682634353638
1.5336244106292725
0.03264537453651428
0.03254510462284088
0.03251445293426514
0.03249407559633255
0.03387719765305519
0.03429814428091049
0.7424397468566895
1.3354851007461548
1.7533621788024902
2.079890012741089
2.071535587310791
2.105921506881714
2.1809635162353516
2.2910525798797607
9.200925827026367
18.546546936035156
24.777198791503906
30.254817962646484
35.74758529663086
41.27967071533203
47.398353576660156
55.14928436279297
63.87441635131836
74.4139404296875
84.5242919921875
94.05355834960938
102.99205017089844
111.47664642333984
119.33353424072266
126.8406753540039
133.62142944335938
139.4899139404297
144.6948699951172
149.36915588378906
153.5574493408203
157.1431884765625
160.1750030517578
162.7787322998047
164.93386840820312
166.87425231933594
168.25265502929688
169.26678466796875
170.0255584716797
170.47796630859375
170.36033630371094
170.05816650390625
169.6819305419922
169.283935546875
168.87326049804688
168.43020629882812
167.99240112304688
167.58140563964844
167.15440368652344
166.68148803710938
166.1507110595703
165.56031799316406
164.9059295654297
164.17361450195312
163.39114379882812
162.57998657226562
