0.022289715707302094
0.026821838691830635
0.028766047209501266
0.02986389771103859
0.030672887340188026
0.03101450204849243
0.03108493983745575
0.03107653185725212
0.031108586117625237
0.031184067949652672
0.03135760873556137
0.03156029433012009
0.03184374049305916
0.03218492865562439
0.032536957412958145
0.03288683295249939
0.033221080899238586
0.03355689346790314
0.033901311457157135
0.03425818681716919
0.03464304283261299
0.03509125858545303
0.03561694920063019
0.03622005134820938
0.036892153322696686
0.03762124106287956
0.03839309513568878
0.03918451443314552
0.040004052221775055
0.04085726663470268
0.04165792465209961
0.041101135313510895
0.0019508586265146732
0.001498002209700644
0.0014718996826559305
0.0014475092757493258
0.0014365616953000426
0.0014343769289553165
0.034452203661203384
0.039459265768527985
0.042324792593717575
0.040772609412670135
0.03977169468998909
0.039034653455019
0.03839923441410065
0.03780961036682129
0.03714708611369133
0.036436475813388824
0.035714466124773026
0.034970566630363464
0.03420799598097801
0.03343231603503227
0.03264523297548294
0.031875573098659515
0.031107235699892044
0.030336737632751465
0.029561972245573997
0.028789719566702843
0.02802644856274128
0.027272522449493408
0.026527319103479385
0.02579105831682682
0.025065334513783455
0.024349281564354897
0.0236436128616333
0.02295083738863468
0.022267824038863182
0.021595630794763565
0.020936761051416397
0.020291363820433617
0.019663957878947258
0.01905609667301178
0.01846296340227127
0.0178778525441885
0.017294494435191154
0.016728462651371956
0.01619289629161358
0.015693167224526405
0.01522382814437151
0.014776846393942833
0.014346254989504814
0.013933457434177399
0.013542020693421364
0.013175692409276962
0.01283307559788227
0.012506389990448952
0.01219176221638918
0.011885707266628742
0.011588944122195244
0.011306359432637691
0.011036014184355736
0.010775853879749775
