1499.9996337890625
1500.0
1500.000244140625
1500.0
1500.0
1499.9998779296875
1499.9998779296875
1500.0
1500.0
1500.0
1500.0
1500.0
1500.0
1500.0
1500.0
1500.0
1500.0
1500.0
1500.0
1500.0
1500.0
1500.0
1500.0
1500.0
1500.0
1500.0
1500.0
1500.0
1500.0
1500.0
1500.0
1500.0
100.0
100.0
100.0
100.0
100.0
100.0
1500.0
1500.0
1500.0
1416.1966552734375
1362.496826171875
1328.917236328125
1301.044677734375
1273.5196533203125
1245.540283203125
1216.89111328125
1187.24072265625
1156.4959716796875
1124.9539794921875
1092.5841064453125
1059.5269775390625
1026.12744140625
992.7646484375
959.47314453125
926.274169921875
893.1084594726562
860.1401977539062
827.541748046875
795.44873046875
763.9776611328125
733.2583618164062
703.4324951171875
674.5659790039062
646.8092041015625
620.2525024414062
594.9410400390625
570.7423095703125
547.566650390625
525.3707885742188
504.0610046386719
483.54974365234375
463.90008544921875
445.10638427734375
427.15985107421875
409.9685363769531
393.5594787597656
377.6529846191406
362.6841735839844
348.2276306152344
334.6603698730469
321.7912902832031
309.5686340332031
297.3811340332031
285.9797058105469
275.5693664550781
265.3319091796875
255.6842803955078
246.4786834716797
237.66224670410156
229.27207946777344
