1499.996337890625
1500.0
1500.0
1500.0
1500.0
1500.0
1500.0
1500.0
1500.0
1500.0
1500.0
1500.0
1500.0
1500.0
1500.0
1500.0
1500.0
1500.0
1500.0
1500.0
1500.0
1500.0
1500.0
1500.0
1500.0
1500.0
1500.0
1500.0
1500.0
1500.0
1500.0
1500.0
100.0
100.0
100.0
100.0
100.0
100.0
1500.0
1499.999755859375
1500.0
1500.0
1500.0
1500.0
1500.0
1500.0
1500.0
1500.0
1500.0
1500.0
1500.0
1500.0
1500.0
1500.0
1500.0
1500.0
1500.0
1500.0
1500.0
1500.0001220703125
1500.0
1500.0
1500.0001220703125
1500.0
1499.99951171875
1500.0
1499.9998779296875
1500.0
1499.9998779296875
1500.0
1499.9998779296875
1500.0
1500.0
1499.9993896484375
1499.9996337890625
1499.9990234375
1499.99853515625
1500.0
1500.0
1499.9969482421875
1499.9998779296875
1499.9990234375
1499.99951171875
1500.0
1499.9986572265625
1499.9998779296875
1451.9188232421875
1391.5118408203125
1346.3319091796875
1307.8983154296875
1268.38720703125
1224.1466064453125
