1499.992431640625
1500.0
1500.0
1500.0
1500.0
1500.0
1500.0062255859375
1500.0
1500.0
1500.0
1500.0
1500.0
1500.0
1500.0
1500.0
1500.0
1500.0
1500.0
1500.0
1500.0
1500.0
1500.0
1500.0
1500.0
1500.0
1500.0
1500.0
1500.0
1500.0
1500.0
1500.0
1500.0
100.0
100.0
100.0
100.0
100.0
100.0
1500.0
1500.0
1500.0
1500.0
1500.0
1500.0
1500.0
1500.0
1500.0
1500.0
1500.0
1500.0
1500.0
1500.0
1500.0
1499.9998779296875
1500.0
1500.0
1500.0
1499.997802734375
1500.0
1500.0
1500.0
1500.0
1500.0
1500.0
1500.0
1499.99951171875
1500.0
1500.0
1499.9998779296875
1500.0
1500.0
1500.0
1499.999755859375
1500.0
1500.0
1499.9974365234375
1499.999755859375
1499.9996337890625
1500.0
1499.9984130859375
1499.99951171875
1499.998779296875
1499.9986572265625
1494.7889404296875
1443.552978515625
1402.48095703125
1363.3529052734375
1326.4039306640625
1293.34521484375
1257.7484130859375
1212.60595703125
1162.0487060546875
