1500.0
1500.0
1500.0
1500.0
1500.0
1500.0
1500.0
1500.0
1500.0
1500.0
1500.0
1500.0
1500.0
1500.0
1500.0
1500.0
1500.0
1500.0
1500.0
1500.0
1500.0
1500.0
1500.0
1500.0
1500.0
1500.0
1500.0
1500.0
1500.0
1500.0
1500.0
1500.0
100.0
100.0
100.0
100.0
100.0
100.0
1500.0
1500.0
1500.0
1500.0
1500.0
1500.0
1500.0
1500.0
1500.0
1500.0
1500.0
1500.0
1500.0
1500.0
1500.0
1500.0
1500.0
1500.0
1500.0
1500.0
1500.0
1500.0
1500.0
1474.1865234375
1430.813232421875
1390.30615234375
1351.496826171875
1313.8663330078125
1277.2203369140625
1241.574951171875
1206.686767578125
1172.411376953125
1138.7552490234375
1105.7137451171875
1073.55224609375
1057.767333984375
1042.238037109375
1012.4373779296875
984.0427856445312
956.9109497070312
930.9441528320312
905.890625
881.7915649414062
858.6978759765625
836.5264282226562
815.1734008789062
794.5391845703125
774.5357666015625
755.0863037109375
736.1674194335938
717.7893676757812
699.8905639648438
682.4487915039062
665.6908569335938
649.5305786132812
