1499.999755859375
1500.0
1500.0
1500.0
1500.0
1500.0
1500.0
1500.0
1500.0
1500.0
1500.0
1500.0
1500.0
1500.0
1500.0
1500.0
1500.0
1500.0
1500.0
1500.0
1500.0
1500.0
1500.0
1500.0
1500.0
1500.0
1500.0
1500.0
1500.0
1500.0
1500.0
1500.0
100.0
100.0
100.0
100.0
100.0
100.0
1500.0
1500.0
1500.0
1500.0
1500.0
1500.0
1500.0
1500.0
1500.0
1500.0
1500.0
1500.0
1500.0
1500.0
1500.0
1500.0
1500.0
1500.0
1500.0
1421.404052734375
1338.396728515625
1260.1514892578125
1178.400634765625
1110.337158203125
1053.1585693359375
995.5343627929688
941.7244873046875
887.2619018554688
847.648681640625
799.9758911132812
742.1030883789062
677.0103759765625
606.4200439453125
544.3766479492188
518.7308349609375
494.3898010253906
470.3335876464844
448.0027770996094
423.553466796875
398.5759582519531
391.4091491699219
385.4866027832031
365.1985778808594
343.6330261230469
327.2289733886719
314.4063415527344
303.7802429199219
294.3391418457031
285.59735107421875
277.360107421875
269.4353942871094
261.73126220703125
254.2353515625
246.9613494873047
