1338.884521484375
1036.08642578125
836.3789672851562
714.3167724609375
668.2153930664062
644.3816528320312
624.0059204101562
604.7174682617188
586.591064453125
569.2100219726562
551.4887084960938
534.8275756835938
518.6176147460938
502.9389953613281
487.8270263671875
472.8089904785156
458.00286865234375
443.2274475097656
428.9990234375
415.0655517578125
401.30511474609375
388.9722595214844
378.91729736328125
368.3492736816406
357.6064147949219
346.6844482421875
335.3170471191406
323.5895080566406
312.0216369628906
300.6989440917969
290.08929443359375
280.8346252441406
100.0
100.0
99.99995422363281
100.0
100.0
100.0
361.7625427246094
284.5262145996094
262.1523132324219
255.36105346679688
251.98081970214844
248.3399200439453
244.4556121826172
240.5778045654297
236.93020629882812
233.33090209960938
229.9692840576172
226.75732421875
223.29905700683594
219.7096405029297
216.05795288085938
212.32867431640625
208.68960571289062
204.90179443359375
201.17481994628906
197.33448791503906
193.3653106689453
189.42213439941406
185.5142059326172
181.64166259765625
177.76661682128906
173.8521270751953
169.8836212158203
165.85379028320312
161.77679443359375
157.68386840820312
153.60177612304688
149.54373168945312
145.51776123046875
141.51925659179688
137.56065368652344
133.65516662597656
129.91421508789062
126.2877426147461
122.73687744140625
119.27116394042969
115.91984558105469
112.71990966796875
109.63267517089844
106.66322326660156
103.8182601928711
101.08515930175781
98.45818328857422
95.93529510498047
93.51448822021484
91.19320678710938
88.96818542480469
86.83252716064453
84.78477478027344
82.82405090332031
