1500.0
1500.0
1500.0
1500.0
1500.0
1500.0
1500.0
1500.0
1500.0
1500.0
1500.0
1500.0
1500.0
1500.0
1500.0
1500.0
1500.0
1500.0
1500.0
1500.0
1500.0
1500.0
1500.0
1500.0
1500.0
1500.0
1500.0
1500.0
1500.0
1500.0
1500.0
1500.0
100.0
100.0
100.0
100.0
100.0
100.0
1500.0
1500.0
1500.0
1500.0
1500.0
1500.0
1500.0
1500.0
1500.0
1500.0
1500.0
1500.0
1500.000732421875
1500.0
1500.0
1500.0
1500.0
1500.0
1500.0
1500.0
1500.0
1500.0
1500.0
1485.5069580078125
1420.9537353515625
1361.2791748046875
1304.4107666015625
1249.7745361328125
1197.3079833984375
1146.9483642578125
1098.564453125
1052.1519775390625
1007.7623901367188
965.2872314453125
924.1529541015625
885.0775146484375
847.8391723632812
812.2301635742188
778.0545043945312
745.4968872070312
714.4031982421875
682.8400268554688
654.7731323242188
628.1491088867188
602.3755493164062
577.6044921875
553.718994140625
530.6475830078125
508.7879943847656
488.2373352050781
468.494384765625
449.5289001464844
431.73736572265625
414.8309631347656
