1500.0
1500.0
1500.0
1500.0
1500.0
1500.0
1500.0
1500.0
1500.0
1500.0
1500.0
1500.0
1500.0
1500.0
1500.0
1500.0
1500.0
1500.0
1500.0
1500.0
1500.0
1500.0
1500.0
1500.0
1500.0
1500.0
1500.0
1500.0
1500.0
1500.0
1500.0
1500.0
100.0
100.0
100.0
100.0
100.0
100.0
1500.0
1500.0
1500.0
1500.0
1500.0
1500.0
1500.0
1500.0
1500.0
1500.0
1500.0
1500.0
1500.0
1500.0
1434.3802490234375
1358.0382080078125
1285.9866943359375
1219.4114990234375
1160.2578125
1104.6119384765625
1049.9560546875
995.1273193359375
941.0745849609375
891.085693359375
844.1422729492188
799.0718383789062
754.64697265625
711.7000732421875
669.9675903320312
630.3479614257812
594.2437133789062
564.1332397460938
537.715087890625
512.9288330078125
488.87994384765625
465.7655944824219
443.3402404785156
420.74114990234375
397.8515930175781
375.6080322265625
354.0779724121094
333.0987854003906
317.2690734863281
304.7891845703125
293.4161682128906
282.3951110839844
271.3819885253906
260.94830322265625
250.91366577148438
240.79884338378906
230.64019775390625
220.76531982421875
211.14024353027344
201.7124786376953
