1499.9998779296875
1500.0
1500.0
1500.0
1500.0
1500.0
1500.0
1500.0
1500.0
1500.0
1500.0
1500.0
1500.0
1500.0
1500.0
1500.0
1500.0
1500.0
1500.0
1500.0
1500.0
1500.0
1500.0
1500.0
1500.0
1500.0
1500.0
1500.0
1500.0
1500.0
1500.0
1500.0
100.0
100.0
100.0
100.0
100.0
100.0
1500.0
1500.0
1500.0
1476.732666015625
1416.961181640625
1373.81884765625
1335.7783203125
1298.5908203125
1261.3924560546875
1223.90771484375
1186.6595458984375
1150.1396484375
1113.188232421875
1076.06103515625
1039.037109375
1002.3056030273438
966.2053833007812
930.994140625
897.4419555664062
864.6032104492188
833.0802001953125
802.695068359375
773.4056396484375
745.0925903320312
717.7025146484375
691.3008422851562
665.9857788085938
641.8082885742188
618.729736328125
596.6787719726562
575.5803833007812
555.324951171875
535.8248291015625
517.1412353515625
499.1446533203125
481.7170715332031
464.8653564453125
448.6197509765625
438.0596618652344
432.85064697265625
417.78009033203125
403.4145812988281
389.6820373535156
376.8605041503906
364.8821716308594
353.2498779296875
342.22454833984375
331.7501220703125
321.8088684082031
312.4624328613281
303.7639465332031
295.6670227050781
288.1220397949219
281.0481262207031
274.4144592285156
