1500.0
1500.0
1500.0
1500.0
1500.000244140625
1500.0
1500.002197265625
1500.0
1499.9998779296875
1499.9998779296875
1500.0
1499.999755859375
1499.998779296875
1499.8800048828125
1499.9990234375
1499.9986572265625
1499.99951171875
1499.9991455078125
1499.9993896484375
1499.99951171875
1499.9991455078125
1499.9989013671875
1499.998291015625
1499.9998779296875
1500.0
1499.9996337890625
1499.9984130859375
1500.0
1500.0
1499.9996337890625
1499.9989013671875
1499.9903564453125
99.98961639404297
100.0
100.0
100.0
100.0
100.0
1500.0
1500.0
1500.0
1500.0008544921875
1500.0
1500.0
1500.0
1499.9998779296875
1500.0
1499.9998779296875
1499.9998779296875
1499.9998779296875
1499.9998779296875
1500.0
1500.0
1500.0
1500.0
1496.52001953125
1454.92138671875
1421.822265625
1390.26806640625
1358.4140625
1326.27783203125
1294.591552734375
1263.134033203125
1231.7705078125
1200.6136474609375
1169.8499755859375
1139.5284423828125
1109.5628662109375
1080.0186767578125
1051.03466796875
1022.57958984375
994.6856689453125
967.5526733398438
941.2592163085938
915.7677612304688
891.05224609375
867.155029296875
844.4226684570312
822.2869262695312
800.8529052734375
780.1969604492188
760.3570556640625
741.3048706054688
722.9916381835938
705.495849609375
688.650146484375
672.4039306640625
656.737060546875
641.606689453125
626.9851684570312
612.8098754882812
599.2012939453125
