1500.0
1500.0
1500.0
1500.0
1500.0
1500.0
1500.0
1500.0
1500.0
1500.0
1500.0
1500.0
1500.0
1500.0
1500.0
1500.0
1500.0
1500.0
1500.0
1500.0
1500.0
1500.0
1500.0
1500.0
1500.0
1500.0
1500.0
1500.0
1500.0
1500.0
1500.0
1500.0
100.0
100.0
100.0
100.0
100.0
100.0
1500.0
1500.0
1500.0
1500.0
1500.0
1500.0
1500.0
1500.0
1500.0
1500.0
1500.0
1500.0
1500.0
1500.0
1500.0
1500.0
1500.0
1500.0
1475.0325927734375
1413.4857177734375
1354.4652099609375
1297.1590576171875
1241.698486328125
1188.248046875
1136.936767578125
1087.7425537109375
1040.6937255859375
995.7153930664062
952.660888671875
911.361572265625
871.907470703125
834.2214965820312
798.0144653320312
763.4378662109375
730.5227661132812
699.1292724609375
669.2100830078125
649.8828125
640.4118041992188
613.133544921875
587.1620483398438
561.3239135742188
536.726806640625
514.483154296875
492.98126220703125
472.19085693359375
452.1172180175781
433.4039611816406
415.73077392578125
398.9516296386719
382.990966796875
367.8508605957031
353.50506591796875
339.8927917480469
326.96240234375
