1500.0
1500.0
1500.0
1500.0
1500.0
1500.0
1500.0
1500.0
1500.0
1500.0
1500.0
1500.0
1500.0
1500.0
1500.0
1500.0
1500.0
1500.0
1500.0
1500.0
1500.0
1500.0
1500.0
1500.0
1500.0
1500.0
1500.0
1500.0
1500.0
1500.0
1500.0
1500.0
100.0
100.0
100.0
100.0
100.0
100.0
1500.0
1500.0
1500.0
1500.0
1500.0
1500.0
1500.0
1500.0
1500.0
1500.0
1500.0
1500.0
1500.0
1500.0
1500.0
1500.0
1500.0
1500.0
1500.0
1500.0
1500.0
1500.0
1500.0
1457.3646240234375
1414.9886474609375
1374.8607177734375
1336.1771240234375
1298.5777587890625
1261.9921875
1226.3692626953125
1191.4326171875
1157.12646484375
1123.5147705078125
1090.6788330078125
1059.013916015625
1028.6856689453125
999.6293334960938
971.751220703125
945.0213012695312
919.3902587890625
894.602294921875
870.845458984375
848.029052734375
826.0691528320312
804.8743896484375
784.3588256835938
764.492919921875
745.254150390625
726.5615234375
708.2568359375
690.253173828125
672.748291015625
655.8496704101562
639.5794677734375
