1499.99755859375
1500.0
1500.0
1500.0
1500.0
1500.0052490234375
1500.0
1500.0
1500.0
1500.0
1500.0
1500.0
1500.0
1500.0
1500.0
1500.0
1500.0
1500.0
1500.0
1500.0
1500.0
1500.0
1500.0
1500.0
1500.0
1500.0
1500.0
1500.0
1500.0
1500.0
1500.0
1500.0
100.0
100.0
100.0
100.0
100.0
100.0
1499.999755859375
1500.0
1500.0
1500.0
1500.0
1500.0
1500.0
1500.0
1500.0
1500.0
1500.0
1500.0
1500.0
1500.0
1500.0
1500.0
1500.0
1500.0
1499.9967041015625
1500.0
1499.999755859375
1500.0
1500.0
1500.0
1500.0
1500.0
1500.0
1500.0
1500.0
1499.998779296875
1499.99609375
1499.9998779296875
1499.9989013671875
1476.6943359375
1418.7547607421875
1369.38232421875
1322.4029541015625
1277.1287841796875
1233.200439453125
1191.3148193359375
1151.47265625
1113.59326171875
1081.951416015625
1044.7564697265625
1001.70751953125
950.3023681640625
887.6537475585938
806.689697265625
762.1583251953125
739.4031982421875
716.9105224609375
694.048583984375
670.8189697265625
646.8661499023438
622.9751586914062
