1499.9998779296875
1500.0
1500.0
1500.0
1500.0
1500.0
1500.0
1500.0
1500.0
1500.0
1500.0
1500.0
1500.0
1500.0
1500.0
1499.9998779296875
1500.0
1500.0
1500.0
1500.0
1500.0
1500.0
1500.0
1500.0
1500.0
1500.0
1500.0
1500.0
1500.0
1500.0
1500.0
1500.0
100.0
100.0
100.0
100.0
100.0
100.0
1500.0
1500.0
1500.0
1500.0
1500.0
1500.0
1500.0
1500.0
1500.0
1500.0
1500.0
1500.0
1500.0
1500.0
1500.0
1500.0
1500.0
1500.0
1456.166748046875
1365.925537109375
1284.927001953125
1210.3798828125
1141.1143798828125
1074.79541015625
1012.2070922851562
955.4322509765625
902.634033203125
854.2127075195312
809.7908325195312
768.8037109375
730.77978515625
695.3103637695312
662.1929321289062
631.1983032226562
601.9089965820312
574.1359252929688
548.2102661132812
524.0185546875
501.4238586425781
480.1688537597656
460.1483154296875
441.265380859375
423.4267272949219
406.56146240234375
390.5950622558594
375.4644775390625
361.1134948730469
347.4906311035156
334.56182861328125
322.28472900390625
310.6058044433594
299.51373291015625
288.9805603027344
278.952880859375
