1500.0
1500.0
1500.0
1500.0
1500.0
1500.0
1500.0
1500.0
1500.0
1500.0
1500.0
1500.0
1500.0
1500.0
1500.0
1500.0
1500.0
1500.0
1500.0
1500.0
1500.0
1500.0
1500.0
1500.0
1500.0
1500.0
1500.0
1500.0
1500.0
1500.0
1500.0
1500.0
100.0
100.0
100.0
100.0
100.0
100.0
1500.0
1500.0
1499.9981689453125
1500.0
1500.0
1500.0
1500.0
1500.0
1473.4906005859375
1371.9088134765625
1279.6234130859375
1195.7421875
1119.0399169921875
1048.9747314453125
983.3697509765625
919.95751953125
858.0955810546875
801.0493774414062
751.7555541992188
707.8201293945312
667.5348510742188
631.8720703125
599.2874145507812
567.6519775390625
536.3772583007812
505.4946594238281
476.94525146484375
450.0966491699219
425.7999572753906
402.22955322265625
379.94622802734375
359.1656799316406
340.409423828125
322.875244140625
314.3324279785156
307.70111083984375
295.14923095703125
282.3782958984375
269.27862548828125
256.6322937011719
245.0703887939453
234.1399383544922
223.00326538085938
211.37940979003906
199.33706665039062
187.9830322265625
177.5192108154297
167.4071807861328
157.57958984375
148.17117309570312
143.37550354003906
139.36080932617188
134.8411407470703
130.26870727539062
125.85846710205078
121.74077606201172
