1500.0
1500.0
1500.0
1500.0
1500.0
1500.0
1500.0
1500.0
1500.0
1500.0
1500.0
1500.0
1500.0
1500.0
1500.0
1500.0
1500.0
1500.0
1500.0
1500.0
1500.0
1500.0
1500.0
1500.0
1500.0
1500.0
1500.0
1500.0
1500.0
1500.0
1500.0
1500.0
100.0
100.0
100.0
100.0
100.0
100.0
1500.0048828125
1500.0
1500.0
1500.0
1500.0
1500.0
1500.0
1500.0
1500.0
1500.0
1500.0
1484.453369140625
1400.00927734375
1323.3436279296875
1250.858154296875
1181.8157958984375
1116.0391845703125
1053.514892578125
993.997802734375
937.7960815429688
884.8329467773438
834.9996337890625
788.0868530273438
744.0696411132812
702.7656860351562
663.9874877929688
627.5366821289062
593.2907104492188
561.0532836914062
530.8803100585938
502.6792907714844
476.3393249511719
451.6907958984375
428.3467102050781
406.6309509277344
386.4086608886719
367.4289245605469
348.8551330566406
331.7242126464844
316.3358459472656
301.7428894042969
287.9231872558594
274.8776550292969
262.59716796875
251.02215576171875
240.10134887695312
229.79086303710938
220.05120849609375
210.83529663085938
202.10922241210938
193.77001953125
185.8625946044922
178.39651489257812
171.36695861816406
