1499.9998779296875
1500.0
1500.0
1500.0
1500.0
1500.0
1500.0
1500.0
1500.0
1500.0
1500.0
1500.0
1500.0
1500.0
1500.0
1500.0
1500.0
1500.0
1500.0
1500.0
1500.0
1500.0
1500.0
1500.0
1500.0
1500.0
1500.0
1500.0
1500.0
1500.0
1500.0
1500.0
100.0
100.0
100.0
100.0
100.0
100.0
1500.0
1500.0
1500.0003662109375
1500.0
1500.0
1500.0
1500.0
1500.0
1500.0
1500.0
1500.0
1500.0
1500.0
1483.77587890625
1415.9671630859375
1352.0264892578125
1289.9324951171875
1229.4351806640625
1170.5701904296875
1113.385009765625
1058.1407470703125
1004.9951782226562
954.052734375
905.544677734375
859.42431640625
814.9302978515625
773.2577514648438
733.8242797851562
696.5018920898438
661.0917358398438
625.7546997070312
594.4537353515625
564.6541748046875
536.2056884765625
509.2206726074219
483.609130859375
459.0123291015625
436.6092224121094
415.5874328613281
395.742431640625
376.9371643066406
359.16534423828125
342.46783447265625
326.7735595703125
312.0025939941406
298.0741271972656
284.943359375
272.58416748046875
260.9647521972656
250.02774047851562
239.73123168945312
230.02113342285156
220.857421875
212.21311950683594
204.05418395996094
