1499.999755859375
1500.0
1500.0
1500.0
1500.000244140625
1500.0
1500.0
1500.0
1500.0
1500.0
1500.0
1500.0
1500.0
1500.0
1500.0
1500.0
1500.0
1500.0
1500.0
1500.0
1500.0
1500.0
1500.0
1500.0
1500.0
1500.0
1500.0
1500.0
1500.0
1500.0
1500.0
1500.0
99.99999237060547
100.0
100.0
100.0
100.0
100.0
1500.0
1500.0
1500.0
1500.0
1500.0
1500.0
1500.0
1500.0
1500.0
1500.0
1500.0
1500.0
1500.0
1500.0
1500.0
1500.0
1500.0
1500.0
1500.0
1500.0
1500.0
1500.0
1500.0
1500.0
1500.0
1500.0
1500.0
1500.0
1500.0
1461.6854248046875
1372.6719970703125
1320.3939208984375
1274.636962890625
1229.4713134765625
1184.2813720703125
1138.559814453125
1094.0218505859375
1050.7379150390625
1008.2275390625
966.0269165039062
924.411376953125
886.2786865234375
856.9100952148438
835.9471435546875
813.92529296875
792.097412109375
769.0315551757812
745.8133544921875
722.634521484375
699.4186401367188
676.6098022460938
654.64697265625
632.0634155273438
611.220947265625
