1499.9998779296875
1500.0
1500.0
1500.0001220703125
1500.0
1500.0
1500.0
1500.0
1500.0
1500.0
1500.0
1500.0
1500.0
1500.0
1500.0
1500.0
1500.0
1500.0
1500.0
1500.0
1500.0
1500.0
1500.0
1500.0
1500.0
1500.0
1500.0
1500.0
1500.0
1500.0
1500.0
1500.0
100.0
100.0
100.0
100.0
100.0
100.0
1500.0
1500.0
1500.0
1500.0
1500.0
1500.0
1500.0
1500.0
1500.0
1500.0
1500.0
1500.0
1431.7164306640625
1367.4580078125
1305.138427734375
1244.3438720703125
1185.0028076171875
1127.240966796875
1071.180419921875
1017.1962280273438
965.2476196289062
915.7835083007812
868.7191772460938
823.5337524414062
780.8270874023438
740.5075073242188
702.3995361328125
666.283203125
630.7913818359375
598.4365234375
568.10546875
539.2027587890625
511.6927795410156
485.7349853515625
460.68658447265625
437.95281982421875
416.6562805175781
396.5887756347656
377.6317138671875
359.6985778808594
342.8484802246094
327.0149230957031
312.1293029785156
298.1247863769531
284.93115234375
272.4969787597656
260.79937744140625
249.81561279296875
239.4870147705078
229.75863647460938
220.58702087402344
211.9255828857422
203.7515869140625
196.0277099609375
