1270.948974609375
980.4797973632812
793.446044921875
689.1593627929688
652.6015014648438
626.2981567382812
601.93408203125
579.1481323242188
559.0277709960938
538.9385375976562
519.0177001953125
499.8321838378906
481.3526611328125
463.3377380371094
445.74951171875
428.26171875
411.2817687988281
394.5259704589844
381.3969421386719
368.2530822753906
354.6418151855469
341.4502258300781
328.3362121582031
315.2333984375
302.2672424316406
290.6209716796875
280.5638122558594
272.2598876953125
267.5723571777344
263.9292907714844
260.14178466796875
256.0801696777344
100.0
100.0
100.0
100.0
100.0
100.0
281.4018859863281
244.96881103515625
233.3382110595703
229.0992431640625
223.89981079101562
218.44049072265625
213.3884735107422
208.87074279785156
204.59622192382812
200.4474334716797
196.3626251220703
192.18942260742188
187.98817443847656
183.79547119140625
179.6128387451172
175.27615356445312
170.772216796875
166.13482666015625
161.3888702392578
156.58206176757812
151.77415466308594
147.01205444335938
142.30397033691406
140.04202270507812
137.71456909179688
133.08535766601562
128.7641143798828
124.54344177246094
120.43401336669922
116.45765686035156
112.64021301269531
108.99270629882812
105.5269546508789
102.21992492675781
99.06968688964844
96.07711791992188
93.23927307128906
90.54863739013672
87.9951171875
85.57659149169922
83.28842163085938
81.1390151977539
79.09662628173828
77.19574737548828
75.39073944091797
73.66659545898438
72.02046966552734
70.44916534423828
68.94652557373047
67.50613403320312
66.12046813964844
64.79293060302734
63.518341064453125
62.29466247558594
61.1187744140625
