1499.9998779296875
1500.0
1500.0
1500.0
1500.0
1500.0
1500.0
1500.0
1500.0
1500.0
1500.0
1500.0
1500.0
1500.0
1500.0
1500.0
1500.0
1500.0
1500.0
1500.0
1500.0
1500.0
1500.0
1500.0
1500.0
1500.0
1500.0
1500.0
1500.0
1500.0
1500.0
1500.0
100.0
100.0
100.0
100.0
100.0
100.0
1500.0
1500.0
1473.132568359375
1397.582275390625
1341.5970458984375
1291.6591796875
1243.7774658203125
1196.35791015625
1149.0030517578125
1101.6849365234375
1054.7060546875
1008.4700317382812
963.5679321289062
920.5411376953125
879.874755859375
841.4403686523438
805.1367797851562
770.6641235351562
737.8117065429688
706.4093627929688
690.1647338867188
676.25390625
647.50048828125
619.900390625
593.4537353515625
568.173583984375
543.9593505859375
520.737548828125
498.4660949707031
477.1170959472656
456.6590881347656
437.05914306640625
418.31964111328125
400.42254638671875
383.35137939453125
367.10968017578125
351.68328857421875
337.0282287597656
323.1325378417969
309.9512023925781
297.4347839355469
285.5510559082031
274.2741394042969
263.5540771484375
253.36370849609375
243.48681640625
234.21656799316406
225.42034912109375
217.08242797851562
208.77877807617188
200.7610321044922
193.51438903808594
186.71128845214844
180.2135009765625
174.02102661132812
