1499.999267578125
1500.0
1500.0
1500.0
1500.0
1500.0
1500.0
1500.0
1500.0
1500.0
1500.0
1500.0
1500.0
1500.0
1500.0
1500.0
1500.0
1500.0
1500.0
1500.0
1500.0
1500.0
1500.0
1500.0
1500.0
1500.0
1500.0
1500.0
1500.0
1500.0
1500.0
1500.0
100.0
100.0
100.0
100.0
100.0
100.0
1500.0
1500.0
1500.0
1500.0
1500.0
1500.0
1500.0
1500.0
1500.0
1500.0
1500.0
1500.0
1500.0
1500.0
1461.5316162109375
1399.9991455078125
1341.9510498046875
1286.2337646484375
1232.529296875
1180.7821044921875
1130.856201171875
1082.9967041015625
1037.393798828125
994.2723388671875
953.587646484375
915.1240234375
878.7276611328125
844.2492065429688
811.23974609375
779.6530151367188
749.3172607421875
720.0881958007812
691.9044799804688
664.6969604492188
639.0257568359375
614.661376953125
591.7028198242188
570.0133666992188
549.4512939453125
529.9520263671875
511.0762023925781
493.3115234375
476.6540832519531
460.8678283691406
445.92333984375
431.7975769042969
418.44708251953125
405.8371276855469
393.9291687011719
382.65924072265625
371.9972229003906
361.88946533203125
352.3104553222656
343.26824951171875
