1499.9998779296875
1500.0
1500.0
1500.0
1500.0
1500.0
1500.0
1500.0
1500.0
1499.9998779296875
1500.0
1500.0
1500.0
1500.0
1499.9998779296875
1499.9998779296875
1500.0
1500.0
1500.0
1500.0
1500.0
1500.0
1500.0
1500.0
1500.0
1500.0
1500.0
1500.0
1500.0
1500.0
1500.0
1500.0
100.0
100.0
100.0
100.0
100.0
100.0
1500.0
1500.0
1500.0
1500.0
1500.0
1500.0
1500.0
1500.0
1500.0
1500.0
1500.0
1500.0
1500.0
1500.0
1500.0
1500.0
1500.0
1500.0
1444.302490234375
1355.006103515625
1274.69384765625
1200.6402587890625
1132.000244140625
1064.82080078125
1003.42919921875
947.257568359375
895.0656127929688
847.21533203125
803.2734375
762.6939697265625
725.01318359375
689.883056640625
657.069091796875
626.1512451171875
597.073974609375
569.6670532226562
544.1332397460938
520.2879028320312
497.9529724121094
476.9231262207031
457.0989990234375
438.3990783691406
420.73541259765625
404.0415344238281
388.2303161621094
373.2380676269531
359.0082092285156
345.4961853027344
332.6702880859375
320.4934997558594
308.9066162109375
297.8956604003906
287.4307556152344
277.44927978515625
