1499.990478515625
1500.0
1500.0
1500.0
1500.0
1500.0
1500.0
1500.0
1500.0
1500.0
1500.0
1500.0
1500.0
1500.0
1500.0
1500.0
1500.0
1500.0
1500.0
1500.0
1500.0
1500.0
1500.0
1500.0
1500.0
1500.0
1500.0
1500.0
1500.0
1500.0
1500.0
1500.0
99.9999771118164
100.0
100.0
100.0
100.0
100.0
1500.0
1500.0
1500.0
1500.0
1500.0
1500.0
1500.0
1500.0
1500.0
1500.0
1500.0
1500.0
1500.0
1500.0
1500.0
1500.0
1500.0
1500.0
1500.0
1500.0
1500.0
1499.9229736328125
1500.0
1464.0963134765625
1388.923583984375
1300.2230224609375
1219.226806640625
1163.94140625
1119.3211669921875
1080.272216796875
1042.2183837890625
1002.8829345703125
962.9427490234375
922.899169921875
883.6473999023438
845.5477905273438
808.15966796875
773.5405883789062
742.506591796875
713.3021240234375
685.9918823242188
660.248779296875
635.4154663085938
611.76513671875
590.1895141601562
569.5763549804688
549.5297241210938
530.2301635742188
512.3524780273438
498.2269287109375
484.6624450683594
472.2818298339844
460.2749938964844
448.3933410644531
436.8128356933594
