1499.99951171875
1500.0
1500.0
1500.0
1500.0
1500.0
1500.0
1499.9998779296875
1500.0
1500.0
1500.0
1500.0
1500.0
1500.0
1500.0
1500.0
1500.0
1500.0
1500.0
1500.0
1500.0
1500.0
1500.0
1499.9998779296875
1500.0
1500.0
1500.0
1500.0
1500.0
1500.0
1500.0
1500.0
99.99940490722656
100.0
100.0
100.0
100.0
100.0
1500.0
1500.0
1500.0
1500.0
1500.0
1500.0
1500.0
1500.0
1500.0
1456.1488037109375
1336.5684814453125
1244.6273193359375
1157.1661376953125
1082.718994140625
1009.511474609375
937.6568603515625
874.4295043945312
825.5315551757812
761.5344848632812
719.134033203125
686.2872314453125
614.1185913085938
543.1683959960938
505.11395263671875
487.3287658691406
467.6060791015625
443.4325256347656
414.0301818847656
385.47125244140625
387.7246398925781
371.1786804199219
346.52874755859375
326.4539489746094
310.82733154296875
297.9854736328125
286.7777404785156
276.7615051269531
267.3808898925781
258.31591796875
249.5745849609375
241.2628173828125
233.37985229492188
225.92596435546875
219.79473876953125
214.1006317138672
208.64219665527344
203.38743591308594
198.24398803710938
193.2184295654297
188.31558227539062
183.55935668945312
178.89474487304688
174.31527709960938
169.82838439941406
165.5379180908203
