1499.99951171875
1500.0
1499.9998779296875
1500.0
1500.0
1500.0
1500.0
1500.0
1500.0
1500.0
1500.0
1500.0
1500.0
1500.0
1500.0
1500.0
1500.0
1500.0
1500.0
1500.0
1500.0
1500.0
1500.0
1500.0
1500.0
1492.843994140625
1448.809814453125
1407.365234375
1365.8968505859375
1324.31689453125
1282.7880859375
1241.1285400390625
100.0
100.0
100.0
100.0
100.0
100.0
1486.39892578125
1278.585205078125
1194.5169677734375
1146.42626953125
1104.3385009765625
1062.344970703125
1019.3673095703125
975.7598266601562
931.7240600585938
888.7135009765625
846.603271484375
805.2504272460938
765.64453125
727.74951171875
691.512939453125
656.869140625
623.9638061523438
593.0061645507812
564.03076171875
548.2163696289062
536.6875610351562
511.7129821777344
488.60980224609375
466.8109130859375
445.90191650390625
426.518798828125
408.7360534667969
392.2242736816406
377.4311828613281
364.17041015625
352.11962890625
341.0021057128906
330.60772705078125
320.79150390625
311.5140075683594
302.9085388183594
295.0328674316406
287.7808532714844
281.092529296875
274.9286804199219
269.2843933105469
264.00390625
258.9382629394531
253.94381713867188
248.96871948242188
243.98782348632812
238.99826049804688
234.02249145507812
229.11068725585938
224.2740936279297
219.5465087890625
214.96522521972656
210.54803466796875
206.28097534179688
202.1634063720703
