1499.9998779296875
1500.0126953125
1500.0
1500.00048828125
1500.0
1500.0
1500.0
1500.0
1499.9998779296875
1500.0
1500.0
1500.0
1500.0
1500.0
1500.0
1500.0
1500.0
1500.0
1489.08837890625
1472.9635009765625
1456.0474853515625
1436.4779052734375
1413.6109619140625
1387.64697265625
1359.144775390625
1328.71142578125
1296.8291015625
1263.78564453125
1229.8392333984375
1194.9488525390625
1159.1136474609375
1122.672607421875
99.99979400634766
100.0
100.0
100.0
100.0
100.0
1465.6162109375
1252.7457275390625
1136.4927978515625
1064.1646728515625
1020.5524291992188
981.5678100585938
943.3906860351562
905.3731689453125
867.4785766601562
829.6541137695312
791.9205932617188
753.9368896484375
718.0512084960938
682.6539916992188
648.117431640625
613.4655151367188
580.95849609375
551.5202026367188
524.1068115234375
498.89410400390625
475.5921936035156
454.0976867675781
433.64166259765625
414.4496765136719
396.2626037597656
379.1885070800781
363.0206604003906
347.9043884277344
333.77996826171875
320.4822998046875
307.8761291503906
295.89306640625
284.8135070800781
274.5704040527344
265.0235290527344
256.0261535644531
247.40806579589844
239.1111602783203
231.1919708251953
223.771728515625
217.0019989013672
211.06227111816406
205.7609405517578
200.84642028808594
196.2507781982422
192.00428771972656
188.08299255371094
184.38890075683594
180.79141235351562
177.23895263671875
173.7303009033203
170.2836456298828
167.05923461914062
164.17922973632812
161.57545471191406
