1499.99951171875
1500.0
1500.0
1500.0
1500.0
1500.0
1500.0
1500.0
1500.0
1500.0
1500.0
1500.0
1500.0
1500.0
1500.0
1500.0
1500.0
1500.0
1500.0
1500.0
1500.0
1500.0
1500.0
1500.0
1500.0
1500.0
1500.0
1500.0
1500.0
1500.0
1500.0
1500.0
100.0
100.0
100.0
100.0
100.0
100.0
1500.0
1500.0
1500.0
1500.0
1500.0
1500.0
1500.0
1500.0
1500.0
1500.0
1500.0
1500.0
1475.6962890625
1411.9569091796875
1353.431396484375
1298.5501708984375
1246.9464111328125
1198.423828125
1152.637451171875
1109.548583984375
1069.0345458984375
1030.8131103515625
994.5938110351562
960.2783203125
927.928955078125
897.3125
868.105224609375
839.9598388671875
812.6259765625
786.1068725585938
760.2177734375
735.1666870117188
711.2075805664062
688.4091186523438
667.240234375
647.5118408203125
628.91845703125
611.2864379882812
594.496337890625
578.4640502929688
563.1170043945312
548.4212646484375
534.3624877929688
520.9163818359375
508.0836181640625
495.8403015136719
483.8984680175781
472.1570129394531
460.6282958984375
449.359130859375
438.30047607421875
427.4826965332031
416.90887451171875
406.59014892578125
