1499.9998779296875
1500.0
1500.0
1500.0
1500.0
1500.0
1500.0
1500.0
1500.0
1500.0
1500.0
1500.0
1500.0
1500.0
1500.0
1500.0
1500.0
1500.0
1500.0
1500.0
1500.0
1500.0
1500.0
1500.0
1500.0
1500.0
1500.0
1500.0
1500.0
1500.0
1500.0
1500.0
100.0
100.0
100.0
100.0
100.0
100.0
1500.0
1500.0
1500.0
1500.0
1500.0
1500.0
1500.0
1500.0
1500.0
1500.0
1500.0
1500.0
1490.5103759765625
1422.8292236328125
1359.1644287109375
1297.31298828125
1236.9620361328125
1178.1875
1120.979248046875
1065.6358642578125
1012.2269897460938
961.1741943359375
912.4705810546875
866.160888671875
821.4183959960938
779.4746704101562
739.7681274414062
702.2245483398438
666.62060546875
631.4091796875
599.6004638671875
569.6273803710938
555.0806274414062
540.8607788085938
513.5748901367188
487.8759765625
463.0876159667969
440.44073486328125
419.2738952636719
399.3143005371094
380.4083251953125
362.5662536621094
345.7718811035156
329.98553466796875
315.1300354003906
301.12762451171875
287.92352294921875
275.47308349609375
263.7261962890625
252.6871337890625
242.28842163085938
232.4795379638672
223.22621154785156
214.48692321777344
206.23492431640625
