1499.9998779296875
1500.0
1500.0
1500.0
1500.0
1500.0
1500.0
1500.0
1500.0
1500.0
1500.0
1500.0
1500.0
1500.0
1500.0
1500.0
1500.0
1500.0
1500.0
1500.0
1500.0
1500.0
1500.0
1500.0
1500.0
1500.0
1500.0
1500.0
1500.0
1500.0
1500.0
1500.0
100.0
100.0
100.0
100.0
100.0
100.0
1500.0
1500.0
1500.00048828125
1500.0
1500.0
1500.0
1500.0
1500.0
1500.0
1500.0
1500.0
1500.0
1500.0
1441.4927978515625
1376.4112548828125
1313.662109375
1252.4571533203125
1192.7376708984375
1134.613037109375
1078.1766357421875
1023.7298583984375
971.4599609375
921.606689453125
874.1586303710938
828.5155029296875
785.5099487304688
744.8411254882812
706.3727416992188
669.9384765625
634.0669555664062
601.4063720703125
570.8308715820312
541.6751708984375
513.9578247070312
487.6393737792969
462.5478515625
439.5972900390625
418.0749206542969
397.79339599609375
378.6106262207031
360.5200500488281
343.5324401855469
327.5714416503906
312.55706787109375
298.41339111328125
285.0719299316406
272.5198059082031
260.73968505859375
249.66551208496094
239.25340270996094
229.45333862304688
220.21334838867188
211.49644470214844
203.26651000976562
195.48492431640625
