1500.0
1500.0
1500.0
1500.0
1500.0
1500.0
1500.0
1500.0
1500.0
1500.0
1500.0
1500.0
1500.0
1500.0
1500.0
1500.0
1500.0
1500.0
1500.0
1500.0
1500.0
1500.0
1500.0
1500.0
1500.0
1500.0
1500.0
1500.0
1500.0
1500.0
1473.956298828125
1377.9393310546875
100.0
100.0
100.0
100.0
100.0
100.0
1500.0
1500.0
1438.5963134765625
1329.313232421875
1213.821533203125
1100.8765869140625
994.0338134765625
894.7589721679688
805.501953125
730.1689453125
663.7610473632812
604.5302124023438
551.52685546875
504.4955139160156
463.214599609375
427.6161193847656
397.4299011230469
371.31280517578125
348.1326904296875
327.4725036621094
309.8785705566406
295.5027770996094
283.27398681640625
272.525146484375
262.8698425292969
254.0599822998047
245.9023895263672
238.33335876464844
231.31187438964844
224.83587646484375
218.85890197753906
213.3115234375
208.09927368164062
203.1365203857422
198.441162109375
193.98660278320312
189.73020935058594
185.6494598388672
181.75791931152344
178.05531311035156
174.5074462890625
171.04873657226562
167.63565063476562
164.2936553955078
161.02008056640625
157.82017517089844
154.68914794921875
151.61680603027344
148.60662841796875
145.70033264160156
142.91139221191406
140.23391723632812
137.63938903808594
135.22816467285156
