1499.999755859375
1500.0
1500.0
1500.0
1500.0
1500.0
1500.0
1500.0
1500.0
1500.0
1500.0
1500.0
1500.0
1500.0
1500.0
1500.0
1500.0
1500.0
1500.0
1500.0
1500.0
1500.0
1500.0
1500.0
1500.0
1500.0
1500.0
1500.0
1500.0
1500.0
1500.0
1500.0
100.0
100.0
100.0
100.0
100.0
100.0
1500.0
1500.0
1500.0
1500.0
1500.0
1500.0
1500.0
1500.0
1500.0
1500.0
1500.0
1500.0
1500.0
1500.0
1500.0
1500.0
1500.0
1500.0
1438.929931640625
1362.9947509765625
1296.434814453125
1236.0701904296875
1180.7796630859375
1129.9876708984375
1083.1004638671875
1040.1182861328125
1001.02587890625
965.5474853515625
933.192626953125
903.4978637695312
876.0267333984375
850.3859252929688
826.2720947265625
803.587646484375
782.2052001953125
762.006591796875
742.8855590820312
724.7522583007812
707.6241455078125
691.5462646484375
676.3132934570312
661.7511596679688
647.7149047851562
633.956787109375
620.215576171875
606.859375
593.8417358398438
581.1886596679688
568.7366333007812
556.8038940429688
545.4700927734375
534.7203979492188
524.5982666015625
515.1197509765625
