1500.0
1309.491943359375
1104.5718994140625
1038.5345458984375
1015.3402709960938
1000.5491333007812
986.5020141601562
971.7008056640625
957.3328247070312
942.4271850585938
928.0282592773438
914.7366333007812
902.1610717773438
889.2869262695312
876.162353515625
863.0194702148438
850.162353515625
836.9710083007812
822.7096557617188
806.5818481445312
788.3919677734375
768.34912109375
747.0790405273438
725.5357666015625
705.5223388671875
685.3668823242188
665.9595336914062
646.7396240234375
627.5206298828125
608.2703247070312
589.0324096679688
569.8194580078125
100.0
100.0
100.0
100.0
100.0
100.0
559.1515502929688
530.6386108398438
510.7179870605469
489.0418701171875
472.3269958496094
457.1538391113281
442.4930419921875
428.1981506347656
413.6912841796875
398.7225036621094
383.537353515625
368.4552307128906
353.55999755859375
338.898681640625
324.4618835449219
310.3026123046875
296.535888671875
283.2339782714844
270.4612121582031
258.3335266113281
246.9026336669922
241.3673858642578
235.94200134277344
225.48866271972656
215.52003479003906
206.00076293945312
196.94728088378906
188.35850524902344
180.18190002441406
172.19137573242188
164.76480102539062
157.76132202148438
150.870361328125
144.51226806640625
138.5259246826172
132.87911987304688
127.53841400146484
122.47173309326172
117.6730728149414
113.12010955810547
108.80470275878906
104.73703002929688
100.89685821533203
97.26580810546875
93.8406753540039
90.5910415649414
87.50218200683594
84.38220977783203
81.34290313720703
78.64213562011719
76.10028076171875
73.6898193359375
71.38226318359375
69.17532348632812
67.07952880859375
65.08690643310547
