1499.9998779296875
1500.0
1500.0
1500.0
1500.0
1500.0
1499.9921875
1500.0
1500.0
1500.0
1500.0
1500.0
1500.0
1500.0
1500.0
1500.0
1500.0
1500.0
1500.0
1500.0
1500.0
1500.0
1500.0
1500.0
1500.0
1500.0
1500.0
1500.0
1500.0
1500.0
1500.0
1500.0
100.0
100.0
100.0
100.0
100.0
100.0
1500.0
1500.0
1500.0
1500.0
1500.0
1500.0
1500.0
1500.0
1500.0
1453.58349609375
1392.5391845703125
1331.7557373046875
1271.2618408203125
1211.96923828125
1154.3787841796875
1098.5684814453125
1044.521728515625
992.3417358398438
942.1370239257812
894.0213623046875
848.1487426757812
804.5287475585938
763.0548095703125
723.950439453125
687.0735473632812
652.1132202148438
618.9923095703125
588.0681762695312
558.997802734375
531.6586303710938
504.2451477050781
480.1147766113281
457.26312255859375
435.7394104003906
415.0855407714844
396.1039733886719
378.248779296875
361.3849792480469
345.4580383300781
330.4247131347656
316.263916015625
302.9134826660156
290.2875671386719
278.3503112792969
267.09759521484375
256.486572265625
246.31570434570312
236.62142944335938
227.58529663085938
219.03671264648438
210.89907836914062
203.15647888183594
195.79946899414062
188.81637573242188
