1500.0
1500.0
1500.0
1500.0
1499.9454345703125
1500.0
1500.0
1500.0
1500.0
1500.0
1499.999755859375
1500.0
1471.4547119140625
1424.28857421875
1387.6639404296875
1352.85009765625
1317.6162109375
1285.1783447265625
1254.91015625
1222.555419921875
1186.279052734375
1149.619140625
1113.825927734375
1076.1710205078125
1037.9276123046875
996.8590087890625
950.821044921875
902.4148559570312
853.704833984375
808.7316284179688
765.7825317382812
724.8497314453125
100.0
100.0
100.0
100.0
100.0
100.0
877.7459106445312
699.0131225585938
672.2962646484375
654.1959228515625
637.2799682617188
619.3905029296875
600.4010620117188
580.957275390625
561.6307373046875
542.6828002929688
524.1398315429688
506.0393371582031
488.4482116699219
471.3495788574219
454.7353210449219
438.62908935546875
423.0727844238281
408.10015869140625
393.7215270996094
386.77044677734375
379.88665771484375
366.51922607421875
353.70672607421875
341.41845703125
329.67449951171875
318.5563049316406
307.9686279296875
298.0422058105469
288.7947082519531
279.9489440917969
271.5087585449219
263.4625549316406
255.76141357421875
248.375
241.28961181640625
234.4914093017578
227.978759765625
221.74977111816406
215.8020477294922
210.13446044921875
204.7359161376953
199.59300231933594
194.68312072753906
189.99159240722656
185.50637817382812
181.21185302734375
177.09408569335938
173.14358520507812
169.34963989257812
165.7047576904297
162.2050018310547
158.84811401367188
155.6282196044922
152.57382202148438
149.66835021972656
