1500.0
1500.0
1500.0
1498.37451171875
1500.0
1500.0
1500.0
1500.0
1500.0
1500.0
1500.0
1500.0
1500.0
1500.0
1500.0
1500.0
1500.0
1500.0
1500.0
1500.0
1500.0
1500.0
1500.0
1500.0
1500.0
1500.0
1500.0
1500.0
1500.0
1500.0
1500.0
1500.0
100.0
100.0
100.0
100.0
100.0
100.0
1500.0
1500.0
1500.0
1500.0
1500.0
1500.0
1500.0
1500.0
1500.0
1500.0
1500.0
1500.0
1500.0
1500.0
1500.0
1500.0
1500.0
1500.0
1500.0
1500.0
1500.0
1500.0
1500.0
1500.0
1500.0
1500.0
1500.0
1500.0
1500.0
1499.9739990234375
1500.0
1500.0
1500.0
1500.0
1500.0
1467.7559814453125
1413.32958984375
1357.92822265625
1298.7020263671875
1232.4674072265625
1162.1849365234375
1096.634033203125
1034.248779296875
974.3277587890625
917.1812133789062
859.6172485351562
799.4205322265625
735.772705078125
704.1456298828125
673.598876953125
633.2518920898438
603.2694702148438
581.8607788085938
562.991455078125
