1499.999755859375
1500.0
1500.0
1499.9998779296875
1500.0
1500.0
1500.0
1500.0
1500.0
1500.0
1499.9998779296875
1499.9998779296875
1500.0
1500.0
1499.9991455078125
1499.9993896484375
1500.0
1499.9998779296875
1499.999267578125
1500.0
1500.0
1499.998291015625
1499.99853515625
1499.9976806640625
1499.99853515625
1499.9998779296875
1499.9990234375
1500.0
1499.9984130859375
1499.99560546875
1499.9996337890625
1500.0
100.0
100.0
99.99999237060547
100.0
100.0
100.0
1500.0
1500.0
1500.0
1499.9998779296875
1500.0
1500.0
1500.0
1500.0
1500.0
1499.9998779296875
1499.9998779296875
1499.9998779296875
1500.0
1500.0
1499.999755859375
1500.0
1499.999755859375
1481.6370849609375
1442.8765869140625
1410.27294921875
1379.41943359375
1349.0289306640625
1319.3359375
1289.6678466796875
1259.7562255859375
1229.9085693359375
1200.316162109375
1170.994873046875
1141.9534912109375
1113.2681884765625
1085.0628662109375
1057.0928955078125
1029.844970703125
1003.0843505859375
976.7490234375
951.2319946289062
926.3439331054688
901.9470825195312
878.02490234375
854.593505859375
831.7434692382812
809.4585571289062
787.8114013671875
766.8975830078125
746.7347412109375
727.493896484375
709.068359375
691.3140869140625
674.2461547851562
657.8904418945312
642.16162109375
626.9860229492188
612.4143676757812
598.3187866210938
