1500.0
1499.9998779296875
1500.0
1500.0
1500.0
1500.0
1500.0
1500.0
1500.0
1500.0
1500.0
1500.0
1500.0
1500.0
1500.0
1500.0
1499.9949951171875
1500.0
1500.0
1500.0
1500.0
1500.0
1500.0
1500.0
1500.0
1500.0
1500.0
1500.0
1500.0
1500.0
1500.0
1500.0
100.0
100.0
100.0
100.0
100.0
100.0
1500.0
1500.0
1500.0
1500.0
1500.0
1500.0
1500.0
1500.0
1500.0
1500.0
1500.0
1500.0
1500.0
1500.0
1500.0
1500.0
1499.9998779296875
1500.0
1500.0
1500.0
1468.120361328125
1406.426513671875
1346.164306640625
1286.7633056640625
1228.721435546875
1172.35107421875
1117.9915771484375
1065.4989013671875
1015.1917114257812
966.9644165039062
920.6256103515625
876.1193237304688
833.1588134765625
792.1488647460938
753.173828125
716.0322875976562
680.5428466796875
646.4898071289062
612.6597900390625
582.74609375
554.2164916992188
527.1973266601562
500.8937683105469
476.5040588378906
453.5801086425781
431.9706115722656
411.6584777832031
392.593017578125
374.6554260253906
357.7528381347656
341.7929382324219
326.5950622558594
312.2176208496094
298.44146728515625
