3.9682722091674805
4.73033332824707
6.147697925567627
7.486013889312744
7.5696120262146
7.110385894775391
6.858502388000488
6.890903949737549
7.130054473876953
7.5069708824157715
8.006725311279297
8.553446769714355
9.12633991241455
9.499510765075684
9.601059913635254
9.574481010437012
9.619535446166992
9.717734336853027
9.880539894104004
10.10671329498291
10.360482215881348
10.658838272094727
10.94780158996582
11.225590705871582
11.49143123626709
11.761277198791504
12.051002502441406
12.373600959777832
12.724645614624023
13.091296195983887
13.469436645507812
13.853322982788086
0.3896940350532532
0.3208523988723755
0.32926660776138306
0.3404860198497772
0.353369802236557
0.3656509220600128
16.33480453491211
17.066675186157227
17.011686325073242
17.10055160522461
17.546751022338867
18.051334381103516
18.540908813476562
19.01669692993164
19.478687286376953
19.927120208740234
20.361989974975586
20.785125732421875
21.19935417175293
21.605749130249023
22.00412368774414
22.39764976501465
22.78804588317871
23.172990798950195
23.548114776611328
23.913022994995117
24.266738891601562
24.60721206665039
24.935001373291016
25.25071907043457
25.55286407470703
25.840478897094727
26.114299774169922
26.38373374938965
26.644817352294922
26.895416259765625
27.13541603088379
27.361513137817383
27.575204849243164
27.779098510742188
27.97858238220215
28.17026138305664
28.349895477294922
28.51779556274414
28.704301834106445
28.90435028076172
29.084474563598633
29.2569637298584
29.420324325561523
29.57462501525879
29.72014808654785
29.86005210876465
29.995267868041992
30.128522872924805
30.262712478637695
30.39527702331543
30.52592658996582
30.654672622680664
30.78575897216797
30.916654586791992
31.046297073364258
