0.16001808643341064
0.1629042625427246
0.1834419071674347
0.20819342136383057
0.2239222675561905
0.22974742949008942
0.23340600728988647
0.23582017421722412
0.23804248869419098
0.24004296958446503
0.24174299836158752
0.24317726492881775
0.24435217678546906
0.2456238716840744
0.24692772328853607
0.24818745255470276
0.24963173270225525
0.25090140104293823
0.25204065442085266
0.2533894181251526
0.2545580565929413
0.25549978017807007
0.2563033998012543
0.2571907639503479
0.25853070616722107
0.2601969540119171
0.263540118932724
0.269915372133255
0.27647602558135986
0.28360050916671753
0.2915533483028412
0.3001845180988312
0.025291386991739273
0.025046970695257187
0.02490440011024475
0.024738790467381477
0.022957818582654
0.021562164649367332
0.22197259962558746
0.24516622722148895
0.2629179060459137
0.2885262966156006
0.31107792258262634
0.33210036158561707
0.3521783947944641
0.37173083424568176
0.3909282684326172
0.40913936495780945
0.42781293392181396
0.4468969404697418
0.4673951268196106
0.5036437511444092
0.5747025012969971
0.6835439205169678
0.8458107113838196
1.078163504600525
1.2748255729675293
2.013620615005493
23.49112892150879
35.00189971923828
46.17428207397461
56.81248474121094
67.27535247802734
78.021728515625
84.24998474121094
89.23908996582031
93.65994262695312
97.31167602539062
100.18782806396484
102.43251037597656
104.17291259765625
105.5518798828125
106.6321029663086
107.51315307617188
108.19982147216797
108.6741714477539
108.99307250976562
109.19970703125
109.36492919921875
109.87847900390625
110.39857482910156
110.83304595947266
111.15604400634766
111.366455078125
111.45464324951172
111.47392272949219
111.4062271118164
111.04336547851562
110.50103759765625
109.99613952636719
109.38248443603516
108.7336196899414
108.0971450805664
