18.990718841552734
18.166942596435547
15.832194328308105
13.352977752685547
11.865758895874023
11.025583267211914
10.544086456298828
10.281947135925293
10.164456367492676
10.144753456115723
10.176544189453125
10.278105735778809
10.436690330505371
10.646520614624023
10.901724815368652
11.220176696777344
11.560251235961914
11.92471694946289
12.318841934204102
12.748108863830566
13.239520072937012
13.831128120422363
14.59877872467041
15.52956485748291
16.5820255279541
17.739662170410156
18.980613708496094
20.2866268157959
21.69468116760254
23.086069107055664
24.364665985107422
25.510257720947266
5.867414474487305
4.99984073638916
4.851385593414307
4.9509429931640625
5.115509510040283
5.298928260803223
35.5249137878418
34.70183563232422
34.1422119140625
34.533348083496094
35.11737823486328
35.929046630859375
36.91826629638672
37.981605529785156
39.073795318603516
40.150001525878906
41.18870544433594
42.221534729003906
43.28167724609375
44.36444091796875
45.439048767089844
46.48543167114258
47.491397857666016
48.446014404296875
49.37300109863281
50.233802795410156
50.9776496887207
51.58745574951172
52.044151306152344
52.360660552978516
52.59041213989258
52.721927642822266
52.74910354614258
52.686466217041016
52.55938720703125
52.37992858886719
52.16263961791992
51.907928466796875
51.61689376831055
51.294273376464844
50.942413330078125
50.56875991821289
50.18040084838867
49.789920806884766
49.40535354614258
49.03537368774414
48.687808990478516
48.35859298706055
48.04582214355469
47.752525329589844
47.479156494140625
47.225337982177734
46.96500015258789
46.70753479003906
46.45148468017578
46.192874908447266
45.93273162841797
45.677215576171875
45.433536529541016
45.20033645629883
