0.0417887307703495
0.046241529285907745
0.05277250334620476
0.05556601285934448
0.05610654503107071
0.05633217468857765
0.056539349257946014
0.05682922527194023
0.057147763669490814
0.05742372199892998
0.05759997293353081
0.05771849304437637
0.057827211916446686
0.057975564152002335
0.05813095346093178
0.05827268213033676
0.05842898413538933
0.05857633799314499
0.05870745703577995
0.058877795934677124
0.059090469032526016
0.05931384488940239
0.059565670788288116
0.05982261151075363
0.06008608266711235
0.060458067804574966
0.060950856655836105
0.06151016801595688
0.06214234605431557
0.06283079087734222
0.0635838732123375
0.06440343707799911
0.0030104857869446278
0.0028118037153035402
0.0028020786121487617
0.0027871313504874706
0.002775820204988122
0.00277021829970181
0.05791139602661133
0.0624476820230484
0.06483613699674606
0.06663762778043747
0.06817028671503067
0.06954817473888397
0.07082896679639816
0.07205185294151306
0.07324600964784622
0.07444332540035248
0.07568925619125366
0.07697942852973938
0.07833024859428406
0.07974933087825775
0.081232950091362
0.0827874094247818
0.08443770557641983
0.08612468838691711
0.08787505328655243
0.08971207588911057
0.09159185737371445
0.09326031804084778
0.09458545595407486
0.09584852308034897
0.09715206176042557
0.0985545665025711
0.09987058490514755
0.10111036151647568
0.1026417538523674
0.10449454933404922
0.10613537579774857
0.10764908790588379
0.10908275842666626
0.11055708676576614
0.11207614839076996
0.11361069232225418
0.11518533527851105
0.11667239665985107
0.11820638924837112
0.11880785971879959
0.11488834023475647
0.11122579127550125
0.10765160620212555
0.10393538326025009
0.10030567646026611
0.09708724915981293
0.0941152572631836
0.09265530854463577
0.09122128784656525
0.08849183470010757
0.08591438829898834
0.08340968936681747
0.08098214864730835
0.07872408628463745
0.07650462538003922
