0.024391362443566322
0.026779664680361748
0.030090751126408577
0.033062804490327835
0.03370006009936333
0.033938802778720856
0.03424273431301117
0.034487076103687286
0.03469757363200188
0.03487541899085045
0.03505980595946312
0.03525152802467346
0.03547007963061333
0.03571322187781334
0.035987161099910736
0.03628735616803169
0.03660271316766739
0.03692685067653656
0.03725726529955864
0.037632741034030914
0.03808831423521042
0.03862470015883446
0.039233993738889694
0.03989611193537712
0.04059171676635742
0.04133249446749687
0.04209493473172188
0.04287545010447502
0.0436682254076004
0.04447473958134651
0.0452893003821373
0.04611486941576004
0.002476566703990102
0.0023902019020169973
0.0023780353367328644
0.002379560610279441
0.0023815452586859465
0.0023809836711734533
0.042128898203372955
0.04427371174097061
0.04558783397078514
0.04666397348046303
0.04769621789455414
0.04874254763126373
0.04983621835708618
0.051008448004722595
0.05224728584289551
0.053562410175800323
0.0549473911523819
0.056343019008636475
0.05744270235300064
0.05840596929192543
0.05937181040644646
0.0602809377014637
0.06111083924770355
0.061876919120550156
0.06258226186037064
0.06321795284748077
0.06380520761013031
0.06437613815069199
0.06492875516414642
0.06546909362077713
0.06602112203836441
0.06658444553613663
0.06559345871210098
0.06393880397081375
0.06294029206037521
0.06051430106163025
0.058302830904722214
0.05648717284202576
0.05476817861199379
0.05316110700368881
0.051660895347595215
0.05023543909192085
0.048796992748975754
0.0473044328391552
0.04586808755993843
0.04444786533713341
0.043035220354795456
0.04163385182619095
0.04023091122508049
0.03883438929915428
0.03745349124073982
0.036246199160814285
0.0351821593940258
0.03436429053544998
0.03367331251502037
0.03305833786725998
0.032518792897462845
0.0320354700088501
0.03158751130104065
0.03116050362586975
0.030770255252718925
