0.04207092896103859
0.05323989689350128
0.060690008103847504
0.06127026304602623
0.06102598458528519
0.06103973463177681
0.06119276210665703
0.06139502674341202
0.061633508652448654
0.06194176897406578
0.062350448220968246
0.06282506138086319
0.06331639736890793
0.06378722935914993
0.06416355073451996
0.06449369341135025
0.06483025848865509
0.06522372364997864
0.06486129015684128
0.06423063576221466
0.063707634806633
0.06324703246355057
0.06282558292150497
0.06243794783949852
0.06205455958843231
0.06165635213255882
0.06122630462050438
0.06076200678944588
0.060266755521297455
0.05974184349179268
0.059187907725572586
0.05860427767038345
0.0036232152488082647
0.0026960247196257114
0.002630409551784396
0.0026105588767677546
0.0025944034568965435
0.002586033893749118
0.05921996012330055
0.06633252650499344
0.06117132678627968
0.05855483189225197
0.05700152739882469
0.05579932779073715
0.0547521747648716
0.053732387721538544
0.052583079785108566
0.051480844616889954
0.050367847084999084
0.04922298341989517
0.0480649508535862
0.04689519852399826
0.04569776728749275
0.04444825276732445
0.043139439076185226
0.04186401516199112
0.04062504693865776
0.0394030399620533
0.038201697170734406
0.03707917034626007
0.03603815659880638
0.03501560911536217
0.03399012237787247
0.03296954184770584
0.031969040632247925
0.0313730426132679
0.031006159260869026
0.030093587934970856
0.029227636754512787
0.02841988019645214
0.02767493575811386
0.026982970535755157
0.02633296698331833
0.025716077536344528
0.025096921250224113
0.02446145936846733
0.02383493259549141
0.02322814241051674
0.02263745293021202
0.022063840180635452
0.02149837836623192
0.02093636244535446
0.020374884828925133
0.01981179788708687
0.01924685202538967
0.018686966970562935
0.018139062449336052
0.0176091268658638
0.0170957762748003
0.01659594662487507
0.01610715687274933
0.015626966953277588
0.015155208297073841
