3.9664180278778076
4.638072967529297
5.936319828033447
7.208115100860596
8.172182083129883
7.492695331573486
6.8881072998046875
6.686641693115234
6.761688232421875
7.0116729736328125
7.3523993492126465
7.72802209854126
8.154892921447754
8.633072853088379
9.185527801513672
9.534727096557617
9.71922779083252
9.822632789611816
9.831450462341309
9.846541404724121
9.918408393859863
10.035887718200684
10.213671684265137
10.424755096435547
10.65238094329834
10.885828971862793
11.136249542236328
11.413228034973145
11.703394889831543
12.015480041503906
12.355045318603516
12.717855453491211
0.24837858974933624
0.19542467594146729
0.19890587031841278
0.2030143141746521
0.20767256617546082
0.21302151679992676
13.624855995178223
15.230615615844727
15.918130874633789
16.4763126373291
17.0696964263916
17.733238220214844
18.48490333557129
19.323326110839844
20.15727424621582
20.993404388427734
21.844684600830078
22.715757369995117
23.607770919799805
24.519672393798828
25.4606876373291
26.43808364868164
27.44261932373047
28.4683837890625
29.50634002685547
30.542892456054688
31.560680389404297
32.56964111328125
33.5677604675293
34.533714294433594
35.46168518066406
36.3538932800293
37.311431884765625
38.244239807128906
39.12135696411133
39.936405181884766
40.67770004272461
41.34319305419922
41.937320709228516
42.467506408691406
42.94025421142578
43.3619384765625
43.756160736083984
44.13035583496094
44.48729705810547
44.82194137573242
45.135337829589844
45.42884063720703
45.705108642578125
45.97406005859375
46.230613708496094
46.47345733642578
46.7049560546875
46.94462966918945
47.185890197753906
47.41109085083008
47.61881637573242
47.81181335449219
47.99136734008789
48.160301208496094
