0.007764702197164297
0.008708646520972252
0.009882578626275063
0.010894428938627243
0.011138289235532284
0.011228445917367935
0.011306287720799446
0.011394289322197437
0.011518865823745728
0.011638493277132511
0.01177289616316557
0.011891237460076809
0.01199377328157425
0.012097136117517948
0.012219179421663284
0.012368903495371342
0.012546161189675331
0.012763332575559616
0.01302194595336914
0.013317196629941463
0.013643081299960613
0.013991273939609528
0.014324303716421127
0.01462740357965231
0.014940103515982628
0.01526614185422659
0.015594623982906342
0.015926619991660118
0.016261320561170578
0.01659875176846981
0.016940608620643616
0.01728905737400055
0.0009244403336197138
0.0008837932255119085
0.0008807513513602316
0.0008852955070324242
0.0008908770978450775
0.0008958372054621577
0.016415584832429886
0.016891229897737503
0.017096221446990967
0.01730715110898018
0.01756628416478634
0.01792130060493946
0.01835283637046814
0.01883753389120102
0.019334737211465836
0.019845128059387207
0.020382454618811607
0.02094162441790104
0.0215197391808033
0.02206287533044815
0.02252962626516819
0.022962486371397972
0.023361515253782272
0.023376425728201866
0.022738493978977203
0.022137844935059547
0.02155974879860878
0.020995652303099632
0.020443297922611237
0.019900266081094742
0.01936635933816433
0.01884358562529087
0.018332509323954582
0.018080418929457664
0.01783180795609951
0.017349591478705406
0.016882136464118958
0.016429943963885307
0.01599329151213169
0.015572171658277512
0.015164703130722046
0.014768640510737896
0.014383000321686268
0.014007750898599625
0.013643188402056694
0.013288133777678013
0.012941079214215279
0.012600577436387539
0.012265816330909729
0.011938437819480896
0.011624322272837162
0.011323964223265648
0.011037093587219715
0.010762250982224941
0.010498533956706524
0.01024511270225048
0.010001515038311481
0.00976691022515297
0.009540827013552189
0.00932273268699646
0.00911176111549139
0.008907141163945198
