3.970244884490967
4.748808860778809
6.17858362197876
7.51862907409668
7.547829627990723
7.059046268463135
6.819024085998535
6.876065254211426
7.141420841217041
7.5441203117370605
8.070712089538574
8.66340446472168
9.279926300048828
9.586071968078613
9.672877311706543
9.652555465698242
9.713982582092285
9.824579238891602
10.008759498596191
10.248272895812988
10.52718448638916
10.839850425720215
11.135293006896973
11.42148208618164
11.699592590332031
11.988518714904785
12.307036399841309
12.659210205078125
13.03110408782959
13.418098449707031
13.811694145202637
14.235207557678223
0.4070485234260559
0.3500300943851471
0.35770153999328613
0.37092646956443787
0.3852461576461792
0.3999828100204468
16.938514709472656
17.640230178833008
17.54433822631836
17.76896095275879
18.23304557800293
18.721149444580078
19.21383285522461
19.701311111450195
20.177181243896484
20.63926887512207
21.087007522583008
21.523584365844727
21.950796127319336
22.370121002197266
22.785917282104492
23.19806671142578
23.602632522583008
23.99895668029785
24.381864547729492
24.750123977661133
25.10409164428711
25.445528030395508
25.774410247802734
26.090652465820312
26.393604278564453
26.691478729248047
26.838428497314453
26.979385375976562
27.25577163696289
27.524415969848633
27.778366088867188
28.016735076904297
28.243715286254883
28.473581314086914
28.6954288482666
28.904502868652344
29.10443687438965
29.354570388793945
29.574087142944336
29.777708053588867
29.973085403442383
30.15934181213379
30.335899353027344
30.50299644470215
30.66132354736328
30.814624786376953
30.965272903442383
31.112079620361328
31.255178451538086
31.396820068359375
31.539630889892578
31.680925369262695
31.819385528564453
31.956361770629883
32.094417572021484
32.23257064819336
