0.007765545044094324
0.008706582710146904
0.009871461428701878
0.010890906676650047
0.011131064034998417
0.01121834758669138
0.011292415671050549
0.011378195136785507
0.011498271487653255
0.011614564806222916
0.01174574438482523
0.011870606802403927
0.011974270455539227
0.012073937803506851
0.012184656225144863
0.012323637492954731
0.012485307641327381
0.012680181302130222
0.012914569117128849
0.013183679431676865
0.013483703136444092
0.01380866952240467
0.014142980799078941
0.014451276510953903
0.014752218499779701
0.01506862323731184
0.015394174493849277
0.015723934397101402
0.016057437285780907
0.016393516212701797
0.0167325921356678
0.01707705855369568
0.0009119666647166014
0.0008736228919588029
0.0008718208409845829
0.0008770617423579097
0.0008830652222968638
0.0008882905822247267
0.016257522627711296
0.016723409295082092
0.01693052612245083
0.017142800614237785
0.017392190173268318
0.01773436926305294
0.018153399229049683
0.018623467534780502
0.01911281608045101
0.019608741626143456
0.020122159272432327
0.02065582573413849
0.02120511420071125
0.021774930879473686
0.02224576473236084
0.0226900652050972
0.023113993927836418
0.023510361090302467
0.023329991847276688
0.02270735427737236
0.02211740054190159
0.021547194570302963
0.020990369841456413
0.020446257665753365
0.01991337724030018
0.019389797002077103
0.018876120448112488
0.018372176215052605
0.01788030005991459
0.017582306638360023
0.017397886142134666
0.016931477934122086
0.016478875651955605
0.01604149490594864
0.015619799494743347
0.015211974270641804
0.014816238544881344
0.014431925490498543
0.014058333821594715
0.013695058412849903
0.013341229408979416
0.012996292673051357
0.012659718282520771
0.012331872247159481
0.012013206258416176
0.01170621532946825
0.011409424245357513
0.011121234856545925
0.01084104087203741
0.010570209473371506
0.010310095734894276
0.010060652159154415
0.009821031242609024
0.009590188041329384
0.009367433376610279
0.009152127429842949
