0.09869607537984848
0.11418043076992035
0.1266668140888214
0.13578006625175476
0.14124859869480133
0.14312826097011566
0.14445321261882782
0.1456996500492096
0.14680367708206177
0.14762605726718903
0.14833004772663116
0.1490921676158905
0.1498834788799286
0.15059058368206024
0.1512264609336853
0.15188747644424438
0.15264792740345
0.15337248146533966
0.1540587842464447
0.1547774374485016
0.15571172535419464
0.1567399650812149
0.15796583890914917
0.15945495665073395
0.1612945795059204
0.16383036971092224
0.16735535860061646
0.171525776386261
0.17599007487297058
0.18058668076992035
0.18545135855674744
0.1907900720834732
0.018201088532805443
0.010798770003020763
0.00958298146724701
0.008965471759438515
0.008820193819701672
0.008770480751991272
0.15705712139606476
0.18222714960575104
0.19524043798446655
0.2082943469285965
0.22341454029083252
0.24057640135288239
0.2499784529209137
0.26034557819366455
0.28731122612953186
0.3203282654285431
0.35558417439460754
0.39674684405326843
0.44770026206970215
0.4935953617095947
0.5249253511428833
2.8380050659179688
7.709777355194092
10.813543319702148
13.15572452545166
15.17334270477295
16.749359130859375
17.994516372680664
18.962692260742188
19.692886352539062
20.224956512451172
20.60917854309082
20.881189346313477
21.128883361816406
21.30686378479004
21.419652938842773
21.475072860717773
21.479726791381836
21.434656143188477
21.357519149780273
21.251243591308594
21.132953643798828
21.0207576751709
20.919254302978516
20.82796287536621
20.748531341552734
20.6844539642334
20.6340389251709
20.595584869384766
20.568397521972656
20.525562286376953
20.453691482543945
20.3836612701416
20.328920364379883
20.32209587097168
20.330957412719727
20.344465255737305
20.380033493041992
20.429479598999023
20.46076011657715
20.561105728149414
