0.04378419741988182
0.05247623100876808
0.057939767837524414
0.06108954921364784
0.062320541590452194
0.06272326409816742
0.06303912401199341
0.06351633369922638
0.06402037292718887
0.06446660310029984
0.06486855447292328
0.06532219052314758
0.06583915650844574
0.06640169769525528
0.06624495983123779
0.06534180790185928
0.0646011158823967
0.06399191170930862
0.0634855180978775
0.06303521245718002
0.06260479986667633
0.06216417998075485
0.061699025332927704
0.06120624765753746
0.060680072754621506
0.06011687591671944
0.05951041728258133
0.058857012540102005
0.05815634876489639
0.05728810280561447
0.056210707873106
0.05512157082557678
0.004102650564163923
0.0032726028002798557
0.003083649091422558
0.0030231515411287546
0.0029751015827059746
0.0029657308477908373
0.06941981613636017
0.06103584170341492
0.05598121136426926
0.053382690995931625
0.05149171128869057
0.04992986097931862
0.04849053919315338
0.047070011496543884
0.04562457278370857
0.044371120631694794
0.043166399002075195
0.0419563464820385
0.04077843576669693
0.039544422179460526
0.03830276057124138
0.037015512585639954
0.03566078841686249
0.03431461378931999
0.033006034791469574
0.031740497797727585
0.030517572537064552
0.02933681197464466
0.02819894440472126
0.02710331790149212
0.02604731172323227
0.025027159601449966
0.024040374904870987
0.02308543771505356
0.02216040901839733
0.021257568150758743
0.02039242349565029
0.01997227594256401
0.01956075057387352
0.01877761445939541
0.018034661188721657
0.017329446971416473
0.01665925793349743
0.016020961105823517
0.015410954132676125
0.014825095422565937
0.01425952184945345
0.01371743343770504
0.01320575550198555
0.012734071351587772
0.012290159240365028
0.011879535391926765
0.011495373211801052
0.011131761595606804
0.010786519385874271
0.010461551137268543
0.010153776034712791
0.009854589588940144
0.00956693571060896
0.009295092895627022
0.009040633216500282
