0.006594154983758926
0.007119897287338972
0.0076131150126457214
0.00794724840670824
0.008570198900997639
0.0091238496825099
0.00951925478875637
0.009750062599778175
0.009906385093927383
0.010000032372772694
0.0101094925776124
0.010225732810795307
0.010326717980206013
0.010431974194943905
0.010545261204242706
0.010676397010684013
0.010824916884303093
0.011023501865565777
0.011271185241639614
0.011564687825739384
0.011898243799805641
0.012265956029295921
0.012661832384765148
0.013027709908783436
0.01338704489171505
0.013762385584414005
0.014153066091239452
0.014559614472091198
0.014989839866757393
0.015447095036506653
0.01592867076396942
0.016444753855466843
0.016992775723338127
0.0010639645624905825
0.0010491510620340705
0.0010460538323968649
0.0010421810438856483
0.0010378619190305471
0.001035261549986899
0.017204854637384415
0.018323587253689766
0.01897238753736019
0.019421376287937164
0.019838307052850723
0.02029763162136078
0.020807992666959763
0.021366022527217865
0.021972712129354477
0.0226331427693367
0.023337222635746002
0.024074913933873177
0.024452611804008484
0.024835988879203796
0.02562546730041504
0.02644452452659607
0.02728772535920143
0.028152506798505783
0.029034314677119255
0.029928559437394142
0.030851174145936966
0.03179588168859482
0.03274305909872055
0.03369065746665001
0.03464294224977493
0.035587914288043976
0.036556992679834366
0.03706669062376022
0.03765086084604263
0.038720522075891495
0.03995542600750923
0.04111233353614807
0.041890501976013184
0.042278923094272614
0.043278440833091736
0.04098464176058769
0.04004734754562378
0.03918061405420303
0.03759775683283806
0.03612076863646507
0.0347304530441761
0.033416781574487686
0.032172467559576035
0.030991576611995697
0.029867958277463913
0.02879755012691021
0.027777940034866333
0.02680712193250656
0.025880230590701103
0.024996314197778702
0.024153515696525574
0.02334795519709587
0.022576773539185524
0.02183738350868225
0.021127691492438316
0.02044682577252388
0.01979307271540165
0.019163623452186584
