0.16088801622390747
0.1799900233745575
0.2036922127008438
0.20822162926197052
0.20920418202877045
0.2100837528705597
0.2109392285346985
0.21174602210521698
0.2125915139913559
0.2136976271867752
0.2146618664264679
0.2155907154083252
0.2162783443927765
0.21729059517383575
0.2185550034046173
0.2197904735803604
0.22093263268470764
0.22211703658103943
0.22332638502120972
0.22473078966140747
0.22655972838401794
0.2288498729467392
0.23184248805046082
0.23537500202655792
0.23936213552951813
0.24389462172985077
0.24907654523849487
0.2548801302909851
0.26113706827163696
0.26766976714134216
0.2743844985961914
0.28429192304611206
0.013639817014336586
0.013333708047866821
0.01362546905875206
0.013964854180812836
0.01425185240805149
0.014418979175388813
0.260342538356781
0.26840293407440186
0.27774176001548767
0.30035561323165894
0.33121660351753235
0.3704449236392975
0.3661149740219116
0.3567412495613098
0.347433865070343
0.3380120098590851
0.3284297287464142
0.31864672899246216
0.30876752734184265
0.29834285378456116
0.28791457414627075
0.2777044177055359
0.27266064286231995
0.267612099647522
0.2579977512359619
0.2489248514175415
0.23999086022377014
0.23111091554164886
0.22225642204284668
0.2136705219745636
0.20556925237178802
0.19777919352054596
0.1899399310350418
0.18225105106830597
0.1755509376525879
0.16981656849384308
0.16536758840084076
0.16152793169021606
0.16146674752235413
0.16526570916175842
0.17153048515319824
0.17993521690368652
0.18986310064792633
0.20027856528759003
0.21031872928142548
0.2208462357521057
0.23169328272342682
0.24297858774662018
0.2533845901489258
0.26249557733535767
0.27086660265922546
0.27897074818611145
0.28691190481185913
0.2947315275669098
0.30279290676116943
0.3117358088493347
0.3210631012916565
2.5038154125213623
5.630261421203613
8.054561614990234
10.274815559387207
