0.16583707928657532
0.1678290218114853
0.1834556758403778
0.20483659207820892
0.22425000369548798
0.22867611050605774
0.23148655891418457
0.23319970071315765
0.23447631299495697
0.23589582741260529
0.23709890246391296
0.2384115755558014
0.23958086967468262
0.24074465036392212
0.24184373021125793
0.24286381900310516
0.24384112656116486
0.2446717768907547
0.24561521410942078
0.246621772646904
0.24749022722244263
0.24856016039848328
0.25004836916923523
0.251968652009964
0.2543918788433075
0.25691506266593933
0.26047682762145996
0.26995882391929626
0.28042683005332947
0.29165905714035034
0.3042730987071991
0.31832700967788696
0.02767668478190899
0.027391936630010605
0.02617628686130047
0.02403159625828266
0.022810975089669228
0.02212326042354107
0.2867025136947632
0.31043800711631775
0.3250868320465088
0.35279580950737
0.395698219537735
0.451758474111557
0.48513302206993103
0.5236940979957581
0.6251174807548523
0.7765224575996399
1.0110254287719727
1.2172212600708008
8.62559700012207
20.61037254333496
27.23453140258789
32.56970977783203
40.643157958984375
48.954158782958984
57.030540466308594
64.9555435180664
72.70611572265625
80.59008026123047
88.61383056640625
96.55718994140625
104.50294494628906
112.21348571777344
119.94817352294922
128.3617706298828
137.92453002929688
143.16343688964844
147.38319396972656
151.05010986328125
154.13372802734375
157.2530517578125
159.98158264160156
162.1931915283203
164.01925659179688
165.56785583496094
167.21923828125
168.23391723632812
169.80186462402344
170.96975708007812
171.90394592285156
172.13330078125
172.0663299560547
171.8821258544922
171.69662475585938
171.35488891601562
170.90359497070312
170.48565673828125
170.13088989257812
169.7958221435547
169.515380859375
169.2125244140625
168.91229248046875
