9.416144371032715
13.308557510375977
10.777623176574707
9.178220748901367
8.637134552001953
8.385931015014648
8.193965911865234
8.058282852172852
7.968384742736816
7.9175190925598145
7.839930057525635
7.75977087020874
7.702784538269043
7.678296089172363
7.692780017852783
7.741963863372803
7.809169769287109
7.872299671173096
7.906942367553711
7.939179420471191
7.980885028839111
8.039347648620605
8.113738059997559
8.205586433410645
8.291786193847656
8.367599487304688
8.417756080627441
8.487817764282227
8.628801345825195
8.792909622192383
8.956391334533691
9.107890129089355
1.809741497039795
1.7791599035263062
1.9520829916000366
2.129107713699341
2.2851006984710693
2.423625946044922
10.180699348449707
10.637102127075195
10.712082862854004
10.901491165161133
11.152297019958496
11.426711082458496
11.709689140319824
11.996243476867676
12.298091888427734
12.616318702697754
12.944636344909668
13.282010078430176
13.629386901855469
13.98855209350586
14.365616798400879
14.765745162963867
15.189741134643555
15.648778915405273
16.14927864074707
16.674734115600586
17.21868324279785
17.878576278686523
18.527700424194336
18.842689514160156
19.154356002807617
19.779483795166016
20.430818557739258
21.084592819213867
21.727439880371094
22.351362228393555
22.952919006347656
23.530370712280273
24.086034774780273
24.622344970703125
25.14190101623535
25.647850036621094
26.148685455322266
26.642101287841797
27.15569496154785
27.693660736083984
28.19830894470215
28.679229736328125
29.145843505859375
29.606204986572266
30.058595657348633
30.486249923706055
30.864208221435547
31.211225509643555
31.54053497314453
31.86070442199707
32.177494049072266
32.494449615478516
32.814815521240234
33.13896179199219
33.46703338623047
