0.1137693002820015
0.12740856409072876
0.14636285603046417
0.15116676688194275
0.15252049267292023
0.1535015106201172
0.15466450154781342
0.15633191168308258
0.15792310237884521
0.1592959463596344
0.1606958955526352
0.1621420830488205
0.16369329392910004
0.16565728187561035
0.1682184636592865
0.17153853178024292
0.17573943734169006
0.18053613603115082
0.185891255736351
0.19188839197158813
0.19863460958003998
0.2062164843082428
0.21920789778232574
0.2342459112405777
0.2515130937099457
0.27331599593162537
0.26954415440559387
0.26134437322616577
0.2530977427959442
0.24477781355381012
0.23632027208805084
0.22734658420085907
0.018201356753706932
0.016280239447951317
0.015706941485404968
0.015463355928659439
0.015302329324185848
0.015165692195296288
0.240455761551857
0.23040932416915894
0.22349119186401367
0.21764422953128815
0.20731060206890106
0.19710931181907654
0.1872783899307251
0.17795808613300323
0.1689622849225998
0.16023840010166168
0.15180520713329315
0.14369574189186096
0.13588719069957733
0.1285001039505005
0.12222286313772202
0.1167461946606636
0.11183558404445648
0.1073533371090889
0.10323527455329895
0.09942132234573364
0.09586770087480545
0.09415056556463242
0.09249280393123627
0.08939109742641449
0.08648261427879333
0.08375561237335205
0.08119287341833115
0.07877001911401749
0.07646346092224121
0.0742596983909607
0.07215141505002975
0.07013674080371857
0.06821230798959732
0.06637486815452576
0.06461744010448456
0.06293118000030518
0.06131015717983246
0.059747114777565
0.058239176869392395
0.056785497814416885
0.055389780551195145
0.05405746400356293
0.05278719961643219
0.05157776549458504
0.050421930849552155
0.049311473965644836
0.048239585012197495
0.04720434173941612
0.046189285814762115
0.045187320560216904
0.04418722912669182
0.04319261386990547
0.04223407432436943
0.041344065219163895
0.04050673916935921
0.03971133753657341
