0.04286372661590576
0.04847211018204689
0.05455053970217705
0.05584194138646126
0.056348007172346115
0.056762196123600006
0.057221848517656326
0.05756464973092079
0.057895202189683914
0.058113761246204376
0.05833156406879425
0.05860190466046333
0.05890348181128502
0.05919252708554268
0.05952079966664314
0.059926748275756836
0.060469333082437515
0.06123679503798485
0.062134310603141785
0.06312153488397598
0.06415719538927078
0.06519123166799545
0.06621650606393814
0.0672268196940422
0.06823160499334335
0.06924699991941452
0.07030025869607925
0.07141728699207306
0.07264068722724915
0.07395407557487488
0.07528653740882874
0.07667534053325653
0.003866814775392413
0.0038679258432239294
0.0038739037699997425
0.003870910033583641
0.0038630233611911535
0.00385264796204865
0.06999730318784714
0.07414882630109787
0.07751580327749252
0.0806218758225441
0.08352092653512955
0.08609279990196228
0.08844435214996338
0.09082543104887009
0.09309422224760056
0.09584958106279373
0.09944303333759308
0.10168435424566269
0.10685807466506958
0.11156351864337921
0.1161014512181282
0.12216144055128098
0.15085524320602417
0.22880405187606812
0.31438806653022766
0.4079020023345947
0.5088862776756287
0.639132022857666
0.8106181621551514
1.0386980772018433
1.2811594009399414
6.89677095413208
29.71980857849121
39.66783905029297
45.33353805541992
49.304901123046875
52.115028381347656
54.53053665161133
57.7736701965332
60.306907653808594
62.159156799316406
63.60236740112305
64.52474212646484
65.185302734375
65.7315673828125
66.19085693359375
66.5473861694336
66.89771270751953
67.33562469482422
67.99617767333984
68.61237335205078
69.13475799560547
69.58016967773438
69.93067932128906
70.20259094238281
70.41559600830078
70.5963363647461
70.73741149902344
70.89031219482422
71.05936431884766
71.2227783203125
