0.09962745755910873
0.11365371942520142
0.12677223980426788
0.1356206089258194
0.14128807187080383
0.14303959906101227
0.1443464457988739
0.14564843475818634
0.1467866152524948
0.14758653938770294
0.1482762098312378
0.14904245734214783
0.1498221606016159
0.15053720772266388
0.15117712318897247
0.1518470197916031
0.15261892974376678
0.15335054695606232
0.1540370136499405
0.15475589036941528
0.15568548440933228
0.1567101627588272
0.15793728828430176
0.1594315618276596
0.16127194464206696
0.16382600367069244
0.16735272109508514
0.17151173949241638
0.17597892880439758
0.1805775910615921
0.18542590737342834
0.19072456657886505
0.017113307490944862
0.01051773689687252
0.009462191723287106
0.008933914825320244
0.008813983760774136
0.008780754171311855
0.15868379175662994
0.1755984127521515
0.18520204722881317
0.1963011771440506
0.20813065767288208
0.22212864458560944
0.23814858496189117
0.2468954622745514
0.2565555274486542
0.28139951825141907
0.3115488290786743
0.34341898560523987
0.3799632489681244
0.4250926673412323
0.47210004925727844
0.502135694026947
0.5114450454711914
3.815640449523926
8.435395240783691
11.51201057434082
14.026206016540527
15.966752052307129
17.428783416748047
18.53291130065918
19.35785484313965
19.955141067504883
20.37685203552246
20.67713165283203
20.928207397460938
21.127233505249023
21.253280639648438
21.325273513793945
21.33662986755371
21.30480194091797
21.240524291992188
21.146024703979492
21.034534454345703
20.924741744995117
20.82539176940918
20.73527717590332
20.657577514648438
20.58705711364746
20.51945686340332
20.463764190673828
20.422292709350586
20.372819900512695
20.296480178833008
20.221817016601562
20.157915115356445
20.140094757080078
20.153223037719727
20.169981002807617
20.20853042602539
20.262187957763672
20.29432487487793
20.410400390625
