0.4915410876274109
0.566035807132721
0.9731164574623108
1.0108749866485596
1.0168312788009644
1.0250264406204224
1.0374199151992798
1.0543726682662964
1.0776485204696655
1.102086067199707
1.123019814491272
1.14259672164917
1.1606543064117432
1.185891032218933
1.2136247158050537
1.2509046792984009
1.3054563999176025
1.3760120868682861
1.4694929122924805
1.595880389213562
1.7781554460525513
2.072105646133423
2.1958885192871094
5.064663410186768
15.496087074279785
20.52336883544922
24.66182518005371
29.37982940673828
35.177833557128906
44.13037872314453
52.7598991394043
62.51165008544922
4.380224704742432
6.599726676940918
11.6036958694458
12.045048713684082
12.273113250732422
12.505350112915039
98.72320556640625
104.1700210571289
106.58606719970703
114.48994445800781
122.6835708618164
130.05422973632812
137.06748962402344
143.20396423339844
148.64627075195312
153.22605895996094
156.90042114257812
159.78395080566406
161.96444702148438
163.40309143066406
164.042236328125
164.35682678222656
165.04391479492188
165.44143676757812
165.5067138671875
165.41432189941406
165.2263641357422
165.03993225097656
164.89288330078125
164.7635955810547
164.57518005371094
164.30528259277344
163.46595764160156
162.49026489257812
161.40438842773438
160.26295471191406
159.10556030273438
157.95559692382812
156.77833557128906
155.51638793945312
154.23052978515625
152.93893432617188
151.66505432128906
150.42160034179688
149.20834350585938
148.01849365234375
146.8404998779297
145.68408203125
144.55447387695312
143.45201110839844
142.36825561523438
141.30104064941406
140.25119018554688
139.2275848388672
138.216796875
137.216796875
136.27297973632812
135.36184692382812
134.45394897460938
133.54173278808594
132.63250732421875
131.7288818359375
