0.04098816588521004
0.04476260021328926
0.05003800615668297
0.0548354797065258
0.055611684918403625
0.05586949363350868
0.05631088837981224
0.05665139853954315
0.05688481777906418
0.05705065652728081
0.057236168533563614
0.057560235261917114
0.057913679629564285
0.058200135827064514
0.05845776945352554
0.05872910097241402
0.05899969860911369
0.05929476395249367
0.05964086949825287
0.06008143350481987
0.060630135238170624
0.06128222122788429
0.0620308592915535
0.06287631392478943
0.06383758038282394
0.06492366641759872
0.06610726565122604
0.06743084639310837
0.06891816854476929
0.07053915411233902
0.07226379960775375
0.0740692988038063
0.003966803662478924
0.003831166308373213
0.003811358939856291
0.003831765614449978
0.0038579595275223255
0.003880668431520462
0.07002755999565125
0.07262285053730011
0.07385587692260742
0.07512509077787399
0.07664136588573456
0.0787564143538475
0.08141408115625381
0.0844004824757576
0.08745784312486649
0.09066714346408844
0.0933438241481781
0.09577750414609909
0.09810926765203476
0.10027079284191132
0.10381748527288437
0.1070738434791565
0.11021924763917923
0.11304152756929398
0.11565426737070084
0.11829585582017899
0.12070753425359726
0.12335173040628433
0.1257604956626892
0.12840689718723297
0.1311347484588623
0.1338537037372589
0.1364046186208725
0.13888800144195557
0.14152473211288452
0.14449839293956757
0.14794081449508667
0.1502159982919693
0.14161212742328644
0.13448981940746307
0.12833023071289062
0.1231236681342125
0.11850203573703766
0.11412014067173004
0.10987977683544159
0.10570033639669418
0.1015877053141594
0.0977732241153717
0.09425729513168335
0.0909784585237503
0.0879068598151207
0.08500410616397858
0.08231860399246216
0.07980696111917496
0.07739157229661942
0.07527944445610046
0.07336936146020889
0.07163079082965851
0.06997715681791306
0.06841662526130676
0.06692526489496231
