0.037931907922029495
0.03992055356502533
0.04330829530954361
0.0468471422791481
0.04978876933455467
0.05212412774562836
0.052637796849012375
0.0527743324637413
0.05286822468042374
0.05302049592137337
0.05331295728683472
0.05354464054107666
0.05382470786571503
0.05407346412539482
0.054291509091854095
0.054494839161634445
0.05472461134195328
0.05493199825286865
0.05512885004281998
0.05533849820494652
0.0555778369307518
0.055826712399721146
0.05608876794576645
0.056361038237810135
0.05668637529015541
0.05711214244365692
0.05761782079935074
0.05820120871067047
0.058849502354860306
0.059552907943725586
0.0603095218539238
0.06111491471529007
0.0034997633192688227
0.0032626714091748
0.003156793536618352
0.0030972317326813936
0.003061039373278618
0.0030370866879820824
0.056012094020843506
0.05942453071475029
0.061266135424375534
0.06266331672668457
0.06397674977779388
0.06530408561229706
0.06664726883172989
0.06800264865159988
0.06935063749551773
0.07068875432014465
0.07202620059251785
0.07336732000112534
0.07470767945051193
0.07604539394378662
0.07739152014255524
0.07875797152519226
0.08019126951694489
0.0814829096198082
0.08271823823451996
0.08396025747060776
0.08526094257831573
0.08655717968940735
0.08785353600978851
0.0891818180680275
0.09051113575696945
0.09162910282611847
0.09258145093917847
0.09338854253292084
0.09416791051626205
0.09495995938777924
0.09571980684995651
0.09632156044244766
0.0969998836517334
0.09772046655416489
0.09844238311052322
0.09907115250825882
0.09964147955179214
0.10018202662467957
0.10076354444026947
0.10132057219743729
0.10191725939512253
0.10263414680957794
0.10330446809530258
0.10433493554592133
0.10228361189365387
0.0988859087228775
0.09562958031892776
0.09260047227144241
0.08979693800210953
0.08709738403558731
0.08447542786598206
0.08188951015472412
0.07933700829744339
0.07704133540391922
