0.024240385740995407
0.026452219113707542
0.029565196484327316
0.03289583697915077
0.03370576351881027
0.03395712375640869
0.03416803851723671
0.03440352529287338
0.03456646576523781
0.034711938351392746
0.03487367182970047
0.03502193093299866
0.035145848989486694
0.03530615195631981
0.035482194274663925
0.035674694925546646
0.03589949756860733
0.036144837737083435
0.03639144450426102
0.036626894026994705
0.03685750439763069
0.037098079919815063
0.03738049045205116
0.037724629044532776
0.03812948986887932
0.03859008848667145
0.03910011798143387
0.0396449975669384
0.04022114351391792
0.04084765911102295
0.04150610789656639
0.042195215821266174
0.0022106897085905075
0.002025964669883251
0.001954025123268366
0.0019145564874634147
0.0018896893598139286
0.001872854889370501
0.03792807459831238
0.04112984985113144
0.04275571554899216
0.043867021799087524
0.04484064131975174
0.04581720754504204
0.04684927687048912
0.04794315621256828
0.049093399196863174
0.05028964579105377
0.05152274668216705
0.052802883088588715
0.05410730838775635
0.05542948842048645
0.05659104883670807
0.05756222456693649
0.05852356553077698
0.059440728276968
0.06031771004199982
0.061188895255327225
0.06200997903943062
0.06281187385320663
0.06361167132854462
0.06442026048898697
0.06522724032402039
0.06601335108280182
0.06674300134181976
0.06737693399190903
0.06793173402547836
0.06844843178987503
0.06898326426744461
0.06952378153800964
0.07008296996355057
0.06791528314352036
0.06578098982572556
0.063710056245327
0.061672717332839966
0.05969369411468506
0.05776982009410858
0.05584423243999481
0.05392317846417427
0.05203939229249954
0.050114504992961884
0.04788103327155113
0.04551808908581734
0.04311675205826759
0.041077591478824615
0.039840199053287506
0.039059609174728394
0.038492489606142044
0.038063131272792816
0.03780553862452507
0.037658240646123886
0.040640268474817276
