1499.9991455078125
1500.0
1500.0
1500.0
1500.0
1500.0
1500.0
1500.0
1499.9998779296875
1500.0
1500.0
1500.0
1500.0
1500.0
1500.0
1500.0
1500.0
1500.0
1500.0
1500.0
1500.0
1500.0
1500.0
1500.0
1500.0
1500.0
1500.0
1500.0
1500.0
1500.0
1500.0
1500.0
100.0
100.0
100.0
100.0
100.0
100.0
1499.9993896484375
1500.0
1500.0
1500.0
1500.0
1500.0
1500.0
1500.0
1500.0
1500.0
1500.0
1500.0
1500.0
1499.9998779296875
1500.0
1500.0
1499.9981689453125
1499.9996337890625
1500.0
1500.0
1500.0
1500.0
1500.0
1500.0
1500.0
1499.999755859375
1500.0
1480.8831787109375
1425.6287841796875
1373.8660888671875
1324.10205078125
1276.5889892578125
1228.382568359375
1180.8309326171875
1133.4610595703125
1086.732177734375
1047.3614501953125
1012.3594360351562
978.0032348632812
936.796875
894.4130859375
850.2264404296875
808.9681396484375
777.6736450195312
750.3995971679688
724.71875
700.9932250976562
680.3690185546875
658.70654296875
635.4492797851562
610.7708740234375
584.9161987304688
568.0084838867188
554.54248046875
