1500.0
1500.0
1500.0
1500.0
1500.0
1500.0
1500.0
1500.0
1500.0
1500.0
1500.0
1499.999755859375
1500.0
1499.999755859375
1499.999755859375
1499.99951171875
1499.9989013671875
1499.9996337890625
1499.999267578125
1499.9996337890625
1499.9984130859375
1499.9991455078125
1499.9996337890625
1499.9998779296875
1499.999267578125
1500.0
1499.999755859375
1499.998291015625
1500.0
1500.0
1500.0
1500.0
100.0
100.0
99.99999237060547
100.0
100.0
100.0
1500.0
1500.0
1500.0
1500.0
1500.0
1500.0
1500.0
1500.0
1499.9998779296875
1500.0
1500.0
1499.9998779296875
1499.9998779296875
1499.9998779296875
1500.0
1500.0
1470.355712890625
1430.9261474609375
1397.3187255859375
1366.5126953125
1336.5545654296875
1306.7852783203125
1277.4090576171875
1248.2547607421875
1233.83349609375
1219.390625
1190.4609375
1161.9552001953125
1133.7509765625
1105.9935302734375
1078.7762451171875
1052.11669921875
1025.87646484375
1000.1596069335938
974.7796630859375
949.8005981445312
925.2841186523438
901.8302001953125
878.9156494140625
856.4757080078125
834.4642333984375
812.9822387695312
792.1717529296875
771.9752807617188
752.4044189453125
733.4473266601562
715.1092529296875
697.4423217773438
680.7130737304688
664.5057983398438
648.8369750976562
633.7232666015625
619.2832641601562
605.4038696289062
591.9679565429688
