1500.0
1500.0
1500.0
1500.0
1500.0
1500.0
1500.0
1500.0
1500.0
1500.0
1500.0
1500.0
1500.0
1500.0
1500.0
1500.0
1500.0
1500.0
1500.0
1500.0
1500.0
1500.0
1500.0
1500.0
1500.0
1500.0
1500.0
1500.0
1500.0
1500.0
1500.0
1500.0
100.0
100.0
100.0
100.0
100.0
100.0
1500.0
1500.0
1500.0
1500.0
1500.0
1500.0
1500.0
1500.0
1500.0
1500.0
1500.0
1500.0
1500.0
1500.0
1500.0
1500.0
1500.0
1500.0
1500.0
1469.61279296875
1406.1998291015625
1347.478271484375
1291.5535888671875
1237.920654296875
1186.4254150390625
1137.0107421875
1089.62109375
1066.570068359375
1043.956787109375
1000.3613891601562
958.5955200195312
918.5728149414062
880.42236328125
844.0027465820312
809.1973876953125
775.8846435546875
743.9461059570312
713.4191284179688
684.1683959960938
656.0602416992188
629.5540771484375
604.235595703125
580.0078735351562
556.9981079101562
535.1664428710938
513.7005004882812
493.22442626953125
474.46746826171875
456.6412658691406
439.68109130859375
423.4883117675781
408.0389099121094
393.3383483886719
379.2944030761719
365.88177490234375
