1500.0
1500.0
1500.0
1500.0
1500.0
1500.0
1500.0
1500.0
1500.0
1500.0
1500.0
1500.0
1500.0
1500.0
1500.0
1500.0
1500.0
1500.0
1500.0
1500.0
1500.0
1500.0
1500.0
1500.0
1500.0
1500.0
1500.0
1500.0
1500.0
1500.0
1500.0
1500.0
99.99999237060547
100.0
100.0
100.0
100.0
100.0
1500.0
1500.0
1500.0
1500.0
1500.0
1500.0
1500.0
1500.0
1500.0
1445.4176025390625
1344.287109375
1252.96240234375
1170.26171875
1096.3775634765625
1026.57470703125
961.948486328125
903.716552734375
848.8434448242188
795.0932006835938
744.0538940429688
696.5537109375
652.2269897460938
610.2139892578125
569.8529052734375
532.0357666015625
498.1109619140625
469.29962158203125
456.45233154296875
444.4228820800781
422.0015563964844
400.8792419433594
382.14111328125
368.5683288574219
357.0370178222656
346.11224365234375
335.56097412109375
324.989990234375
314.47412109375
304.20947265625
294.1754455566406
284.3502502441406
274.7422180175781
265.4545593261719
256.4918212890625
247.7823486328125
239.2732696533203
231.1918487548828
223.7231903076172
216.88592529296875
210.5343475341797
204.51075744628906
198.7230224609375
193.17018127441406
187.9117431640625
182.87742614746094
