1499.9989013671875
1500.0
1500.0
1500.0
1500.0
1500.001220703125
1500.0
1500.0
1500.0
1500.0
1500.0
1500.0
1500.0
1500.0
1500.0
1500.0
1500.0
1500.0
1500.0
1500.0
1500.0
1500.0
1500.0
1500.0
1500.0
1500.0
1500.0
1500.0
1500.0
1500.0
1500.0
1500.0
100.0
100.0
100.0
100.0
100.0
100.0
1500.0
1500.0
1499.9962158203125
1500.0
1500.0
1500.0
1500.0
1500.0
1500.0
1500.0
1500.0
1500.0
1500.0
1500.0
1500.0
1500.0
1500.0
1500.0
1500.0
1500.0
1500.0
1500.0
1500.0
1500.0
1500.0
1500.0
1500.0
1500.0
1500.0
1500.0
1500.0
1500.0
1500.0
1500.0
1500.0
1500.0
1500.0
1498.6781005859375
1425.751708984375
1374.001708984375
1340.002197265625
1307.3638916015625
1271.25390625
1229.8382568359375
1186.9405517578125
1149.594970703125
1112.3974609375
1072.9366455078125
1033.2017822265625
994.4939575195312
956.6072387695312
928.1987915039062
902.5557861328125
872.3663330078125
837.4901123046875
