1499.9998779296875
1500.01611328125
1500.0
1500.0
1500.0
1500.0
1500.0
1500.0
1500.0
1500.0
1500.0
1500.0
1500.0
1500.0
1500.0
1500.0
1486.2626953125
1469.3240966796875
1451.6632080078125
1431.380615234375
1407.7264404296875
1380.8843994140625
1351.232421875
1319.226318359375
1285.2908935546875
1249.8204345703125
1213.176513671875
1175.39990234375
1136.4884033203125
1096.8043212890625
1056.7188720703125
1016.1905517578125
100.0
100.0
100.0
100.0
100.0
100.0
1285.93896484375
1092.0440673828125
997.2941284179688
937.2822265625
896.4931030273438
859.3399658203125
822.7383422851562
804.756591796875
786.4037475585938
748.4886474609375
710.1600341796875
672.27392578125
634.1626586914062
595.7312622070312
559.547607421875
526.443603515625
495.6769104003906
466.8960266113281
439.7513122558594
414.51214599609375
391.41748046875
370.5383605957031
351.6128845214844
334.5908508300781
319.1123962402344
304.9183044433594
292.0863342285156
280.6218566894531
270.20660400390625
260.5083923339844
251.53280639648438
243.0693359375
234.96469116210938
227.16383361816406
219.55381774902344
212.13336181640625
204.982421875
198.3477325439453
192.30755615234375
186.77450561523438
181.72315979003906
176.90618896484375
172.25364685058594
167.933837890625
164.03506469726562
160.49609375
157.21450805664062
154.06549072265625
151.01223754882812
148.1594696044922
145.6356201171875
143.25677490234375
140.68775939941406
138.31813049316406
134.97511291503906
131.69200134277344
