1499.9964599609375
1500.0
1500.0
1500.0
1500.0
1500.0074462890625
1500.0
1500.0
1500.0
1500.0
1500.0
1500.0
1500.0
1500.0
1500.0
1500.0
1500.0
1500.0
1500.0
1500.0
1500.0
1500.0
1500.0
1500.0
1500.0
1500.0
1500.0
1500.0
1500.0
1500.0
1500.0
1500.0
99.99991607666016
99.99976348876953
100.0
100.0
100.0
100.0
1500.0
1500.0
1500.0
1499.9998779296875
1500.0
1500.0
1500.0
1500.0
1499.9915771484375
1500.0
1500.0
1500.0
1500.0
1500.0
1500.0
1500.0
1500.0
1500.0
1500.0
1500.0
1500.0
1500.0
1500.0
1500.0
1500.0
1499.999755859375
1499.9998779296875
1499.9993896484375
1500.0
1500.0
1500.0
1500.0
1500.0
1500.0
1500.0
1500.0
1500.0
1499.99951171875
1500.0
1500.0
1470.87353515625
1422.3836669921875
1380.9151611328125
1341.985595703125
1305.3399658203125
1271.1456298828125
1239.57421875
1210.417724609375
1183.444580078125
1158.55517578125
1135.148193359375
1113.1683349609375
1092.5120849609375
1073.050048828125
1054.582275390625
1036.3341064453125
