1500.0
1500.0
1500.0
1500.0
1500.0
1500.0
1500.0
1500.0
1500.0
1500.0
1500.0
1500.0
1500.0
1500.0
1500.0
1500.0
1500.0
1500.0
1500.0
1500.0
1500.0
1500.0
1500.0
1500.0
1500.0
1500.0
1500.0
1500.0
1500.0
1500.0
1500.0
1500.0
100.00597381591797
100.0
100.0
100.0
100.0
100.0
1499.9998779296875
1500.0
1500.0
1500.0
1500.0
1500.0
1500.0
1500.0
1500.0
1500.0
1500.0
1500.0
1500.0
1500.0
1500.0
1500.0
1500.0
1500.0
1500.0
1500.0
1500.0
1500.0
1500.0
1500.0
1500.0
1500.0
1500.0
1500.0
1446.18798828125
1389.72705078125
1335.6243896484375
1281.892578125
1233.9105224609375
1190.54345703125
1149.7674560546875
1114.254638671875
1082.3953857421875
1052.515380859375
1024.2254638671875
995.8499145507812
966.5641479492188
940.2846069335938
917.190673828125
895.2472534179688
872.66845703125
848.8427734375
824.8285522460938
800.7670288085938
777.3436279296875
754.0874633789062
730.88818359375
707.9744262695312
685.3580932617188
663.175048828125
