1500.0
1500.0
1500.0
1500.0001220703125
1500.0
1500.0
1500.0
1500.0
1500.0
1500.0
1500.0
1500.0
1500.0
1500.0
1500.0
1500.0
1500.0
1500.0
1500.0
1500.0
1500.0
1500.0
1500.0
1500.0
1500.0
1500.0
1500.0
1500.0
1500.0
1500.0
1500.0
1500.0
99.99181365966797
100.0
100.0
100.0
100.0
100.0
1500.0
1500.0
1500.0
1500.0
1500.0
1500.0
1500.0
1500.0
1500.0
1500.0
1500.0
1500.0
1455.2509765625
1387.7919921875
1324.5804443359375
1264.1590576171875
1206.21923828125
1150.948486328125
1098.697265625
1048.7821044921875
1000.745849609375
954.8418579101562
911.36474609375
870.0322265625
828.8770141601562
791.1134643554688
754.7490844726562
720.0848999023438
687.6895751953125
656.673095703125
627.8583984375
601.7296142578125
577.6019287109375
555.2161865234375
534.3881225585938
514.9191284179688
496.601806640625
479.4199523925781
463.1098937988281
447.5126953125
432.42333984375
418.25665283203125
404.96588134765625
392.60272216796875
381.1923522949219
370.7159423828125
361.0107116699219
352.0315246582031
343.746826171875
336.11956787109375
329.08404541015625
322.4485168457031
316.2254333496094
310.41644287109375
