1500.0
1500.0
1500.0
1500.0
1500.0321044921875
1500.0
1500.0
1500.0
1499.9998779296875
1500.0
1499.9998779296875
1499.9998779296875
1474.6424560546875
1427.6705322265625
1383.057373046875
1347.251220703125
1317.7362060546875
1289.4268798828125
1260.6448974609375
1227.20263671875
1191.3994140625
1152.9034423828125
1115.0595703125
1076.194580078125
1039.5577392578125
1002.2284545898438
960.7054443359375
917.0762329101562
872.9749755859375
827.1318359375
785.5292358398438
744.1618041992188
100.0
100.0
100.0
100.0
100.0
100.0
929.6467895507812
704.9105834960938
674.09326171875
652.7197875976562
632.8986206054688
612.3032836914062
590.9765625
569.5863037109375
548.5962524414062
528.2171020507812
508.5621337890625
489.55517578125
471.10455322265625
453.17010498046875
435.7112121582031
418.7339782714844
402.29742431640625
386.4552307128906
371.313232421875
356.99267578125
343.490966796875
330.7771301269531
318.7857360839844
307.6401672363281
296.9443054199219
286.6023864746094
276.58856201171875
266.91497802734375
257.60260009765625
248.7001953125
240.22235107421875
232.16432189941406
224.5360107421875
217.32215881347656
210.50863647460938
204.09588623046875
198.04296875
192.34169006347656
186.96725463867188
181.8990478515625
177.1146697998047
172.588623046875
168.30426025390625
164.31735229492188
160.5576934814453
156.98690795898438
153.61190795898438
150.40664672851562
147.34547424316406
144.41351318359375
141.63632202148438
139.00949096679688
136.5235595703125
134.17286682128906
