1500.0
1500.0
1500.0
1500.0
1500.0435791015625
1500.0
1500.0
1500.0
1500.0
1500.0
1500.0
1500.0
1500.0
1500.0
1500.0
1500.0
1500.0
1500.0
1500.0
1500.0
1500.0
1500.0
1500.0
1500.0
1500.0
1500.0
1500.0
1500.0
1500.0
1500.0
1500.0
1500.0
100.0
100.0
100.0
100.0
100.0
100.0
1500.0
1500.0
1500.0
1500.0
1500.0
1500.0
1500.0
1500.0
1500.0
1500.0
1500.0
1500.0
1500.0
1500.0
1500.0
1500.0
1500.0
1500.0
1500.0
1500.0
1500.0
1500.0
1500.0
1500.0
1500.0
1500.0
1500.0
1480.4490966796875
1421.5648193359375
1369.1690673828125
1319.8416748046875
1271.9697265625
1223.6650390625
1174.8760986328125
1127.010986328125
1081.7958984375
1039.110595703125
996.6098022460938
953.4402465820312
931.7544555664062
910.9640502929688
878.7711181640625
852.6615600585938
829.950927734375
808.0421752929688
786.4541015625
765.1676025390625
743.8815307617188
722.38330078125
700.5596313476562
678.9258422851562
657.7197875976562
637.0248413085938
617.5031127929688
599.8954467773438
