1500.0
1500.0
1500.0
1500.0
1500.0
1500.0
1500.0
1500.0
1500.0
1500.0
1500.0
1500.0
1500.0
1500.0
1500.0
1500.0
1500.0
1500.0
1500.0
1500.0
1500.0
1500.0
1500.0
1500.0
1500.0
1500.0
1500.0
1500.0
1500.0
1500.0
1500.0
1500.0
100.0
100.0
100.0
100.0
100.0
100.0
1500.0
1500.0
1500.0
1500.0
1500.0
1500.0
1500.0
1500.0
1500.0
1500.0
1500.0
1500.0
1500.0
1500.0
1500.0
1500.0
1500.0
1500.0
1500.0
1500.0
1465.8331298828125
1406.843017578125
1350.2750244140625
1295.3270263671875
1242.1900634765625
1191.0052490234375
1141.792724609375
1094.5064697265625
1049.0186767578125
1005.2149047851562
962.9505615234375
922.2041625976562
883.0469360351562
845.4099731445312
809.3171997070312
774.6160278320312
741.4938354492188
709.8555297851562
679.4659423828125
650.2217407226562
622.5105590820312
596.03759765625
570.7432861328125
558.4671020507812
546.4782104492188
523.5186767578125
501.6335144042969
480.0027770996094
459.23223876953125
440.74920654296875
422.9399719238281
405.884033203125
389.24554443359375
373.5823059082031
358.6676025390625
