1499.9998779296875
1500.0
1500.0
1500.0
1499.9998779296875
1500.0
1500.0
1500.0
1500.0
1500.0
1500.0
1500.0
1500.0
1500.0
1500.0
1500.0
1500.0
1500.0
1500.0
1500.0
1500.0
1500.0
1500.0
1500.0
1500.0
1500.0
1500.0
1500.0
1500.0
1500.0
1500.0
1500.0
100.0
100.0
100.0
100.0
100.0
100.0
1500.0
1500.0
1500.0
1500.0
1500.0
1500.0
1500.0
1500.0
1500.0
1500.0
1500.0
1500.0
1500.0
1500.0
1500.0
1500.0
1500.0
1500.0
1500.0
1500.0
1500.0
1461.1199951171875
1409.1796875
1361.0050048828125
1314.3057861328125
1268.7149658203125
1224.44677734375
1181.61376953125
1140.58984375
1101.3590087890625
1063.6309814453125
1026.8519287109375
991.3927612304688
956.9265747070312
922.8385620117188
887.5426635742188
855.0330810546875
824.0419311523438
794.4274291992188
766.2073364257812
739.3853759765625
714.2357177734375
691.0186767578125
669.7108154296875
649.9905395507812
631.5731811523438
614.2886962890625
597.9906005859375
582.5806274414062
568.0011596679688
554.2380981445312
541.2903442382812
529.14111328125
517.7589721679688
