1500.0
1500.03271484375
1500.0
1500.0
1500.0
1500.0
1500.0
1500.0
1500.0
1500.0
1500.0
1500.0
1500.0
1500.0
1500.0
1500.0
1494.144287109375
1477.1287841796875
1460.626708984375
1442.4007568359375
1421.1439208984375
1396.7672119140625
1369.668212890625
1340.069580078125
1308.320068359375
1274.7586669921875
1239.7467041015625
1203.6640625
1166.52978515625
1128.3187255859375
1089.3717041015625
1050.0262451171875
100.0
100.0
100.0
100.0
100.0
100.0
1344.569091796875
1073.28173828125
978.6439819335938
932.3767700195312
894.498291015625
857.9579467773438
840.0746459960938
821.7794799804688
784.0531005859375
745.3177490234375
707.3314208984375
669.6663208007812
631.4583129882812
592.8189086914062
557.5433349609375
524.9393920898438
494.703857421875
466.20166015625
438.6722106933594
413.30584716796875
390.2823181152344
369.7068176269531
351.3074035644531
334.72894287109375
319.68359375
305.882080078125
293.3069152832031
282.0962219238281
272.01922607421875
262.7370300292969
253.9663848876953
245.6851806640625
237.87860107421875
230.47193908691406
223.20704650878906
216.12318420410156
209.18080139160156
202.4820098876953
196.2178955078125
190.550537109375
185.45851135253906
180.7563018798828
176.20848083496094
171.7187042236328
167.47146606445312
163.6062774658203
160.1022491455078
156.87594604492188
153.80877685546875
150.8500518798828
148.07594299316406
145.65411376953125
143.52259826660156
141.4197235107422
139.03858947753906
