1500.0
1487.1094970703125
1500.0
1499.9991455078125
1500.0
1500.0
1500.0
1500.0
1500.0
1500.0
1500.0
1500.0
1500.0
1500.0
1500.0
1500.0
1490.3531494140625
1473.12890625
1455.86083984375
1436.420166015625
1413.8040771484375
1388.06396484375
1359.55712890625
1328.6483154296875
1295.72607421875
1261.166748046875
1225.3475341796875
1188.4801025390625
1150.528076171875
1111.6602783203125
1072.2593994140625
1032.5821533203125
99.990478515625
100.0
100.0
100.0
100.0
100.0
1315.269775390625
1119.035888671875
1018.9351196289062
957.1348266601562
916.0594482421875
878.7669677734375
842.0513305664062
824.0604248046875
805.68359375
768.0145263671875
729.4835205078125
691.9116821289062
654.3330688476562
615.3324584960938
577.7041625976562
543.5758666992188
511.77642822265625
482.22308349609375
454.28216552734375
427.7228698730469
403.2812194824219
381.1344299316406
361.1786804199219
343.2900085449219
327.0700378417969
312.2223815917969
298.64544677734375
286.42608642578125
275.5748291015625
265.77691650390625
256.71575927734375
248.29151916503906
240.33287048339844
232.61260986328125
225.20323181152344
218.0753936767578
211.16033935546875
204.4851531982422
198.18051147460938
192.30029296875
186.78158569335938
181.54261779785156
176.63365173339844
171.9729766845703
167.62181091308594
163.6383056640625
160.03823852539062
156.81686401367188
153.782958984375
150.79342651367188
147.9517059326172
145.48104858398438
143.30654907226562
141.0668487548828
138.47508239746094
136.01220703125
