1499.9998779296875
1500.0
1500.0
1500.00048828125
1500.0
1500.0
1500.0
1500.0
1500.0
1500.0
1500.0
1500.0
1500.0
1500.0
1500.0
1500.0
1500.0
1500.0
1500.0
1500.0
1500.0
1500.0
1500.0
1500.0
1500.0
1500.0
1500.0
1500.0
1500.0
1500.0
1500.0
1500.0
95.69226837158203
100.0
100.0
100.0
100.0
100.0
1500.0
1500.0
1499.9998779296875
1500.0
1500.0
1500.0
1500.0
1500.0
1500.0
1500.0
1500.0
1500.0
1439.4776611328125
1370.7596435546875
1305.5196533203125
1243.07958984375
1183.0601806640625
1126.1829833984375
1072.188720703125
1020.2929077148438
970.5824584960938
923.5091552734375
879.0220947265625
835.6242065429688
794.7151489257812
756.3921508789062
719.872314453125
685.747802734375
654.09423828125
624.3414916992188
596.7860107421875
571.4793701171875
548.0928344726562
526.429931640625
506.1584777832031
487.0924987792969
469.0940856933594
451.87530517578125
435.458984375
420.07769775390625
405.8106689453125
392.6298828125
380.53045654296875
369.5035400390625
359.3819885253906
350.04925537109375
341.4482116699219
333.5625915527344
326.2731018066406
319.4143371582031
312.978759765625
306.919677734375
301.3138427734375
296.1878967285156
291.46905517578125
287.0717468261719
