1499.9998779296875
1500.0
1499.9998779296875
1500.0
1500.0
1500.0
1500.0
1500.0
1500.0
1500.0
1500.0
1500.0
1500.0
1500.0
1500.0
1500.0
1500.0
1500.0
1500.0
1500.0
1500.0
1500.0
1500.0
1500.0
1500.0
1500.0
1500.0
1500.0
1500.0
1500.0
1500.0
1500.0
100.0
100.0
100.0
100.0
100.0
100.0
1500.0
1500.0
1500.0
1500.0
1406.431396484375
1288.53466796875
1170.1790771484375
1061.7677001953125
963.10693359375
874.3883666992188
797.6075439453125
733.7125244140625
678.7422485351562
630.2530517578125
587.2194213867188
567.278564453125
548.50634765625
514.6605834960938
483.669189453125
455.4052734375
430.27130126953125
408.4792175292969
389.989990234375
373.3116760253906
357.98736572265625
343.2254943847656
328.06103515625
313.6651306152344
299.18341064453125
285.34405517578125
272.7796936035156
260.8957824707031
248.9888916015625
239.39212036132812
229.50634765625
219.73678588867188
210.5917510986328
201.87985229492188
193.40802001953125
186.94020080566406
181.03399658203125
174.61758422851562
167.52769470214844
159.8906707763672
152.5026397705078
145.35009765625
138.12362670898438
133.39065551757812
131.384521484375
128.38720703125
124.96319580078125
121.3743667602539
117.73481750488281
114.06945037841797
110.32606506347656
