1331.818359375
1047.93505859375
801.3460083007812
658.7545776367188
615.7584838867188
592.5046997070312
572.3635864257812
554.2319946289062
537.0010375976562
520.7064208984375
504.55126953125
487.827392578125
470.2274169921875
453.9114990234375
439.1314697265625
425.5686340332031
412.77423095703125
400.4631042480469
388.30316162109375
376.3485107421875
367.0474853515625
360.1410217285156
353.16668701171875
346.2366027832031
339.2169494628906
333.1311950683594
327.7291259765625
322.1288146972656
316.0161437988281
309.1519775390625
301.60357666015625
293.50146484375
100.0
100.0
100.0
100.0
100.0
100.0
363.0128173828125
294.91424560546875
264.81109619140625
247.27606201171875
239.50201416015625
232.52731323242188
226.67813110351562
221.82696533203125
217.68099975585938
213.89767456054688
210.3738250732422
207.11769104003906
203.90643310546875
200.6392822265625
197.2794189453125
193.80831909179688
190.24037170410156
186.59593200683594
182.86817932128906
179.07940673828125
175.27806091308594
171.48216247558594
167.75584411621094
164.15660095214844
160.6380615234375
158.9490509033203
157.23789978027344
153.89784240722656
150.71539306640625
147.65194702148438
144.6898956298828
141.82034301757812
139.01425170898438
136.28472900390625
133.63697814941406
131.07115173339844
128.57937622070312
126.20487976074219
123.90632629394531
121.68865203857422
119.5858383178711
117.58609771728516
115.70442199707031
113.87909698486328
112.10198974609375
110.36729431152344
108.67256164550781
107.02253723144531
105.4083480834961
103.82801818847656
102.28015899658203
100.78340911865234
99.34856414794922
97.95958709716797
96.6137924194336
