1500.0
1500.0
1499.999755859375
1500.0
1500.0
1500.0
1500.0
1500.0
1500.0
1500.0
1500.0
1500.0
1500.0
1500.0
1500.0
1500.0
1500.0
1500.0
1500.0
1500.0
1500.0
1500.0
1500.0
1500.0
1500.0
1500.0
1494.2977294921875
1387.7427978515625
1283.2340087890625
1185.03955078125
1091.6468505859375
1001.1361694335938
100.0
100.0
100.0
100.0
100.0
100.0
1238.37841796875
1149.5517578125
1049.3507080078125
950.7058715820312
855.4436645507812
768.3566284179688
692.6600952148438
624.9213256835938
563.8607177734375
509.2299499511719
460.6300964355469
418.8799133300781
383.382568359375
352.47784423828125
325.3507080078125
303.4576110839844
285.69732666015625
270.7064208984375
257.6463317871094
246.07325744628906
235.6721954345703
226.30209350585938
217.7887725830078
210.0032501220703
202.95205688476562
196.5657501220703
190.7496337890625
185.41644287109375
180.5009307861328
175.9345245361328
171.6618194580078
167.6354217529297
163.8219451904297
160.1610107421875
156.63975524902344
153.28550720214844
150.10177612304688
147.07098388671875
144.15794372558594
141.32492065429688
138.56117248535156
135.89556884765625
133.33193969726562
130.86036682128906
128.46539306640625
126.13011932373047
123.87883758544922
121.74744415283203
119.7276382446289
117.8021469116211
115.95134735107422
114.1514892578125
112.37548065185547
110.63401794433594
