1499.994873046875
1500.0
1500.0
1500.0
1500.0
1500.0
1500.0
1500.0
1499.9993896484375
1500.0
1500.0
1500.0
1500.0
1499.9998779296875
1499.9998779296875
1499.9996337890625
1500.0
1500.0
1500.0
1500.0
1500.0
1500.0
1500.0
1500.0
1500.0
1500.0
1500.0
1500.0
1500.0
1500.0
1500.0
1500.0
99.9999771118164
100.0
100.0
100.0
100.0
100.0
1499.9998779296875
1500.0
1500.0
1500.0
1500.0
1500.0
1500.0
1500.0
1500.0
1500.0
1500.0
1500.0
1500.0
1500.0
1500.0
1500.0
1500.0
1500.0
1500.0
1500.0
1500.0
1500.0
1500.0
1500.0
1500.0
1500.0
1500.0
1500.0
1500.0
1450.8822021484375
1374.6171875
1309.7015380859375
1249.440673828125
1192.5611572265625
1139.0062255859375
1088.401611328125
1040.367431640625
994.955322265625
952.0509643554688
924.6138916015625
911.192626953125
872.843994140625
836.6190795898438
802.3186645507812
769.7125854492188
738.77099609375
709.46923828125
681.7349853515625
655.4495849609375
630.4750366210938
606.6939697265625
584.0319213867188
562.4362182617188
541.8582153320312
522.2426147460938
