1500.0
1301.0142822265625
1151.6822509765625
1069.0677490234375
1031.4356689453125
1007.7399291992188
990.780517578125
977.4743041992188
966.2490844726562
954.0973510742188
939.1845092773438
924.3865356445312
910.3400268554688
896.4630737304688
882.3504028320312
868.5564575195312
854.5802001953125
839.8072509765625
823.3847045898438
805.1138916015625
785.2131958007812
764.0990600585938
742.532958984375
721.0958862304688
700.3840942382812
679.4505004882812
658.701416015625
638.1361083984375
617.517822265625
596.8610229492188
576.1580810546875
555.4365844726562
100.0
100.0
100.0
100.0
100.0
100.0
537.4628295898438
501.2718811035156
473.0209655761719
450.7419128417969
432.2618103027344
415.3495178222656
398.71795654296875
381.9800109863281
365.1217041015625
348.3834533691406
331.89849853515625
315.718017578125
299.9751892089844
284.7703857421875
270.132080078125
256.1479797363281
242.77059936523438
230.03160095214844
217.90744018554688
206.3876953125
195.47634887695312
185.16908264160156
175.45472717285156
166.30709838867188
157.68301391601562
149.56101989746094
141.91836547851562
134.72824096679688
127.96228790283203
121.55883026123047
115.5644760131836
109.9544677734375
104.65353393554688
99.62039947509766
94.95925903320312
90.5802993774414
86.34552764892578
82.4393081665039
78.77500915527344
76.44036102294922
75.30164337158203
72.06488037109375
69.01909637451172
66.03337860107422
63.18368148803711
60.56337356567383
58.12198257446289
55.8058967590332
53.604576110839844
51.50707244873047
49.5189094543457
47.63725662231445
45.85373306274414
44.16185760498047
42.55573654174805
