1500.0
1500.0
1499.9998779296875
1500.0
1500.0
1500.0
1500.0
1500.0
1500.0
1500.0
1500.0
1500.0
1500.0
1500.0
1500.0
1500.0
1500.0
1500.0
1500.0
1500.0
1500.0
1500.0
1500.0
1500.0
1427.06005859375
1312.1513671875
1204.8006591796875
1105.7694091796875
1014.1248168945312
928.6704711914062
852.5927734375
782.2113647460938
100.0
100.00001525878906
100.0
100.0
99.99999237060547
100.0
982.97021484375
941.8147583007812
883.03564453125
809.4796752929688
733.6651000976562
663.3276977539062
599.0353393554688
540.8468627929688
488.6954650878906
442.7545166015625
402.7391662597656
367.4620056152344
338.3051452636719
314.73406982421875
295.22149658203125
278.9002990722656
264.8610534667969
252.60537719726562
241.70416259765625
231.95648193359375
223.13011169433594
215.10043334960938
207.777587890625
201.01718139648438
194.73538208007812
188.89059448242188
186.05618286132812
183.336669921875
178.30931091308594
173.67274475097656
169.43438720703125
165.5458984375
161.96253967285156
158.63885498046875
155.52688598632812
152.59320068359375
149.81158447265625
147.16241455078125
144.63055419921875
142.2026824951172
139.87351989746094
137.6544189453125
135.55650329589844
133.6206817626953
131.8689727783203
130.27969360351562
128.79739379882812
127.36823272705078
125.96051025390625
124.5523452758789
123.13267517089844
121.70062255859375
120.24732208251953
118.81896209716797
117.41035461425781
