1499.9993896484375
1500.0
1500.002197265625
1500.0
1500.0
1500.0
1500.0
1500.0
1500.0
1500.0
1500.0
1500.0
1500.0
1500.0
1500.0
1500.0
1500.0
1500.0
1500.0
1500.0
1500.0
1500.0
1500.0
1500.0
1500.0
1500.0
1500.0
1500.0
1500.0
1500.0
1500.0
1500.0
99.96646118164062
100.0
100.0
99.99994659423828
100.0
100.0
1500.0
1500.0
1500.0
1500.0
1500.0
1500.0
1500.0
1349.0614013671875
1227.4327392578125
1122.4815673828125
1027.545166015625
942.7496337890625
873.0760498046875
815.2342529296875
766.4349365234375
724.2909545898438
687.3912353515625
654.6722412109375
625.434814453125
599.047119140625
574.9287719726562
552.2145385742188
530.37255859375
509.39825439453125
489.2264404296875
470.54022216796875
454.7506408691406
440.3050537109375
426.646240234375
413.6297912597656
401.255859375
389.4177551269531
378.161865234375
367.9141845703125
363.4570007324219
359.20330810546875
351.1392822265625
343.1317138671875
335.4007263183594
328.1185302734375
321.3309326171875
314.7373962402344
308.1934814453125
301.5804138183594
295.0400085449219
288.5773620605469
282.121337890625
275.6081237792969
268.9642639160156
262.1213684082031
255.4312286376953
249.3950653076172
243.8166046142578
238.36874389648438
232.91229248046875
