1500.0
1500.0
1500.0
1500.0
1500.0
1500.0
1500.0
1500.0
1500.0
1500.0
1500.0
1454.2598876953125
1405.818359375
1368.196533203125
1328.96533203125
1290.676513671875
1254.5665283203125
1218.493408203125
1177.8310546875
1136.6746826171875
1095.715087890625
1053.3221435546875
1010.408935546875
964.101318359375
916.0850830078125
868.1376342773438
822.7586059570312
777.0687866210938
732.5234985351562
698.38818359375
673.2671508789062
650.8916015625
100.0
100.0
100.0
100.0
100.0
100.0
643.5432739257812
626.9085083007812
605.2396850585938
588.73779296875
572.104736328125
554.3575439453125
535.7217407226562
516.6453857421875
497.4606628417969
478.5184631347656
459.9681701660156
441.8805847167969
424.34747314453125
407.46527099609375
391.2900695800781
383.4826965332031
375.7822570800781
360.9429931640625
346.8932800292969
333.56878662109375
321.05059814453125
309.234375
298.1497497558594
287.8618469238281
278.3226623535156
273.73077392578125
269.2498779296875
260.761962890625
252.7544403076172
245.1577606201172
237.95040893554688
231.10903930664062
224.61605834960938
218.43927001953125
212.5618438720703
206.968505859375
201.63531494140625
196.5486602783203
191.6963348388672
187.0636444091797
182.63609313964844
178.39785766601562
174.33938598632812
170.45399475097656
166.734619140625
163.1713409423828
159.7543182373047
156.47528076171875
153.3234100341797
150.2849884033203
147.34832763671875
144.5352783203125
141.84022521972656
139.28565979003906
136.8685302734375
134.56546020507812
