1499.9998779296875
1500.0001220703125
1500.0
1500.0
1500.0
1500.0
1500.0
1500.0
1500.0
1499.9998779296875
1500.0
1500.0
1500.0
1500.0
1500.0
1500.0
1500.0
1500.0
1500.0
1500.0
1500.0
1478.8551025390625
1426.8282470703125
1376.4547119140625
1326.3193359375
1276.0328369140625
1225.5584716796875
1174.9002685546875
1125.38916015625
1076.7188720703125
1027.845703125
979.44970703125
100.0
100.0
100.0
100.0
100.0
100.0
1122.7091064453125
1014.0455932617188
930.23681640625
866.4060668945312
812.0997314453125
762.2454833984375
714.4415893554688
668.9989624023438
625.9376831054688
584.7249145507812
544.416259765625
505.6839599609375
469.1955871582031
434.8254089355469
403.8583984375
375.1130676269531
348.28094482421875
323.6872863769531
301.1911315917969
280.7126770019531
261.6471862792969
244.12142944335938
228.05569458007812
213.2865753173828
199.63818359375
187.04830932617188
175.42713928222656
164.77040100097656
155.11366271972656
146.39161682128906
138.50115966796875
131.32293701171875
124.77317810058594
118.7843246459961
115.94007873535156
113.20515441894531
108.12125396728516
103.4058609008789
99.00755310058594
94.90199279785156
91.06907653808594
87.49307250976562
84.15780639648438
81.05020904541016
78.15632629394531
75.46317291259766
72.95867156982422
70.62378692626953
68.44125366210938
66.40262603759766
64.4969253540039
62.71360397338867
61.04306411743164
59.47001266479492
57.993465423583984
