1499.9749755859375
1500.0
1500.0
1500.0
1500.0
1500.0
1500.0
1500.0
1500.0
1500.0
1500.0
1500.0
1500.0
1500.0
1500.0
1499.9998779296875
1500.0
1500.0
1500.0
1500.0
1500.0
1500.0
1500.0
1500.0
1500.0
1500.0
1500.0
1500.0
1500.0
1499.9996337890625
1500.0
1500.0
99.99988555908203
100.0
100.0
100.0
100.0
100.0
1500.0010986328125
1499.9998779296875
1500.0
1500.0
1500.0
1500.0
1499.999755859375
1500.0
1500.0
1500.0
1500.0
1500.0
1500.0
1500.0
1500.0
1440.84912109375
1359.132080078125
1292.9605712890625
1236.411865234375
1186.589111328125
1141.845947265625
1101.212646484375
1063.3297119140625
1024.62158203125
984.0809326171875
943.3590698242188
909.6632080078125
883.1494750976562
857.0924072265625
832.1439819335938
807.8284301757812
781.492431640625
754.5855102539062
738.2259521484375
721.8519287109375
704.7379150390625
687.6358032226562
671.0914306640625
653.9869384765625
639.2657470703125
627.1610107421875
616.3786010742188
606.3599853515625
596.8768310546875
587.9129028320312
579.429931640625
571.3087768554688
563.3757934570312
555.529296875
547.7400512695312
539.9574584960938
532.2180786132812
524.7473754882812
517.5291748046875
