1500.0
1500.0
1500.0
1500.0
1500.0001220703125
1500.0
1500.0
1500.0
1500.0
1500.0
1500.0
1500.0
1500.0
1500.0
1500.0
1500.0
1500.0
1500.0
1500.0
1500.0
1500.0
1500.0
1500.0
1500.0
1500.0
1500.0
1500.0
1500.0
1500.0
1500.0
1500.0
1500.0
1500.0
1490.3994140625
100.00006866455078
100.0
100.0
100.0
100.0
100.0
1500.0
1418.4205322265625
1265.1546630859375
1174.7740478515625
1112.16748046875
1061.259521484375
1015.6880493164062
972.5224609375
930.5203247070312
889.4163818359375
849.0347900390625
809.4392700195312
770.928466796875
733.5927124023438
697.39892578125
662.343505859375
628.5057983398438
595.9035034179688
564.62744140625
534.7540283203125
506.33404541015625
479.35382080078125
453.82342529296875
429.7139587402344
406.9512634277344
385.4756774902344
365.2190856933594
346.0666809082031
336.8438415527344
327.92327880859375
311.1004638671875
295.33856201171875
280.5600280761719
266.6799621582031
253.65737915039062
247.3857421875
241.3074493408203
229.83372497558594
219.05990600585938
208.9308319091797
199.2979278564453
190.28875732421875
181.82887268066406
173.85748291015625
166.28744506835938
159.09414672851562
152.37094116210938
146.01101684570312
139.98724365234375
134.26513671875
128.83657836914062
123.56212615966797
118.51934051513672
113.77685546875
109.4216537475586
105.24308013916016
