1500.0
1500.0
1500.0
1500.0
1500.0
1499.9996337890625
1500.0
1500.0
1500.0
1500.0
1500.0
1500.0
1500.0
1500.0
1500.0
1500.0
1500.0
1500.0
1500.0
1500.0
1500.0
1500.0
1500.0
1500.0
1500.0
1500.0
1500.0
1500.0
1500.0
1500.0
1500.0
1500.0
100.0
100.0
100.0
100.0
100.0
100.0
1500.0
1500.0
1500.0
1500.0
1500.0
1500.0
1500.0
1500.0
1500.0
1500.0
1500.0
1500.0
1500.0
1500.0
1500.0
1432.214599609375
1368.2222900390625
1308.25830078125
1250.928955078125
1196.0947265625
1143.8558349609375
1094.0767822265625
1046.362548828125
1000.1651000976562
955.7008666992188
912.5088500976562
867.674560546875
825.4982299804688
786.1226806640625
749.45361328125
715.7509765625
685.2229614257812
657.5277709960938
632.060302734375
608.591552734375
586.9614868164062
566.9302368164062
548.276611328125
530.88623046875
514.7188720703125
499.6597595214844
485.71392822265625
472.8310546875
460.9766540527344
450.1612243652344
440.45831298828125
431.7083740234375
423.6471862792969
416.0862121582031
408.8530578613281
401.5904235839844
394.57696533203125
387.9308166503906
381.69281005859375
375.6011962890625
369.2572937011719
363.4381408691406
