1500.0
1500.0
1500.0
1500.0
1500.0
1500.0
1500.0
1500.0
1500.0
1500.0
1500.0
1500.0
1500.0
1500.0
1500.0
1500.0
1500.0
1500.0
1500.0
1500.0
1500.0
1500.0
1500.0
1500.0
1500.0
1500.0
1500.0
1500.0
1500.0
1500.0
1500.0
1500.0
100.0
100.0
100.0
100.0
100.0
100.0
1499.9981689453125
1500.0
1500.0
1500.0
1500.0
1500.0
1500.0
1500.0
1500.0
1500.0
1500.0
1500.0
1500.0
1500.0
1446.1788330078125
1353.104248046875
1273.6572265625
1202.6964111328125
1138.7257080078125
1080.782470703125
1028.0059814453125
979.7926025390625
935.9722290039062
896.3572998046875
860.5719604492188
828.142822265625
798.6530151367188
771.7152099609375
746.9453125
724.0391845703125
702.7169189453125
682.742431640625
663.9414672851562
646.2171020507812
629.4766845703125
613.6401977539062
598.6060791015625
584.2844848632812
570.5172119140625
557.3331298828125
544.8705444335938
533.22705078125
522.226318359375
511.56256103515625
501.1290588378906
490.8798828125
480.95135498046875
471.39593505859375
462.0058288574219
452.9002685546875
444.0586853027344
435.48291015625
427.1744689941406
419.15899658203125
