1499.9998779296875
1500.0
1500.0
1500.0
1500.0
1500.0
1500.0
1500.0
1500.0
1500.0
1500.0
1500.0
1500.0
1500.0
1500.0
1500.0
1500.0
1500.0
1500.0
1500.0
1500.0
1500.0
1500.0
1500.0
1500.0
1500.0
1500.0
1500.0
1500.0
1500.0
1500.0
1500.0
100.0000228881836
100.0
100.0
100.0
100.0
100.0
1500.0001220703125
1500.0
1500.0
1500.0
1500.0
1500.0
1500.0
1500.0
1500.0
1400.722412109375
1297.3013916015625
1207.474609375
1126.9881591796875
1054.696044921875
989.5833129882812
931.00537109375
878.2031860351562
830.4229125976562
786.9590454101562
747.13037109375
710.7088623046875
677.3123779296875
646.8815307617188
619.247314453125
594.2850952148438
571.955810546875
551.861083984375
533.6044311523438
516.7857666015625
501.1590576171875
486.47479248046875
472.67877197265625
459.7192077636719
447.5222473144531
435.7824401855469
424.6306457519531
413.9093322753906
403.7039794921875
393.9730224609375
384.5840148925781
375.4254455566406
366.5215759277344
357.90887451171875
349.6080627441406
341.6439208984375
334.05072021484375
326.8994140625
320.1267395019531
313.3468933105469
306.8127136230469
300.502685546875
294.3758239746094
288.3942565917969
282.5122375488281
