1333.705078125
1061.6494140625
852.7589111328125
723.3228759765625
688.9640502929688
672.227783203125
656.3682250976562
640.388427734375
624.0336303710938
607.3034057617188
590.1668090820312
573.1925048828125
555.5692749023438
537.080810546875
517.44921875
496.8843078613281
476.0257263183594
455.0133361816406
432.303466796875
410.7727966308594
390.87164306640625
372.7573547363281
356.6611633300781
345.00445556640625
333.5397644042969
322.44287109375
311.6875915527344
301.2898864746094
295.3873291015625
289.7377014160156
283.9759521484375
279.10931396484375
100.0
100.0
100.0
100.0
100.0
100.0
323.243896484375
284.8336486816406
267.28680419921875
258.0660705566406
251.3561248779297
245.7996063232422
241.04237365722656
236.90065002441406
233.21356201171875
229.79222106933594
226.54270935058594
223.443115234375
220.29197692871094
217.01983642578125
213.72157287597656
210.34115600585938
206.8888702392578
203.3817901611328
199.7563934326172
196.02793884277344
192.24893188476562
188.40867614746094
184.51649475097656
180.64662170410156
178.16107177734375
176.9713897705078
173.13031005859375
169.50387573242188
165.87875366210938
162.2692413330078
158.66184997558594
155.05943298339844
151.5008087158203
148.00875854492188
144.560546875
141.14671325683594
137.7877960205078
134.4975128173828
131.31150817871094
128.3155059814453
125.41781616210938
122.59397888183594
119.85692596435547
117.22834014892578
114.68746185302734
112.23285675048828
109.86421203613281
107.5801010131836
105.3768539428711
103.25165557861328
101.20230865478516
99.250732421875
97.380615234375
95.58623504638672
93.85430908203125
