1500.0
1500.0
1500.0
1500.0
1500.0
1500.0
1500.0
1500.0
1500.0
1500.0
1500.0
1500.0
1500.0
1500.0
1500.0
1500.0
1500.0
1500.0
1500.0
1500.0
1500.0
1500.0
1500.0
1500.0
1500.0
1500.0
1500.0
1500.0
1500.0
1500.0
1500.0
1500.0
100.0
100.0
100.0
100.0
100.0
100.0
1500.0
1500.0
1500.0
1500.0
1500.0
1500.0
1500.0
1500.0
1500.0
1500.0
1500.0
1500.0
1496.8946533203125
1427.2152099609375
1361.020751953125
1297.1419677734375
1235.3150634765625
1175.611328125
1118.1630859375
1062.9915771484375
1010.0590209960938
959.313232421875
910.8051147460938
864.43994140625
820.2018432617188
778.1218872070312
738.0574951171875
699.81298828125
663.6260986328125
629.4373779296875
612.9490966796875
596.7597045898438
566.3692016601562
537.870361328125
511.0724792480469
485.8430480957031
462.154296875
439.9024963378906
418.2872314453125
397.6489562988281
379.3454284667969
361.9314880371094
345.35430908203125
329.70184326171875
315.1698913574219
301.5690002441406
288.72015380859375
276.636962890625
265.3442687988281
254.7081756591797
244.66256713867188
235.19100952148438
226.2353973388672
217.74835205078125
209.69482421875
202.04403686523438
194.77362060546875
