1100.415771484375
803.1019287109375
673.6370849609375
629.8975219726562
581.5916137695312
547.9437866210938
519.2669067382812
493.6107177734375
469.45263671875
446.7126159667969
425.8585510253906
406.044677734375
386.58837890625
367.3340148925781
348.21868896484375
331.44293212890625
315.68792724609375
302.3426208496094
292.0350646972656
281.6397705078125
270.982177734375
265.8982849121094
261.191162109375
253.5809326171875
246.29469299316406
241.0931396484375
235.81719970703125
230.35134887695312
225.16238403320312
220.59080505371094
215.54840087890625
210.29542541503906
205.9856719970703
201.99220275878906
100.0
100.0
100.0
100.0
100.0
100.0
239.70199584960938
199.2213134765625
188.8047637939453
186.59725952148438
184.83035278320312
181.96424865722656
175.84288024902344
170.22036743164062
167.93707275390625
166.48394775390625
165.00904846191406
162.62493896484375
160.46336364746094
156.4714813232422
152.806640625
149.39207458496094
146.0749969482422
142.77049255371094
139.42262268066406
136.0019989013672
132.50540161132812
128.96726989746094
125.4920654296875
122.07862854003906
118.77015686035156
115.53831481933594
112.3718490600586
109.29158782958984
106.32002258300781
103.47779846191406
100.79193878173828
98.24213409423828
95.82542419433594
93.52860260009766
91.34578704833984
89.25836944580078
87.2608413696289
85.35538482666016
83.53231811523438
81.78834533691406
80.12422943115234
78.52503967285156
77.00409698486328
75.54866027832031
74.15206909179688
72.82435607910156
71.5497817993164
70.3367919921875
69.18649291992188
68.09725952148438
67.05177307128906
66.04415130615234
65.07286071777344
64.13531494140625
63.227020263671875
62.345367431640625
61.48905944824219
60.65330505371094
59.838653564453125
59.04561996459961
