1500.0
1500.0
1500.0
1500.0
1500.0
1500.0
1500.0
1500.0
1500.0
1500.0
1500.0
1500.0
1500.0
1500.0
1500.0
1500.0
1500.0
1500.0
1500.0
1500.0
1500.0
1500.0
1500.0
1500.0
1500.0
1500.0
1500.0
1500.0
1500.0
1500.0
1500.0
1500.0
100.0
100.0
100.0
100.0
100.0
100.0
1500.0
1500.0
1500.0
1500.0
1500.0
1500.0
1500.0
1500.0
1500.0
1500.0
1500.0
1500.0
1500.0
1500.0
1500.0
1500.0
1500.0
1500.0
1500.0
1500.0
1500.0
1500.0
1500.0
1496.6923828125
1410.1121826171875
1339.315673828125
1275.967041015625
1217.3726806640625
1157.699462890625
1095.6275634765625
1035.2706298828125
974.0140380859375
921.9860229492188
877.5640258789062
835.1857299804688
791.3602294921875
747.5978393554688
706.0858154296875
673.0951538085938
643.818603515625
615.8721313476562
589.5965576171875
565.687255859375
543.9166259765625
523.3309326171875
503.1442565917969
484.59698486328125
472.6545104980469
462.5706787109375
452.0466003417969
439.828369140625
424.58099365234375
406.1816101074219
385.8206787109375
