1500.0
1326.7822265625
1026.424072265625
942.9900512695312
897.8897705078125
864.6356811523438
835.114990234375
809.2003173828125
784.7976684570312
761.5367431640625
738.699462890625
719.0699462890625
702.1576538085938
685.8616333007812
669.5796508789062
652.6790771484375
634.828857421875
615.83984375
596.6027221679688
578.7047729492188
564.2385864257812
551.6226196289062
538.5762329101562
524.9240112304688
510.3291320800781
493.7745361328125
475.5933837890625
456.99737548828125
439.82073974609375
421.7989807128906
403.72796630859375
386.9097595214844
100.0
100.0
100.0
100.0
100.0
100.0
527.23486328125
399.8791809082031
355.7742919921875
331.9880065917969
319.9899597167969
309.52392578125
300.17730712890625
291.4718017578125
283.1138610839844
274.93505859375
266.8712463378906
258.86083984375
250.84146118164062
242.8001251220703
234.7903594970703
226.829345703125
218.97157287597656
211.25747680664062
203.7599334716797
196.4983367919922
189.50250244140625
182.89234924316406
176.59329223632812
170.4793701171875
164.6122283935547
159.0227813720703
153.74229431152344
148.748046875
143.972412109375
139.38584899902344
134.95538330078125
130.6730499267578
126.555908203125
122.59831237792969
118.81376647949219
115.22117614746094
111.81771850585938
108.6109619140625
105.5971450805664
102.72151184082031
99.98190307617188
97.36915588378906
94.88024139404297
92.51190185546875
90.26235961914062
88.12528991699219
86.09236907958984
84.16112518310547
82.32450103759766
80.5778579711914
78.91876220703125
77.33989715576172
75.83032989501953
74.38768005371094
