1500.0
1500.0
1500.0
1500.0
1500.0
1500.0
1500.0
1500.0
1500.0
1500.0
1500.0
1500.0
1500.0
1500.0
1500.0
1500.0
1500.0
1500.0
1500.0
1500.0
1500.0
1500.0
1500.0
1500.0
1500.0
1500.0
1500.0
1500.0
1500.0
1500.0
1500.0
1500.0
100.0
100.0
100.0
100.0
100.0
100.0
1500.0
1500.0
1500.0
1500.0
1500.0
1500.0
1500.0
1500.0
1500.0
1500.0
1500.0
1500.0
1500.0
1500.0
1500.0
1500.0
1500.0
1500.0
1448.476318359375
1397.762451171875
1350.1259765625
1304.5015869140625
1260.448486328125
1217.8389892578125
1176.5631103515625
1136.63623046875
1098.07568359375
1060.9635009765625
1025.46728515625
991.6768798828125
959.5654296875
928.9863891601562
899.7835693359375
871.5618896484375
844.5247192382812
818.59716796875
793.6888427734375
769.7201538085938
746.603271484375
724.2880859375
702.8379516601562
682.50244140625
663.1749877929688
644.603271484375
626.6689453125
609.2827758789062
592.426025390625
576.1808471679688
560.6348876953125
545.8174438476562
531.7318115234375
518.3402099609375
505.59405517578125
493.4754943847656
