1500.0
1500.0
1500.0
1500.018310546875
1500.0
1500.0
1500.0
1500.0
1500.0
1500.0
1500.0
1500.0
1500.0
1500.0
1500.0
1500.0
1500.0
1500.0
1500.0
1500.0
1500.0
1500.0
1500.0
1500.0
1500.0
1500.0
1500.0
1500.0
1500.0
1500.0
1500.0
1500.0
100.0
100.0
100.0
100.0
100.0
100.0
1500.0
1500.0
1500.0
1500.0
1500.0
1500.0
1500.0
1456.1851806640625
1411.0126953125
1367.010986328125
1322.617431640625
1277.758544921875
1232.528564453125
1187.2318115234375
1142.1343994140625
1097.458251953125
1053.3658447265625
1010.0687255859375
967.9618530273438
927.354248046875
888.3585205078125
851.2891235351562
816.070068359375
782.652099609375
750.80615234375
720.4083251953125
691.3198852539062
663.4600219726562
636.7797241210938
611.17236328125
586.58203125
563.0296020507812
540.4851684570312
518.8709716796875
498.1285095214844
478.2159118652344
459.0925598144531
440.728515625
423.10906982421875
406.2080078125
390.0455017089844
374.58746337890625
359.8179626464844
345.73406982421875
332.2052917480469
319.2253112792969
307.03961181640625
295.431396484375
284.318603515625
273.6882019042969
263.54345703125
253.58851623535156
243.92538452148438
235.12686157226562
