2083.803955078125
2060.279052734375
2036.1151123046875
2018.623046875
2006.4248046875
2026.1107177734375
2041.1826171875
2032.6668701171875
2028.439453125
2031.611328125
2052.014892578125
2058.390625
2069.141357421875
2101.6728515625
2144.9716796875
2178.760498046875
2210.56005859375
2245.376220703125
2283.873291015625
2331.269775390625
2404.703369140625
2508.478515625
2635.256591796875
2779.33056640625
2933.830078125
3093.932861328125
3256.481689453125
3419.5703125
3583.201904296875
3750.92724609375
3922.973876953125
4099.751953125
169.4466552734375
168.31431579589844
174.1829376220703
179.83604431152344
183.99560546875
186.7076416015625
4083.463134765625
4349.38037109375
4479.94140625
4581.60595703125
4695.09375
4831.92236328125
4992.85400390625
5174.22314453125
5374.15283203125
5587.74072265625
5812.5732421875
6048.3330078125
6312.3037109375
6595.83203125
6893.52880859375
7211.4599609375
7551.6015625
7908.54248046875
8239.5390625
8575.3154296875
8896.4091796875
9199.8076171875
9490.255859375
9764.197265625
10010.962890625
10230.3037109375
10422.05859375
10588.1025390625
10729.12109375
10849.1298828125
10951.2705078125
11037.7158203125
11108.82421875
11164.4453125
11205.1708984375
11231.3798828125
11244.61328125
11245.9453125
11235.0263671875
11212.5634765625
11181.2861328125
11142.96484375
11103.0263671875
11051.17578125
10994.8876953125
10933.95703125
10867.5810546875
10795.8681640625
10716.40625
10630.1923828125
10536.4755859375
10435.8798828125
10331.76171875
10225.119140625
