2003.773193359375
2718.141845703125
3076.1474609375
2733.121826171875
2480.843017578125
2357.482421875
2301.70263671875
2278.515869140625
2271.37353515625
2266.62109375
2266.464111328125
2269.392578125
2272.264404296875
2270.5615234375
2267.240966796875
2271.41943359375
2280.84423828125
2292.82080078125
2303.826416015625
2316.073974609375
2329.380859375
2296.388427734375
2279.5615234375
2277.16357421875
2288.065185546875
2313.00244140625
2347.89208984375
2390.01953125
2436.240478515625
2485.1005859375
2536.832275390625
2590.74462890625
91.67279052734375
88.17029571533203
88.91183471679688
89.97293853759766
90.84114837646484
91.75936126708984
1925.4625244140625
2997.709716796875
2879.58056640625
2834.6953125
2848.60546875
2879.417236328125
2914.468505859375
2950.603759765625
2986.68359375
3026.00146484375
3058.59326171875
3086.942626953125
3113.095458984375
3132.928955078125
3146.759033203125
3170.826171875
3187.953857421875
3200.854736328125
3209.50634765625
3210.255615234375
3196.003173828125
3170.712890625
3140.577880859375
3106.68798828125
3064.046142578125
3013.710205078125
2957.04296875
2895.26220703125
2829.5087890625
2760.712646484375
2689.57763671875
2617.166015625
2544.22314453125
2470.70751953125
2396.633544921875
2322.65673828125
2249.64111328125
2177.966796875
2107.9189453125
2039.8162841796875
1974.2135009765625
1911.63916015625
1851.6163330078125
1792.50439453125
1733.6082763671875
1675.5328369140625
1618.785888671875
1563.276123046875
1508.419677734375
1454.342041015625
1401.575439453125
1350.73046875
1302.26904296875
1256.0811767578125
