2064.50830078125
2040.164306640625
2016.945068359375
1995.71240234375
2041.2498779296875
2057.298828125
2066.175048828125
2058.474609375
2069.927978515625
2098.568603515625
2125.969970703125
2162.260009765625
2205.072265625
2265.08837890625
2343.19921875
2439.63671875
2555.274169921875
2686.10400390625
2831.267822265625
2991.231689453125
3167.223388671875
3359.676025390625
3570.46044921875
3800.99755859375
4052.256103515625
4323.19921875
4614.16845703125
4927.0849609375
5259.4892578125
5608.1298828125
5977.73876953125
6364.7333984375
294.7717590332031
291.0439453125
302.9551696777344
316.5328369140625
329.8811950683594
342.7271423339844
7545.8251953125
8519.5576171875
9375.34375
10036.9736328125
10614.375
11136.169921875
11623.416015625
12100.107421875
12585.5322265625
13091.2822265625
13610.95703125
14154.1474609375
14725.2158203125
15318.51171875
15928.9541015625
16559.62890625
17212.12109375
17886.521484375
18583.28125
19297.00390625
20026.396484375
20767.7890625
21099.798828125
20814.701171875
20562.892578125
20311.740234375
20051.357421875
19778.78125
19492.080078125
19190.958984375
18875.951171875
18548.75390625
18210.529296875
17862.59765625
17507.455078125
17144.201171875
16775.755859375
16405.126953125
16035.8681640625
15666.4697265625
15291.046875
14910.5
14539.48828125
14172.2109375
13809.76171875
13453.087890625
13102.86328125
12760.3681640625
12421.8701171875
12090.0908203125
11766.3740234375
11452.2529296875
11149.103515625
10855.626953125
