2058.252197265625
2020.71826171875
2056.70458984375
2090.923095703125
2093.8173828125
2110.20458984375
2161.259521484375
2167.5068359375
2165.060791015625
2176.09619140625
2173.31640625
2172.70849609375
2173.510009765625
2182.65576171875
2192.842041015625
2205.268798828125
2224.109619140625
2247.90966796875
2271.864501953125
2298.782470703125
2328.46630859375
2357.89892578125
2389.070068359375
2424.816650390625
2467.25341796875
2516.641845703125
2580.054931640625
2665.6240234375
2774.034912109375
2902.855712890625
3027.031982421875
3130.06884765625
123.14637756347656
116.10823822021484
116.32579803466797
116.67364501953125
117.03915405273438
117.3184814453125
1716.677978515625
2233.408935546875
2683.257568359375
3034.645751953125
3305.46875
3537.7373046875
3745.45556640625
3937.173828125
4104.39111328125
4267.71240234375
4427.494140625
4579.318359375
4733.51123046875
4904.5029296875
5088.666015625
5262.83935546875
5452.49853515625
5692.81787109375
5969.61474609375
6325.24755859375
6641.45458984375
6622.974609375
6237.5390625
5946.1826171875
5695.2958984375
5462.1640625
5244.01953125
5031.18603515625
4809.3544921875
4567.65234375
4328.59521484375
4098.7021484375
3896.598876953125
3677.01513671875
3429.126708984375
3149.15771484375
2895.62451171875
2748.009765625
2633.99365234375
2520.218505859375
2400.960693359375
2313.915283203125
2204.6689453125
2113.72998046875
2049.58056640625
2008.9991455078125
1984.792724609375
1963.180419921875
1939.9664306640625
1913.9951171875
1886.060546875
1856.6944580078125
1826.2703857421875
1795.4056396484375
