2065.54736328125
2024.98974609375
1985.8389892578125
2110.656982421875
2083.611572265625
2061.908203125
2048.17041015625
2043.040283203125
2038.250244140625
2032.6357421875
2042.23193359375
2052.95654296875
2061.8203125
2077.2216796875
2078.50732421875
2080.06005859375
2097.78271484375
2122.268798828125
2143.4990234375
2161.0341796875
2177.730712890625
2195.8828125
2214.1552734375
2234.865966796875
2264.862548828125
2306.7529296875
2358.679931640625
2427.651611328125
2509.6328125
2600.608154296875
2698.283203125
2806.019775390625
120.29605865478516
121.50083923339844
121.70553588867188
121.86177825927734
121.99539947509766
122.12703704833984
2034.171875
2565.017578125
2798.813232421875
3024.071533203125
3268.0224609375
3521.85791015625
3776.999755859375
4029.235107421875
4279.400390625
4534.44091796875
4797.626953125
5057.2587890625
5309.5615234375
5448.26416015625
5346.66357421875
5253.03466796875
5161.53125
5068.0693359375
4972.611328125
4874.39697265625
4774.29541015625
4671.66015625
4566.4287109375
4460.76416015625
4355.416015625
4253.75439453125
4168.07470703125
4080.7275390625
3979.905517578125
3872.26953125
3763.931640625
3657.29541015625
3557.45068359375
3454.2392578125
3351.0322265625
3252.80029296875
3158.7666015625
3067.421875
2976.30078125
2879.875
2778.635498046875
2676.418212890625
2576.974853515625
2481.18896484375
2387.93212890625
2295.3544921875
2205.731689453125
2118.233154296875
2031.2286376953125
1947.5809326171875
1869.911376953125
1795.1878662109375
1718.9256591796875
1641.3868408203125
