2058.77392578125
2026.416259765625
1999.88818359375
2058.283935546875
2081.305419921875
2065.068115234375
2052.88427734375
2043.0640869140625
2035.5574951171875
2038.017822265625
2047.2510986328125
2085.715576171875
2103.373046875
2108.713134765625
2112.158203125
2136.99755859375
2168.8115234375
2207.38720703125
2261.054443359375
2344.486083984375
2449.473876953125
2570.972900390625
2706.5595703125
2855.9921875
3019.393310546875
3197.5556640625
3389.844482421875
3593.935546875
3811.45068359375
4042.6455078125
4292.70751953125
4560.96826171875
156.3533477783203
168.49169921875
190.89523315429688
209.69590759277344
224.2405548095703
235.63723754882812
5604.75
6054.072265625
6309.81689453125
6538.759765625
6800.087890625
7095.9609375
7423.724609375
7788.349609375
8203.775390625
8640.8447265625
9090.0703125
9562.59765625
10072.0078125
10630.33984375
11229.66015625
11866.68359375
12515.4375
13166.3876953125
13835.1728515625
14517.0732421875
15201.3212890625
15884.7255859375
16019.98046875
15986.7998046875
15947.62109375
15889.2109375
15810.1904296875
15713.07421875
15596.9619140625
15464.0888671875
15316.078125
15153.74609375
14978.23046875
14791.78125
14593.84765625
14386.2685546875
14170.2666015625
13945.96875
13714.529296875
13477.8408203125
13237.275390625
12994.076171875
12746.193359375
12496.3662109375
12245.5048828125
11991.7275390625
11728.5830078125
11477.427734375
11231.9228515625
10988.890625
10748.9765625
10510.17578125
10273.5849609375
10042.3505859375
