2085.0
2068.933837890625
2041.1187744140625
2018.2200927734375
2002.299072265625
1992.1739501953125
2032.3271484375
2052.681640625
2054.5888671875
2048.915283203125
2066.088134765625
2089.520263671875
2107.71435546875
2128.75341796875
2154.06103515625
2178.611083984375
2201.46484375
2231.56005859375
2262.361083984375
2291.57177734375
2321.208984375
2352.973388671875
2387.170654296875
2424.07470703125
2466.530517578125
2526.43701171875
2603.75830078125
2693.812255859375
2792.19189453125
2895.951416015625
3002.896240234375
3111.67578125
122.91506958007812
123.2989501953125
124.1238784790039
124.68569946289062
125.11507415771484
125.463134765625
2311.712158203125
2764.515380859375
3020.6611328125
3207.34619140625
3364.38037109375
3509.088134765625
3648.102294921875
3782.573486328125
3914.638671875
4044.438232421875
4171.69921875
4295.044921875
4414.294921875
4531.3818359375
4645.9521484375
4758.591796875
4871.1904296875
4984.1103515625
5103.4833984375
5241.34326171875
5406.56982421875
5565.30810546875
5727.484375
5886.7490234375
6041.51611328125
6184.0625
6319.0068359375
6439.1123046875
6548.697265625
6653.16455078125
6755.2685546875
6848.52294921875
6935.44287109375
7021.45947265625
7095.69287109375
7182.310546875
7267.779296875
7304.744140625
7300.31640625
7351.71875
7467.03759765625
7616.67919921875
7742.97216796875
7700.5966796875
7622.63330078125
7556.0986328125
7518.34814453125
7456.69775390625
7136.65966796875
6856.37109375
6595.57470703125
6346.34765625
6098.64697265625
5849.90625
