2019.14599609375
2402.738037109375
2278.943359375
2279.67626953125
2235.140625
2175.308349609375
2131.59228515625
2105.481201171875
2092.092529296875
2107.441650390625
2124.439697265625
2160.35888671875
2200.24609375
2227.057373046875
2244.233642578125
2267.811279296875
2302.182861328125
2344.431396484375
2389.25
2435.560791015625
2481.999267578125
2529.18603515625
2582.05224609375
2647.166015625
2729.78515625
2830.77734375
2948.66943359375
3080.7890625
3224.498046875
3378.073486328125
3540.648681640625
3712.7021484375
103.7263412475586
104.52120208740234
107.22673034667969
108.7697525024414
109.96659851074219
111.01177215576172
2729.603271484375
3838.2783203125
4182.1201171875
4087.482666015625
4057.48486328125
4066.760009765625
4099.22802734375
4149.08935546875
4206.0732421875
4276.05322265625
4343.38232421875
4401.21337890625
4452.44482421875
4500.29833984375
4545.17431640625
4590.15234375
4623.56689453125
4649.89990234375
4671.5498046875
4689.64697265625
4690.24072265625
4677.337890625
4652.61376953125
4616.2880859375
4563.95947265625
4497.74072265625
4419.8408203125
4332.56591796875
4237.8671875
4137.580078125
4033.02685546875
3924.864013671875
3814.448486328125
3702.530517578125
3589.651123046875
3475.902099609375
3361.716552734375
3247.59814453125
3134.39453125
3022.677734375
2912.7734375
2804.030517578125
2698.361328125
2596.765380859375
2498.8359375
2404.109375
2312.12060546875
2222.777587890625
2135.753662109375
2050.77783203125
1968.088623046875
1888.6551513671875
1812.728515625
1740.134765625
