2085.0009765625
2067.445068359375
2036.4898681640625
2009.8072509765625
2034.2412109375
2035.5328369140625
2056.603759765625
2075.04052734375
2069.879638671875
2071.14697265625
2081.0712890625
2106.28759765625
2148.510498046875
2165.8857421875
2153.89013671875
2146.3271484375
2148.654052734375
2166.001220703125
2188.216064453125
2205.419189453125
2225.011474609375
2238.707275390625
2261.001220703125
2280.6025390625
2306.564453125
2342.06005859375
2395.368896484375
2461.009033203125
2558.431396484375
2703.684326171875
2847.771728515625
2901.219482421875
100.76653289794922
95.85721588134766
96.78800964355469
97.00865936279297
97.34385681152344
97.73169708251953
1547.8233642578125
1602.893798828125
1593.5289306640625
3075.63134765625
4296.716796875
4178.3193359375
3880.440185546875
3737.219970703125
3747.734130859375
3837.840087890625
3952.70361328125
4083.14599609375
4243.5390625
4290.55126953125
4162.35009765625
4105.806640625
4093.197021484375
4103.009765625
4130.0478515625
4172.5498046875
4229.14794921875
4297.076171875
4371.21044921875
4446.048828125
4515.38525390625
4576.4462890625
4627.3671875
4666.38525390625
4699.3701171875
4731.09521484375
4765.80810546875
4803.955078125
4840.857421875
4872.626953125
4896.513671875
4910.71875
4913.771484375
4905.51708984375
4886.3818359375
4856.81689453125
4818.7607421875
4773.5947265625
4721.244140625
4663.29931640625
4601.4677734375
4536.35986328125
4468.59375
4398.0009765625
4325.61962890625
4252.4052734375
4178.884765625
4105.1162109375
4031.4404296875
3957.837646484375
