2007.049560546875
2740.420654296875
3109.301025390625
2714.8916015625
2476.22705078125
2365.55615234375
2309.074462890625
2278.48876953125
2263.31640625
2253.669921875
2250.621826171875
2253.936279296875
2259.105224609375
2262.293212890625
2259.05224609375
2259.64404296875
2266.804931640625
2277.537109375
2289.127685546875
2299.314453125
2311.5771484375
2318.805419921875
2287.48046875
2273.294921875
2271.546875
2281.138916015625
2304.066162109375
2336.47509765625
2375.7587890625
2419.37744140625
2465.66455078125
2514.619384765625
92.14321899414062
86.66651153564453
87.84967041015625
88.50715637207031
89.27131652832031
90.0157470703125
1687.3226318359375
2889.363037109375
2798.465087890625
2765.692138671875
2790.3115234375
2828.61669921875
2869.47216796875
2910.20703125
2949.887939453125
2987.551513671875
3028.0341796875
3063.218994140625
3093.220947265625
3119.142578125
3143.55419921875
3161.64892578125
3176.6826171875
3204.047119140625
3220.44189453125
3233.26806640625
3244.240478515625
3246.677001953125
3234.03076171875
3209.706298828125
3183.42626953125
3152.252197265625
3112.58203125
3066.071533203125
3013.772705078125
2956.06103515625
2893.9306640625
2828.020751953125
2759.42919921875
2689.1083984375
2617.9931640625
2546.710693359375
2475.5322265625
2404.470703125
2334.037353515625
2264.24169921875
2195.107177734375
2127.223876953125
2061.14404296875
1997.1962890625
1936.4927978515625
1878.760986328125
1822.9168701171875
1768.0465087890625
1713.7926025390625
1659.7822265625
1606.152587890625
1553.4632568359375
1501.5296630859375
1449.9263916015625
