2039.66552734375
1857.00048828125
1419.323486328125
1350.385009765625
1281.896728515625
1231.988037109375
1195.251708984375
1164.99560546875
1138.405517578125
1110.819091796875
1088.20166015625
1067.739013671875
1045.4342041015625
1028.425537109375
1012.7708740234375
995.134765625
976.3914184570312
957.4835815429688
938.4848022460938
919.3661499023438
900.1119384765625
884.0790405273438
871.1043701171875
861.6373291015625
853.2699584960938
843.0128173828125
833.7279663085938
825.0712280273438
817.1278076171875
809.0527954101562
802.1184692382812
794.697021484375
117.918212890625
118.31494140625
118.72673797607422
119.29933166503906
119.88208770751953
120.48490142822266
841.8673095703125
774.5221557617188
778.1722412109375
780.1445922851562
771.9027099609375
758.6004028320312
761.3092651367188
765.5232543945312
769.2243041992188
776.5844116210938
791.08984375
812.2619018554688
837.46875
862.7761840820312
885.9993286132812
908.5598754882812
930.5280151367188
952.863037109375
975.55810546875
999.50341796875
1024.7266845703125
1050.0135498046875
1074.4964599609375
1097.656982421875
1118.7442626953125
1137.0411376953125
1152.8636474609375
1166.7021484375
1179.01416015625
1189.814697265625
1198.9134521484375
1205.963134765625
1210.7520751953125
1214.3885498046875
1215.7420654296875
1215.2388916015625
1213.761474609375
1211.551513671875
1208.7076416015625
1205.333984375
1201.281005859375
1196.1846923828125
1189.6778564453125
1181.642333984375
1172.1246337890625
1161.209228515625
1148.9373779296875
1135.47021484375
1121.0159912109375
1105.763671875
1089.8128662109375
1073.565185546875
1057.3065185546875
1040.7630615234375
