2053.149658203125
2007.1363525390625
2123.213623046875
2263.97607421875
2195.1591796875
2157.11474609375
2182.864990234375
2213.8134765625
2243.534423828125
2270.516845703125
2302.443115234375
2345.25830078125
2396.865234375
2455.420166015625
2521.9580078125
2600.5283203125
2699.069580078125
2819.89111328125
2961.697998046875
3122.927734375
3301.332763671875
3496.25244140625
3707.018310546875
3933.1337890625
4174.91259765625
4431.9716796875
4696.82666015625
4971.01513671875
5252.6630859375
5537.69482421875
5828.9375
6129.78955078125
173.18211364746094
149.14859008789062
147.54196166992188
150.25360107421875
160.4957275390625
185.98196411132812
6657.9140625
7824.95263671875
8259.9423828125
8489.1962890625
8709.98828125
8955.720703125
9220.82421875
9490.9580078125
9641.5341796875
9584.5830078125
9587.2841796875
9621.23046875
9663.7783203125
9707.6416015625
9748.8017578125
9783.220703125
9805.8955078125
9812.05859375
9799.0693359375
9765.5859375
9713.2939453125
9649.1650390625
9575.4462890625
9492.125
9398.94921875
9295.2734375
9182.3974609375
9061.1083984375
8932.330078125
8796.5224609375
8654.890625
8508.3125
8357.5107421875
8202.7099609375
8045.7822265625
7887.123046875
7727.04150390625
7565.47998046875
7402.71044921875
7239.263671875
7076.54638671875
6914.212890625
6751.83935546875
6590.861328125
6432.09033203125
6273.953125
6116.75732421875
5964.609375
5816.11865234375
5670.40380859375
5527.4130859375
5388.09912109375
5253.16748046875
5121.7880859375
