2014.8663330078125
2586.796630859375
2801.06005859375
2788.420654296875
2717.552001953125
2637.0341796875
2555.84375
2494.579345703125
2454.571533203125
2429.837890625
2420.0693359375
2413.35498046875
2412.878662109375
2422.04638671875
2430.835205078125
2438.32373046875
2445.492431640625
2453.18505859375
2464.45654296875
2476.531982421875
2489.16064453125
2506.218994140625
2479.33251953125
2447.6064453125
2424.33447265625
2410.067626953125
2406.649169921875
2414.619384765625
2433.211181640625
2459.9072265625
2491.958740234375
2527.19775390625
97.19062805175781
94.18163299560547
90.71188354492188
91.15514373779297
91.91413879394531
92.30685424804688
1439.90478515625
2271.326171875
2671.94091796875
2757.206787109375
2776.8388671875
2810.6455078125
2841.954345703125
2868.29052734375
2890.490234375
2909.07861328125
2924.128173828125
2935.962890625
2944.53173828125
2949.099365234375
2955.1640625
2956.3583984375
2954.825439453125
2955.892578125
2952.443115234375
2944.723876953125
2937.39794921875
2929.781982421875
2919.61376953125
2905.73828125
2892.135498046875
2874.2744140625
2862.118896484375
2842.051025390625
2812.474853515625
2777.028076171875
2737.899169921875
2693.04541015625
2640.768310546875
2585.493896484375
2528.35400390625
2469.80859375
2410.17919921875
2350.762451171875
2291.0927734375
2231.091796875
2171.01513671875
2111.2255859375
2051.88916015625
1993.103271484375
1934.7099609375
1877.4127197265625
1822.1939697265625
1769.8026123046875
1720.27197265625
1673.2357177734375
1628.42431640625
1585.667724609375
1544.742431640625
1504.7822265625
