2068.526611328125
2033.4669189453125
1996.06396484375
2065.08349609375
2082.443359375
2080.5224609375
2086.6630859375
2106.98046875
2141.21826171875
2165.258544921875
2182.7265625
2201.266845703125
2206.465087890625
2208.040283203125
2212.359130859375
2221.361572265625
2231.587646484375
2242.113525390625
2252.95263671875
2266.636962890625
2281.97021484375
2303.59619140625
2332.28173828125
2366.42919921875
2418.06494140625
2481.83154296875
2551.788330078125
2627.4462890625
2709.322021484375
2792.133056640625
2872.98779296875
2952.281982421875
118.08187103271484
120.84529113769531
121.7861099243164
122.11125183105469
122.36189270019531
122.55467224121094
2064.5419921875
2635.736328125
2897.04296875
3078.956787109375
3228.748046875
3360.25537109375
3476.098388671875
3576.872314453125
3666.140869140625
3746.9228515625
3823.660400390625
3899.282958984375
3978.718017578125
4065.810302734375
4153.81689453125
4241.970703125
4328.818359375
4411.87744140625
4501.8388671875
4589.6318359375
4687.3642578125
4781.54443359375
4872.19580078125
4965.37255859375
5038.35302734375
5150.4296875
5340.1240234375
5610.34423828125
5799.587890625
5771.64892578125
5760.53857421875
5845.515625
5990.2509765625
6186.2705078125
6125.7900390625
5920.3056640625
5629.20556640625
5391.21240234375
5161.3505859375
4924.72607421875
4671.1494140625
4431.43017578125
4200.96875
3965.62890625
3723.17578125
3469.0634765625
3196.096923828125
3049.658935546875
2925.26025390625
2849.6494140625
2772.716552734375
2699.90478515625
2633.991943359375
2571.793701171875
