2068.90869140625
2035.703125
2003.81494140625
2026.75341796875
2082.115966796875
2063.366943359375
2047.2774658203125
2090.040771484375
2129.65478515625
2170.43701171875
2205.957763671875
2243.926513671875
2289.90283203125
2350.392822265625
2420.793701171875
2513.927734375
2633.73486328125
2776.9951171875
2941.859619140625
3126.87451171875
3328.19580078125
3541.00341796875
3762.419677734375
3993.950927734375
4231.79150390625
4476.2529296875
4726.427734375
4983.04052734375
5248.16259765625
5519.7099609375
5798.421875
6091.0234375
245.74624633789062
237.07530212402344
249.47616577148438
266.575439453125
284.4943542480469
301.8663330078125
6584.7568359375
6597.6904296875
6565.0087890625
6630.36474609375
6787.9931640625
7008.7626953125
7134.37841796875
7280.734375
7646.04345703125
7998.77880859375
8362.931640625
8738.388671875
8578.2685546875
8439.490234375
8304.951171875
8171.59375
8028.0126953125
7870.63232421875
7701.31201171875
7524.41796875
7340.4267578125
7147.97314453125
6949.4580078125
6745.81201171875
6537.23095703125
6325.07568359375
6112.13330078125
5900.06396484375
5691.78759765625
5491.95068359375
5300.97509765625
5117.75439453125
4941.27880859375
4770.587890625
4602.166015625
4439.02197265625
4279.904296875
4125.14501953125
3974.7705078125
3828.64306640625
3687.2275390625
3550.796875
3419.296630859375
3292.3486328125
3169.78076171875
3051.283447265625
2936.781982421875
2826.3388671875
2719.7109375
2616.82275390625
2517.6416015625
2422.080078125
2330.057861328125
2241.71484375
2156.463623046875
