2074.930419921875
2041.5863037109375
2005.065185546875
2004.172607421875
2055.0107421875
2056.05517578125
2091.738525390625
2106.212646484375
2118.9765625
2125.861083984375
2141.882080078125
2178.6875
2212.8447265625
2234.402099609375
2256.4306640625
2281.4990234375
2306.652587890625
2333.4052734375
2369.902099609375
2423.382080078125
2494.82666015625
2583.120849609375
2686.740478515625
2805.318359375
2939.423828125
3085.47119140625
3246.265869140625
3428.755615234375
3634.095947265625
3854.96923828125
4086.947509765625
4325.52099609375
142.84848022460938
129.5121307373047
131.42739868164062
135.9437255859375
140.57748413085938
144.2659454345703
3852.248291015625
4147.4404296875
4262.4892578125
4349.892578125
4486.73779296875
4713.599609375
5014.9521484375
5355.5341796875
5701.41357421875
6066.5341796875
6485.7001953125
6937.52392578125
7350.68212890625
7712.30126953125
8035.9921875
8291.984375
8505.10546875
8674.732421875
8810.6826171875
8908.5458984375
8957.8525390625
9012.5048828125
9044.2138671875
9091.2705078125
9167.3896484375
9225.4384765625
9269.3779296875
9285.884765625
9293.7880859375
9323.529296875
9371.880859375
8933.216796875
8442.26953125
8000.0556640625
7603.7939453125
7241.3994140625
6906.4169921875
6608.7509765625
6338.28076171875
6084.2568359375
5836.8828125
5594.97802734375
5361.73291015625
5139.5126953125
4930.5517578125
4742.49462890625
4566.93359375
4399.8427734375
4239.67919921875
4087.34716796875
3942.387451171875
3808.440185546875
3682.6376953125
3567.357421875
3457.335205078125
