2085.0
2061.405029296875
2019.9652099609375
1987.6507568359375
2082.76513671875
2104.379638671875
2091.070556640625
2091.0244140625
2094.720458984375
2110.3095703125
2100.946044921875
2019.7947998046875
1945.4869384765625
1905.011474609375
1877.642333984375
1848.6182861328125
1818.2032470703125
1795.1102294921875
1779.9349365234375
1773.146484375
1767.2115478515625
1765.990966796875
1764.385986328125
1766.2191162109375
1775.6416015625
1799.1781005859375
1837.4173583984375
1876.797119140625
1913.2501220703125
1945.2054443359375
2008.231201171875
2089.8486328125
112.12024688720703
115.75582885742188
117.23199462890625
117.93673706054688
118.30791473388672
119.59406280517578
2065.945556640625
2403.795166015625
2359.665283203125
2346.10009765625
2362.7158203125
2395.71826171875
2436.260009765625
2478.3583984375
2517.422607421875
2551.727294921875
2580.284912109375
2601.995361328125
2616.3359375
2623.407958984375
2623.45654296875
2616.58056640625
2603.475830078125
2583.988037109375
2559.1611328125
2530.607177734375
2497.72705078125
2461.187255859375
2421.630126953125
2379.91357421875
2336.730712890625
2292.53125
2247.7998046875
2202.93408203125
2158.1904296875
2113.830810546875
2070.046630859375
2027.2965087890625
1985.60888671875
1944.8082275390625
1904.9637451171875
1866.0916748046875
1828.2449951171875
1791.376708984375
1755.456298828125
1720.4393310546875
1686.4405517578125
1653.349853515625
1621.0458984375
1589.401611328125
1558.4593505859375
1528.182373046875
1498.531005859375
1469.54443359375
1441.23046875
1413.548583984375
1386.4873046875
1360.0618896484375
1334.2611083984375
1309.0826416015625
