1723.75
1303.9287109375
1044.78955078125
925.2459106445312
894.106201171875
856.4286499023438
821.0184936523438
791.511474609375
762.3561401367188
733.666259765625
705.83984375
678.5625610351562
651.88818359375
628.3159790039062
610.1725463867188
589.8861694335938
567.9124145507812
546.9343872070312
528.4722900390625
510.3688659667969
496.0687561035156
476.6541442871094
456.00762939453125
435.7448425292969
416.2469177246094
399.6513977050781
392.39166259765625
388.7137756347656
385.1426086425781
381.4441833496094
377.4518127441406
373.2212219238281
121.21929931640625
123.7636489868164
124.22187805175781
124.71237182617188
125.14539337158203
125.50971221923828
327.0013732910156
401.1537170410156
368.7972106933594
363.2929992675781
379.9095764160156
388.8083801269531
389.731201171875
386.5057067871094
375.077880859375
366.2063293457031
365.7436828613281
373.83111572265625
388.3921203613281
408.0887756347656
430.2969055175781
458.3528137207031
491.82269287109375
525.1347045898438
557.650634765625
588.9706420898438
618.3280029296875
645.1967163085938
669.9344482421875
692.9603881835938
714.7230224609375
734.6767578125
752.6975708007812
768.2369995117188
780.812744140625
790.1805419921875
796.2794799804688
799.3428344726562
799.5986938476562
797.3213500976562
792.959228515625
786.861083984375
779.2974243164062
770.5929565429688
760.7412109375
750.1121826171875
739.1630859375
727.77587890625
716.0352172851562
704.046630859375
691.8843383789062
679.6117553710938
667.2474975585938
654.822509765625
642.400634765625
630.1075439453125
618.0017700195312
606.0829467773438
594.3997192382812
582.9935913085938
571.9182739257812
