2042.9705810546875
1998.125732421875
2105.14306640625
2072.55322265625
2080.138427734375
2089.949462890625
2091.92724609375
2114.64208984375
2122.3740234375
2120.486083984375
2133.3359375
2148.262451171875
2165.608642578125
2184.407470703125
2208.684326171875
2239.478759765625
2268.012939453125
2293.5283203125
2321.57421875
2352.524658203125
2394.0244140625
2450.881103515625
2528.40087890625
2628.604248046875
2741.11279296875
2873.41943359375
3022.560791015625
3177.025634765625
3331.075927734375
3490.4599609375
3657.371337890625
3833.63232421875
146.453369140625
125.04989624023438
122.6587142944336
121.18437957763672
119.84112548828125
119.49655151367188
2955.77490234375
3554.1904296875
3822.7373046875
4102.23193359375
4359.46142578125
4647.94384765625
4975.13916015625
5344.87109375
5726.9931640625
6060.6435546875
6358.73046875
6622.9638671875
6501.7919921875
6170.18212890625
5890.66357421875
5651.5546875
5457.0185546875
5280.8154296875
5090.0634765625
4888.10498046875
4684.755859375
4469.28466796875
4256.3505859375
4040.769287109375
3849.036376953125
3671.085693359375
3508.033935546875
3353.388916015625
3202.11962890625
3058.184326171875
2920.485595703125
2786.612060546875
2657.890380859375
2539.677734375
2426.02001953125
2316.757080078125
2209.530029296875
2102.28515625
1999.498291015625
1902.8577880859375
1814.652587890625
1734.3079833984375
1652.316650390625
1568.7489013671875
1481.9332275390625
1403.84814453125
1319.695556640625
1229.6514892578125
1149.4912109375
1086.3326416015625
1041.3304443359375
1000.0616455078125
957.257568359375
921.693115234375
884.2752685546875
