2084.998291015625
2060.9013671875
2026.2113037109375
2007.846435546875
2039.19384765625
2056.00927734375
2075.802001953125
2069.936767578125
2086.774658203125
2114.166015625
2150.673095703125
2155.3896484375
2149.142822265625
2148.665283203125
2170.392822265625
2196.20556640625
2220.99365234375
2245.6962890625
2270.67236328125
2292.260986328125
2325.5576171875
2369.838134765625
2445.713623046875
2564.9716796875
2705.195556640625
2829.86279296875
2838.1396484375
2834.830810546875
2869.934814453125
2932.41162109375
3010.01025390625
3084.3642578125
85.74034118652344
81.9547119140625
83.06503295898438
83.40705871582031
83.8100357055664
84.3018798828125
1373.9000244140625
1458.0631103515625
1821.5125732421875
4770.37158203125
5284.55859375
5027.7197265625
4562.5029296875
4349.767578125
4244.59521484375
4189.04150390625
4164.78466796875
4165.2578125
4190.935546875
4235.9326171875
4291.02880859375
4347.9833984375
4397.04248046875
4432.57666015625
4457.4609375
4475.80810546875
4493.66455078125
4517.685546875
4546.72314453125
4573.68505859375
4594.24951171875
4604.31884765625
4603.55224609375
4590.53125
4565.39990234375
4529.9326171875
4483.63818359375
4427.89013671875
4365.1015625
4296.7177734375
4223.86767578125
4147.2333984375
4068.073974609375
3987.369140625
3906.372802734375
3823.202880859375
3739.83984375
3656.815185546875
3573.99853515625
3491.599853515625
3409.939453125
3329.530517578125
3250.35791015625
3172.58642578125
3096.381103515625
3021.88623046875
2949.403564453125
2879.890869140625
2814.337890625
2753.3603515625
