2043.3653564453125
1923.4075927734375
1420.2528076171875
1328.56103515625
1246.22265625
1186.5054931640625
1140.2728271484375
1122.011474609375
1097.38671875
1076.77001953125
1054.065673828125
1034.2117919921875
1015.191162109375
994.1807861328125
972.96435546875
956.1888427734375
941.6083374023438
926.140380859375
909.0363159179688
892.0499877929688
877.6244506835938
869.428466796875
861.0000610351562
854.2014770507812
849.430419921875
845.9554443359375
843.0276489257812
843.1351318359375
843.8270263671875
844.8479614257812
846.7803344726562
849.6240844726562
115.55351257324219
118.03761291503906
119.4276351928711
120.3244400024414
120.8984603881836
121.27497100830078
744.900390625
868.3887939453125
961.2083740234375
1003.5133666992188
1023.7661743164062
1038.588134765625
1049.4345703125
1059.600341796875
1070.43310546875
1082.0880126953125
1095.563232421875
1109.46728515625
1123.24658203125
1136.5574951171875
1149.4613037109375
1160.65966796875
1169.67578125
1176.2376708984375
1180.65087890625
1183.3995361328125
1184.55908203125
1183.921875
1182.3382568359375
1180.0421142578125
1177.1309814453125
1173.25927734375
1167.9434814453125
1160.9295654296875
1152.2943115234375
1142.3240966796875
1131.91357421875
1121.1650390625
1109.161865234375
1095.86767578125
1081.4010009765625
1065.9010009765625
1049.6610107421875
1032.997314453125
1016.1704711914062
999.7767333984375
983.9331665039062
968.1793823242188
952.4326171875
936.6619262695312
920.9213256835938
905.2109985351562
889.55126953125
874.0323486328125
858.7693481445312
843.8052368164062
829.2269287109375
815.0454711914062
801.2177124023438
787.697021484375
