2051.675537109375
2016.092529296875
2007.3876953125
2089.1923828125
2061.710205078125
2044.1387939453125
2040.99072265625
2046.9158935546875
2092.79052734375
2112.05859375
2137.062255859375
2180.975341796875
2228.270263671875
2290.062255859375
2386.739013671875
2545.24755859375
2757.634765625
3008.4873046875
3286.662353515625
3587.28466796875
3908.458251953125
4255.40869140625
4620.2568359375
5005.54833984375
5408.7578125
5835.02734375
6292.88916015625
6774.5625
7278.55810546875
7838.509765625
8433.7890625
9079.810546875
409.31341552734375
445.09033203125
486.0569152832031
521.59423828125
552.2542724609375
589.4049072265625
13963.99609375
14492.5419921875
13902.44140625
13559.2353515625
13688.73046875
14132.78515625
14750.1416015625
15020.6015625
14969.0732421875
14944.6650390625
14918.3525390625
14875.732421875
14809.2314453125
14714.626953125
14593.45703125
14446.09765625
14268.5556640625
14062.6962890625
13830.6435546875
13574.234375
13294.9970703125
12999.7509765625
12679.2529296875
12342.5224609375
12005.4833984375
11662.5654296875
11326.1953125
10995.4482421875
10662.291015625
10329.275390625
9998.6943359375
9671.1513671875
9348.33984375
9031.7060546875
8724.0869140625
8425.783203125
8141.23291015625
7869.5146484375
7610.12060546875
7361.6494140625
7123.58251953125
6903.5146484375
6698.14990234375
6499.71875
6309.2744140625
6126.69482421875
5951.5791015625
5783.46044921875
5622.08447265625
5466.86572265625
5318.251953125
5176.89599609375
5040.76171875
4909.673828125
