2037.8756103515625
2248.882568359375
2473.41796875
2387.3359375
2316.24560546875
2239.836669921875
2186.283447265625
2152.567626953125
2138.024169921875
2136.737060546875
2141.646484375
2159.123779296875
2196.054443359375
2246.00634765625
2291.280029296875
2326.4892578125
2357.39453125
2391.1748046875
2432.04248046875
2478.01416015625
2528.02392578125
2582.902587890625
2646.177734375
2723.447509765625
2817.58056640625
2928.7275390625
3055.34423828125
3193.865234375
3339.748046875
3489.62451171875
3640.741943359375
3792.2509765625
108.87633514404297
104.16864013671875
106.20818328857422
107.1470718383789
107.84136962890625
108.5195083618164
2297.26220703125
3749.447509765625
4174.728515625
4173.99072265625
4076.03076171875
4048.173828125
4051.337158203125
4067.87060546875
4090.847900390625
4119.912109375
4146.82568359375
4176.06103515625
4209.53466796875
4231.978515625
4249.25244140625
4260.06982421875
4266.7744140625
4270.7021484375
4269.28515625
4279.96630859375
4291.931640625
4293.57080078125
4282.5390625
4260.35986328125
4229.791015625
4191.94921875
4146.453125
4093.76904296875
4033.825927734375
3969.656494140625
3899.237060546875
3822.837890625
3742.0419921875
3657.966552734375
3570.873046875
3481.43505859375
3390.021484375
3296.64306640625
3201.4853515625
3105.884765625
3011.029052734375
2917.425537109375
2825.31494140625
2735.094970703125
2647.7412109375
2564.37353515625
2484.991943359375
2409.197265625
2336.4716796875
2266.421142578125
2198.793212890625
2133.487060546875
2070.28076171875
2008.9443359375
