2061.999267578125
2036.5416259765625
2012.1495361328125
2003.042236328125
2048.631103515625
2069.42724609375
2061.467041015625
2077.933349609375
2109.49853515625
2151.633544921875
2204.55810546875
2281.550537109375
2385.400390625
2517.17919921875
2674.552001953125
2855.268798828125
3059.577392578125
3288.379638671875
3543.1298828125
3825.436279296875
4136.1279296875
4473.5625
4839.1513671875
5231.78662109375
5640.59375
6077.125
6540.18115234375
7028.2685546875
7552.23876953125
8173.73388671875
8861.96875
9596.533203125
461.4563293457031
468.59759521484375
488.9321594238281
512.46337890625
537.096435546875
561.03564453125
12221.521484375
13413.1162109375
14312.947265625
15224.40234375
16133.126953125
17008.142578125
17825.662109375
18576.2734375
19270.041015625
19921.29296875
20548.806640625
21166.853515625
20731.7265625
20328.73046875
19949.798828125
19577.208984375
19203.16015625
18822.734375
18432.10546875
18028.37890625
17612.17578125
17184.791015625
16748.625
16303.6376953125
15855.603515625
15407.0927734375
14958.82421875
14511.2041015625
14066.4775390625
13616.0576171875
13178.193359375
12753.5322265625
12339.8603515625
11936.8720703125
11545.068359375
11164.31640625
10794.5869140625
10435.759765625
10089.5166015625
9757.669921875
9441.6650390625
9138.296875
8846.5224609375
8566.9609375
8298.8671875
8042.40087890625
7796.5771484375
7561.26318359375
7335.93310546875
7121.4931640625
6916.34326171875
6719.638671875
6530.9775390625
6349.921875
