2030.7552490234375
2368.41748046875
2449.155517578125
2419.598388671875
2303.78173828125
2216.887939453125
2170.28173828125
2161.095947265625
2184.131103515625
2249.056884765625
2324.248046875
2384.859375
2439.855224609375
2504.03955078125
2582.534423828125
2675.692626953125
2791.080810546875
2935.09912109375
3106.993896484375
3303.8232421875
3520.3935546875
3748.885009765625
3985.98779296875
4120.515625
4162.15625
4218.3291015625
4275.03857421875
4327.185546875
4372.3388671875
4429.07861328125
4478.9921875
4514.130859375
192.19915771484375
138.98748779296875
155.59521484375
182.84962463378906
207.82867431640625
228.3809051513672
5394.96533203125
4959.48583984375
4843.80322265625
4856.39892578125
4881.45849609375
4901.48828125
4920.5244140625
4920.48779296875
4896.662109375
4851.9345703125
4789.06787109375
4710.16259765625
4614.63623046875
4502.97607421875
4375.01904296875
4234.6220703125
4082.123779296875
3924.62353515625
3772.299072265625
3625.1728515625
3482.019287109375
3340.904052734375
3202.7294921875
3070.488037109375
2944.7802734375
2825.720947265625
2711.91552734375
2602.8515625
2498.287109375
2397.847412109375
2301.803466796875
2211.949951171875
2128.1767578125
2049.708251953125
1975.763916015625
1905.6376953125
1838.6763916015625
1774.73876953125
1713.55712890625
1654.9737548828125
1599.133056640625
1545.78076171875
1494.730224609375
1445.7982177734375
1398.8038330078125
1353.576416015625
1309.9813232421875
1267.9410400390625
1227.404541015625
1188.30908203125
1150.60595703125
1114.242919921875
1079.165283203125
1045.3011474609375
