2078.4755859375
2044.2109375
2006.8602294921875
2011.7943115234375
2089.214599609375
2075.090576171875
2069.197265625
2063.384033203125
2064.83154296875
2066.81640625
2066.061767578125
2078.30224609375
2087.669677734375
2106.600341796875
2125.537109375
2148.165771484375
2169.44140625
2193.468017578125
2227.5634765625
2272.4228515625
2323.002197265625
2387.3583984375
2472.287841796875
2600.76904296875
2732.832275390625
2878.470703125
3090.006591796875
3366.76611328125
3405.013427734375
3285.764404296875
3165.292236328125
3030.256103515625
102.63208770751953
103.65362548828125
104.42243194580078
105.08959197998047
105.68563842773438
106.2244873046875
2225.88916015625
2395.034912109375
2252.674072265625
2253.494140625
2421.18994140625
2573.265625
2699.7529296875
2795.852783203125
2860.032958984375
2900.002197265625
2925.637939453125
2936.3564453125
2926.586181640625
2895.328125
2846.60595703125
2787.688232421875
2724.61279296875
2660.52099609375
2599.573486328125
2544.59228515625
2493.500244140625
2443.624267578125
2395.885986328125
2351.1591796875
2309.775390625
2272.09814453125
2238.088134765625
2206.38427734375
2175.965087890625
2147.290771484375
2119.8115234375
2092.40576171875
2064.459716796875
2035.81298828125
2006.5596923828125
1977.7181396484375
1949.136962890625
1920.5587158203125
1891.7027587890625
1862.418212890625
1832.4300537109375
1801.943115234375
1771.1531982421875
1740.1982421875
1709.2125244140625
1678.2904052734375
1647.56884765625
1617.251220703125
1587.44970703125
1558.2047119140625
1529.5267333984375
1501.37646484375
1473.6614990234375
1446.3031005859375
1419.3104248046875
