2085.468017578125
2057.765869140625
2026.0323486328125
1999.390380859375
2007.4580078125
2054.044677734375
2040.6981201171875
2046.1790771484375
2071.03271484375
2100.9990234375
2126.53125
2151.109130859375
2180.154052734375
2203.562744140625
2224.630126953125
2252.362060546875
2284.537353515625
2317.780029296875
2355.518798828125
2413.76220703125
2493.059326171875
2591.562255859375
2708.369873046875
2840.664794921875
2988.612548828125
3149.582275390625
3321.075439453125
3501.408935546875
3690.771240234375
3888.873291015625
4094.233642578125
4301.75341796875
167.74705505371094
155.4098358154297
155.33251953125
158.01893615722656
160.98802185058594
163.08909606933594
3890.083251953125
4096.81396484375
4196.890625
4254.9443359375
4331.37646484375
4559.06103515625
4841.92724609375
5156.7138671875
5490.19140625
5853.60595703125
6245.548828125
6626.041015625
6995.0087890625
7315.115234375
7593.50927734375
7816.56103515625
7989.99267578125
8135.29345703125
8251.078125
8289.0263671875
8238.5283203125
8174.0537109375
8115.55322265625
8058.2841796875
8002.53515625
7955.6240234375
7931.50048828125
7848.99169921875
7454.95166015625
7097.55712890625
6757.45068359375
6442.73486328125
6144.6435546875
5854.703125
5571.99658203125
5295.29638671875
5026.2587890625
4777.900390625
4547.943359375
4328.25341796875
4126.63525390625
3938.147216796875
3759.023681640625
3595.19873046875
3428.53466796875
3269.5751953125
3118.9306640625
2973.55419921875
2831.92236328125
2694.7587890625
2562.2255859375
2432.346923828125
2316.853759765625
2208.343994140625
2107.771484375
