2033.21142578125
2323.11572265625
2437.5625
2400.45654296875
2296.304443359375
2222.40380859375
2170.297607421875
2147.136962890625
2147.75830078125
2162.445068359375
2207.245849609375
2269.8154296875
2327.21337890625
2371.98388671875
2417.845458984375
2473.270263671875
2537.345458984375
2608.41943359375
2691.93603515625
2796.1259765625
2923.80908203125
3073.14111328125
3239.63134765625
3416.49853515625
3597.951171875
3780.25146484375
3963.410888671875
4009.626953125
4028.41064453125
4056.049560546875
4083.50732421875
4107.474609375
138.4268341064453
109.53271484375
111.16722106933594
113.03411865234375
114.55413818359375
115.88813781738281
3909.375244140625
4449.61767578125
4208.6416015625
4107.8603515625
4081.8662109375
4081.9794921875
4092.201416015625
4108.7451171875
4123.85400390625
4132.6181640625
4136.0
4151.33740234375
4161.7001953125
4170.01416015625
4158.5654296875
4133.51318359375
4094.737548828125
4045.458251953125
3983.412109375
3904.661376953125
3812.279052734375
3709.54345703125
3598.56787109375
3481.532958984375
3360.009033203125
3234.822998046875
3108.34033203125
2983.862060546875
2863.23046875
2746.781982421875
2636.161376953125
2532.112548828125
2433.957275390625
2340.769775390625
2251.900146484375
2166.900634765625
2085.820556640625
2008.591064453125
1935.531982421875
1866.357421875
1800.7216796875
1738.258056640625
1678.745361328125
1622.3770751953125
1568.350341796875
1516.62109375
1467.30810546875
1420.468994140625
1376.1827392578125
1334.2578125
1294.30517578125
1256.0234375
1219.23974609375
1183.9027099609375
