2074.150146484375
2044.1241455078125
2016.298095703125
1993.974609375
2057.47509765625
2075.7666015625
2061.0146484375
2049.70068359375
2059.460205078125
2115.951171875
2179.750244140625
2239.423828125
2302.653076171875
2363.807373046875
2427.117919921875
2502.064208984375
2603.027099609375
2735.717041015625
2898.663818359375
3082.7529296875
3281.453369140625
3487.880126953125
3696.995849609375
3908.48046875
4122.58984375
4338.8388671875
4554.654296875
4770.24755859375
4986.1806640625
5204.73583984375
5426.3779296875
5646.3828125
231.92861938476562
218.73184204101562
222.18658447265625
228.38748168945312
234.63009643554688
240.0878143310547
5344.0615234375
5532.359375
5532.75927734375
5554.3359375
5643.83349609375
5818.20166015625
6062.5087890625
6342.0341796875
6661.7060546875
6997.193359375
7342.927734375
7770.77685546875
8198.4970703125
8581.8505859375
8941.767578125
8791.98828125
8610.3271484375
8427.79296875
8238.30859375
8041.736328125
7839.748046875
7633.92236328125
7426.58447265625
7218.623046875
7010.7734375
6802.41162109375
6593.80126953125
6384.7265625
6174.2763671875
5962.02294921875
5750.2783203125
5540.19775390625
5332.6005859375
5127.9755859375
4927.47314453125
4733.63916015625
4547.6904296875
4370.5888671875
4202.20751953125
4042.1552734375
3890.168701171875
3745.697509765625
3607.751708984375
3475.65625
3349.074951171875
3227.903076171875
3111.8427734375
3000.470947265625
2893.48388671875
2790.829345703125
2692.53564453125
2598.410888671875
2507.974609375
2420.913818359375
