2070.32177734375
2031.9302978515625
1992.63623046875
2061.02392578125
2086.483154296875
2062.53173828125
2050.83447265625
2044.70947265625
2044.28173828125
2045.1158447265625
2079.105712890625
2107.17822265625
2126.287841796875
2150.86279296875
2173.400390625
2189.66357421875
2201.480712890625
2223.8955078125
2256.9541015625
2299.499755859375
2361.17578125
2444.23046875
2544.175048828125
2658.899169921875
2787.392822265625
2940.65576171875
3122.013427734375
3328.051513671875
3556.3876953125
3803.860595703125
4065.1552734375
4350.13427734375
118.18587493896484
116.77312469482422
118.81462097167969
125.48306274414062
130.8971710205078
139.53099060058594
3813.759521484375
3998.63916015625
4234.98876953125
4580.04248046875
5019.572265625
5529.0322265625
5531.2900390625
5488.8720703125
5412.46435546875
5358.9404296875
5273.88818359375
5158.71240234375
5028.8876953125
4915.04296875
4777.90087890625
4627.765625
4468.02001953125
4296.814453125
4127.82080078125
3958.27880859375
3790.16796875
3622.12255859375
3452.6337890625
3288.718017578125
3134.760986328125
2989.305419921875
2849.50830078125
2716.630126953125
2652.27734375
2587.708984375
2462.203369140625
2352.9794921875
2254.4521484375
2163.66357421875
2078.045166015625
1997.2008056640625
1921.9078369140625
1850.9100341796875
1782.3165283203125
1713.9312744140625
1645.611083984375
1577.2572021484375
1509.173583984375
1441.5389404296875
1374.518310546875
1308.4908447265625
1242.7706298828125
1177.5032958984375
1113.005615234375
1049.4404296875
986.85302734375
929.8634033203125
888.1935424804688
847.3535766601562
809.7833862304688
777.0989379882812
