2085.166259765625
2075.282470703125
2047.6107177734375
2025.80029296875
2012.275146484375
2025.0970458984375
2053.876953125
2064.7724609375
2062.9375
2056.845703125
2051.870361328125
2055.30908203125
2056.4453125
2054.275634765625
2053.65966796875
2056.79541015625
2060.7216796875
2066.96875
2075.43994140625
2087.888427734375
2100.17626953125
2114.732666015625
2128.532470703125
2146.4912109375
2168.00732421875
2189.805908203125
2219.664794921875
2263.632568359375
2321.072509765625
2390.989013671875
2476.441650390625
2563.18310546875
125.00041198730469
126.22310638427734
126.7385025024414
127.04621124267578
127.19432830810547
127.31015014648438
2196.085693359375
2520.291748046875
2715.92041015625
2905.259521484375
3093.33642578125
3287.248779296875
3493.924560546875
3713.671630859375
3941.315673828125
4166.83984375
4391.56591796875
4629.2783203125
4886.58203125
5152.42041015625
5421.224609375
5693.0166015625
5969.07177734375
6260.89453125
6488.6640625
6683.6328125
6882.1474609375
7067.56494140625
7247.21435546875
7415.3759765625
7540.9697265625
7676.2666015625
7903.91552734375
8054.81689453125
8145.021484375
8199.2578125
8249.482421875
8298.9296875
8339.794921875
8368.146484375
8394.4375
8420.744140625
8444.189453125
8470.2080078125
8499.2431640625
8530.4970703125
8581.4833984375
8644.298828125
8727.185546875
8434.9169921875
8134.0087890625
7871.498046875
7625.734375
7387.50439453125
7157.22705078125
6931.2099609375
6713.82080078125
6504.56640625
6296.861328125
6086.5712890625
