2077.1962890625
2048.662841796875
2016.9027099609375
1991.4114990234375
2050.648681640625
2061.0947265625
2047.4932861328125
2085.01220703125
2110.6875
2127.244873046875
2147.598876953125
2164.972412109375
2185.999267578125
2210.980712890625
2244.785400390625
2280.385498046875
2322.4580078125
2370.325439453125
2421.931396484375
2475.026611328125
2527.888916015625
2582.07275390625
2648.68310546875
2732.681884765625
2833.5263671875
2950.148681640625
3079.4375
3217.198486328125
3360.6142578125
3507.523193359375
3655.97265625
3804.844970703125
130.2295379638672
128.09718322753906
128.60598754882812
129.10484313964844
129.36236572265625
129.37437438964844
2936.5009765625
3444.861083984375
3728.185546875
3932.843017578125
4110.54833984375
4279.79931640625
4449.36767578125
4622.341796875
4798.111328125
4975.51611328125
5155.0283203125
5337.48779296875
5521.43798828125
5696.97998046875
5879.177734375
6054.8662109375
6219.75146484375
6381.1220703125
6520.7802734375
6649.4833984375
6771.40234375
6886.11474609375
6977.07763671875
7056.578125
7123.96044921875
7180.25341796875
7220.0947265625
7249.21728515625
7269.5126953125
7279.57275390625
7283.0556640625
7287.71533203125
7287.22314453125
7279.10986328125
7267.056640625
7069.6689453125
6752.16650390625
6470.61376953125
6209.35693359375
5954.73583984375
5716.82373046875
5506.10302734375
5313.27294921875
5132.87060546875
4965.5068359375
4813.69580078125
4674.1435546875
4535.8369140625
4394.50048828125
4257.68701171875
4124.65966796875
3993.610595703125
3867.855224609375
3748.416259765625
