2085.77099609375
2065.095947265625
2042.5062255859375
2025.6065673828125
2014.2186279296875
2004.4588623046875
2012.76171875
2009.3406982421875
2018.9112548828125
2031.1776123046875
2051.1611328125
2071.788818359375
2094.3720703125
2118.058349609375
2135.751953125
2156.1123046875
2180.642578125
2212.743408203125
2250.961669921875
2293.50537109375
2349.275634765625
2425.240966796875
2522.464599609375
2639.279052734375
2777.056640625
2940.41015625
3117.756591796875
3299.745361328125
3484.5966796875
3669.118408203125
3853.845947265625
4043.807373046875
174.4708709716797
176.456298828125
183.2627716064453
189.5840606689453
194.56349182128906
198.14414978027344
3900.92578125
4204.60986328125
4428.927734375
4626.48974609375
4806.58642578125
4983.0703125
5166.47021484375
5361.89013671875
5571.529296875
5793.42236328125
6026.7978515625
6271.654296875
6530.69482421875
6805.0654296875
7113.4873046875
7470.48486328125
7856.728515625
8278.9560546875
8708.0537109375
9109.943359375
9496.779296875
9879.9228515625
10259.501953125
10637.8349609375
11009.1376953125
11365.3525390625
11707.1591796875
12035.5849609375
12347.6806640625
12641.279296875
12916.87109375
13177.0458984375
13421.3857421875
13649.783203125
13861.78125
14056.4658203125
14230.7763671875
14383.5810546875
14515.6064453125
14626.5732421875
14716.921875
14786.1826171875
14833.7998046875
14859.83203125
14869.015625
14862.43359375
14837.0810546875
14790.9794921875
14729.0859375
14649.75
14554.162109375
14452.70703125
14349.9248046875
14244.1630859375
