1500.0
1500.0
1500.0001220703125
1500.0
1500.0
1500.0
1500.0
1500.0
1500.0
1500.0
1500.0
1499.9998779296875
1500.0
1500.0
1500.0
1500.0
1500.0
1500.0
1500.0
1500.0
1500.0
1500.0
1500.0
1500.0
1500.0
1500.0
1500.0
1500.0
1500.0
1500.0
1500.0
1500.0
100.0
100.0
100.0
100.0
100.0
100.0
1500.0
1499.9981689453125
1499.998046875
1500.0
1500.0
1500.0
1500.0
1500.0
1500.0
1500.0
1500.0
1500.0
1500.0
1500.0
1500.0
1500.0
1500.0
1500.0
1499.608642578125
1500.0
1499.9993896484375
1500.0
1500.0
1500.0
1445.577392578125
1376.7564697265625
1322.77783203125
1270.7001953125
1220.1695556640625
1171.703857421875
1121.8878173828125
1067.9305419921875
1011.1260375976562
958.7086791992188
909.73095703125
865.126220703125
826.3267211914062
789.59521484375
752.11083984375
717.9122314453125
683.5154418945312
647.7864379882812
610.4932861328125
573.903076171875
545.2658081054688
521.7974853515625
499.5411071777344
477.28326416015625
456.8279724121094
438.6343994140625
422.058349609375
406.75531005859375
392.1896667480469
378.0517578125
