1500.0
1500.0
1500.0
1497.9095458984375
1500.0
1500.0
1500.0
1500.0
1500.0
1500.0
1500.0
1500.0
1500.0
1500.0
1500.0
1500.0
1500.0
1500.0
1500.0
1500.0
1500.0
1500.0
1500.0
1500.0
1500.0
1500.0
1500.0
1500.0
1500.0
1500.0
1500.0
1500.0
100.0
100.0
100.0
100.0
100.0
100.0
1500.0
1500.0
1500.0
1500.0
1500.0
1500.0
1500.0
1500.0
1500.0
1500.0
1500.0
1500.0
1500.0
1500.0
1500.0
1500.0
1500.0
1500.0
1500.0
1500.0
1467.8680419921875
1411.1123046875
1356.1444091796875
1302.407470703125
1250.0015869140625
1199.4154052734375
1150.6903076171875
1103.7396240234375
1058.5091552734375
1014.9951782226562
973.208984375
933.0719604492188
894.5858154296875
857.7553100585938
822.4656372070312
788.6964111328125
756.5039672851562
725.8235473632812
696.5702514648438
668.2621459960938
641.3919067382812
615.9273681640625
591.6837768554688
568.557861328125
546.4060668945312
523.747802734375
503.8035583496094
484.7541809082031
466.4791564941406
449.0361022949219
432.1910400390625
416.033935546875
400.8572082519531
386.40130615234375
