1314.9432373046875
1011.9524536132812
816.3917846679688
697.2717895507812
659.7479248046875
636.4047241210938
614.8029174804688
594.173828125
574.8059692382812
556.2133178710938
538.6681518554688
521.3761596679688
504.546630859375
488.4834289550781
472.8801574707031
457.6796875
442.7112121582031
427.9090576171875
413.5252380371094
399.50665283203125
389.4669494628906
378.7148742675781
367.74774169921875
356.6246032714844
345.16949462890625
333.5028381347656
321.8243713378906
310.330078125
299.0355529785156
288.7586669921875
279.54486083984375
271.4060974121094
100.0
100.0
100.0
100.0
100.0
100.0
340.4728698730469
275.10870361328125
254.3203887939453
249.8470458984375
245.757568359375
241.43927001953125
237.30364990234375
233.5733642578125
230.2838897705078
227.01084899902344
223.52586364746094
219.7283477783203
215.8771514892578
212.08396911621094
208.30369567871094
204.50790405273438
200.75820922851562
196.865234375
192.7752685546875
188.69541931152344
184.57919311523438
180.50543212890625
176.43899536132812
172.3173065185547
168.145751953125
163.96371459960938
159.76730346679688
155.57620239257812
151.42657470703125
147.3257293701172
143.28785705566406
139.30093383789062
135.3592529296875
131.55743408203125
127.9224853515625
124.32733917236328
120.78561401367188
117.31375122070312
113.94058990478516
110.70026397705078
107.59347534179688
104.61630249023438
101.76306915283203
99.03568267822266
96.43289184570312
93.95005798339844
91.58558654785156
89.34832000732422
87.2112045288086
85.1578140258789
83.20274353027344
81.35537719726562
79.60458374023438
77.9610366821289
