1500.0
1500.0
1500.0
1498.109130859375
1500.0
1500.0
1500.0
1500.0
1500.0
1500.0
1500.0
1500.0
1500.0
1500.0
1500.0
1500.0
1500.0
1500.0
1500.0
1500.0
1500.0
1500.0
1500.0
1500.0
1500.0
1500.0
1500.0
1500.0
1500.0
1500.0
1500.0
1500.0
99.99394226074219
100.0
100.0
100.0
100.0
100.0
1500.0
1500.0
1499.99951171875
1500.0
1500.0
1500.0
1500.0
1500.0
1500.0
1500.0
1500.0
1500.0
1500.0
1500.0
1500.0
1500.0
1500.0
1500.0
1500.0
1500.0
1500.0
1500.0
1500.0
1499.9979248046875
1499.9998779296875
1500.0
1500.0
1499.9990234375
1499.9998779296875
1499.9998779296875
1499.9993896484375
1500.0
1499.9967041015625
1465.44921875
1415.629150390625
1369.6697998046875
1324.23876953125
1277.023193359375
1230.3358154296875
1180.716064453125
1126.6571044921875
1082.56787109375
1046.3887939453125
1010.7765502929688
975.1488647460938
940.6357421875
908.225341796875
877.3324584960938
849.3339233398438
823.4270629882812
797.2855834960938
770.25390625
742.9461059570312
715.4315185546875
