1499.9996337890625
1500.0
1500.0
1500.0
1500.0
1498.032470703125
1500.0
1500.0
1500.0
1500.0
1500.0
1500.0
1499.999755859375
1500.0
1499.9996337890625
1499.9996337890625
1499.9998779296875
1499.9991455078125
1499.998779296875
1499.999267578125
1500.0
1499.9991455078125
1499.9981689453125
1499.9996337890625
1499.9998779296875
1499.999755859375
1499.999267578125
1500.0
1500.0
1499.99658203125
1500.0
1499.9998779296875
100.00001525878906
100.0
100.0
100.0
100.0
100.0
1500.0
1500.0
1499.99951171875
1500.0
1500.0
1500.0
1499.9996337890625
1499.9998779296875
1500.0
1499.9998779296875
1499.9998779296875
1499.999755859375
1500.0
1499.9996337890625
1499.9996337890625
1500.0
1499.9998779296875
1499.9998779296875
1481.441650390625
1442.7113037109375
1410.7103271484375
1380.6796875
1351.18212890625
1322.2220458984375
1293.113525390625
1263.9578857421875
1235.0086669921875
1206.3094482421875
1177.89501953125
1149.79150390625
1122.0775146484375
1094.7041015625
1067.754150390625
1041.533203125
1015.6991577148438
990.0597534179688
964.8672485351562
940.4014282226562
916.64794921875
893.3970336914062
870.5780029296875
848.1819458007812
826.3641357421875
805.15283203125
784.5550537109375
764.5974731445312
745.3013305664062
726.80712890625
709.0657348632812
691.8643188476562
675.2744140625
659.2987670898438
644.1030883789062
629.4032592773438
