1499.9996337890625
1500.0
1500.00048828125
1499.9951171875
1500.0
1500.0
1500.0
1500.0
1500.0
1500.0
1500.0
1500.0
1500.0
1500.0
1500.0
1500.0
1500.0
1500.0
1500.0
1500.0
1500.0
1500.0
1500.0
1500.0
1500.0
1500.0
1500.0
1500.0
1500.0
1500.0
1500.0
1500.0
100.0
100.0
100.0
100.0
100.0
100.0
1500.0
1500.0
1500.0
1436.955322265625
1372.727783203125
1333.645263671875
1303.2169189453125
1274.6932373046875
1246.0477294921875
1216.797607421875
1186.49267578125
1155.412109375
1123.717041015625
1091.329833984375
1058.388671875
1025.2039794921875
992.0838623046875
959.1259765625
926.3131713867188
893.70166015625
861.343505859375
829.3744506835938
797.884765625
766.9937744140625
736.8369140625
707.5518188476562
679.2313232421875
652.032470703125
626.0145874023438
601.150634765625
577.3320922851562
554.488037109375
532.5740356445312
511.4720153808594
491.2107238769531
471.7913513183594
453.2075500488281
435.41845703125
418.4119567871094
402.1863098144531
386.5784606933594
371.633056640625
357.2480773925781
343.6382141113281
330.78643798828125
318.5641174316406
306.9175720214844
295.7628173828125
285.0985412597656
274.49371337890625
264.34136962890625
255.29942321777344
246.5441436767578
237.9803924560547
