1500.0
1500.0
1500.0
1500.0001220703125
1500.0
1500.0
1500.0
1500.0
1500.0
1500.0
1500.0
1500.0
1500.0
1500.0
1500.0
1500.0
1500.0
1500.0
1500.0
1500.0
1500.0
1500.0
1500.0
1500.0
1500.0
1500.0
1500.0
1500.0
1500.0
1500.0
1500.0
1500.0
100.0
100.0
100.0
100.0
100.0
100.0
1500.0
1500.0
1500.0
1500.0
1500.0
1500.0
1500.0
1500.0
1500.0
1500.0
1500.0
1500.0
1500.0
1450.097412109375
1379.8916015625
1312.9227294921875
1248.91845703125
1189.0091552734375
1131.5074462890625
1075.69677734375
1022.2053833007812
970.7260131835938
921.9693603515625
874.9600219726562
829.1543579101562
785.0252075195312
744.9613647460938
706.94921875
671.633056640625
640.9053344726562
612.3917846679688
584.5641479492188
557.3219604492188
531.6317749023438
509.8368225097656
488.5398864746094
466.68243408203125
444.0776672363281
421.1919860839844
399.87548828125
380.39080810546875
363.43707275390625
347.7231140136719
332.0982666015625
317.5315246582031
303.7871398925781
290.1160888671875
276.5282287597656
265.2970886230469
256.6189880371094
248.41641235351562
240.53396606445312
232.87074279785156
225.19369506835938
