1500.0
1500.0
1500.0
1500.0
1500.0
1500.0
1500.0
1500.0
1500.0
1500.0
1500.0
1500.0
1500.0
1500.0
1500.0
1500.0
1500.0
1500.0
1500.0
1500.0
1500.0
1500.0
1500.0
1500.0
1500.0
1500.0
1500.0
1500.0
1500.0
1500.0
1500.0
1500.0
100.0
100.0
100.0
100.0
100.0
100.0
1500.0
1500.0
1500.0
1500.0
1500.0
1500.0
1500.0
1500.0
1500.0
1500.0
1500.0
1500.0
1500.0
1500.0
1500.0
1500.0
1500.0
1500.0
1500.0
1500.0
1500.0
1500.0
1500.0
1500.0
1500.0
1500.0
1500.0
1445.4339599609375
1388.7020263671875
1335.035400390625
1283.5478515625
1233.9188232421875
1186.0892333984375
1140.048828125
1095.773193359375
1053.229736328125
1012.3805541992188
973.1788330078125
935.4127807617188
899.216796875
864.5114135742188
831.1878051757812
799.1961059570312
768.4805297851562
738.950439453125
710.6132202148438
683.3865966796875
656.85546875
631.8449096679688
608.08642578125
585.3991088867188
563.3623046875
542.6185302734375
522.8626098632812
