1499.9998779296875
1500.0
1499.9998779296875
1500.0
1500.0
1500.0
1500.0
1500.0
1500.0
1500.0
1500.0
1500.0
1500.0
1500.0
1500.0
1500.0
1500.0
1500.0
1500.0
1500.0
1500.0
1500.0
1500.0
1500.0
1500.0
1500.0
1500.0
1500.0
1500.0
1500.0
1500.0
1500.0
100.0
100.0
100.0
100.0
100.0
100.0
1500.0
1500.0
1494.03515625
1426.50537109375
1387.3243408203125
1353.1329345703125
1318.8443603515625
1283.3408203125
1246.5902099609375
1209.072509765625
1171.278564453125
1134.48876953125
1098.3441162109375
1062.744873046875
1027.523681640625
992.6580200195312
958.05712890625
924.3189697265625
891.2001953125
858.6770629882812
827.3567504882812
796.997314453125
767.6458740234375
739.2025756835938
711.8367919921875
685.487060546875
660.2680053710938
636.2352294921875
613.4074096679688
591.6250610351562
570.730712890625
550.6588745117188
531.3358154296875
512.810791015625
495.1312561035156
478.1837463378906
461.8311462402344
445.934814453125
430.36541748046875
415.5089416503906
401.54913330078125
388.4601745605469
376.49774169921875
365.5304870605469
355.3453369140625
345.7778015136719
336.7290344238281
328.10638427734375
319.83258056640625
311.8377380371094
304.1215515136719
296.7953796386719
289.9797668457031
283.7000427246094
