1500.0
1500.0
1500.0
1500.0064697265625
1500.0
1500.0
1500.0
1500.0
1500.0
1500.0
1500.0
1500.0
1500.0
1500.0
1500.0
1500.0
1500.0
1500.0
1500.0
1500.0
1500.0
1500.0
1500.0
1500.0
1500.0
1500.0
1500.0
1500.0
1500.0
1500.0
1500.0
1500.0
100.0
100.0
100.0
100.0
100.0
100.0
1500.0
1499.999755859375
1500.0
1500.0
1500.0
1500.0
1500.0
1500.0
1500.0
1500.0
1500.0
1500.0
1461.923828125
1384.7706298828125
1312.6094970703125
1246.637939453125
1184.4888916015625
1125.0257568359375
1067.201171875
1010.3890991210938
956.6852416992188
904.9497680664062
855.8721313476562
810.0187377929688
767.0740356445312
725.1576538085938
685.6563720703125
649.779296875
615.0296020507812
581.1932983398438
550.7689819335938
522.1466064453125
493.3787536621094
465.3107604980469
442.1899719238281
420.8980712890625
399.97247314453125
379.79510498046875
360.8096008300781
343.3276672363281
326.6842041015625
310.5259094238281
295.1997985839844
282.08868408203125
270.1293029785156
258.9197692871094
249.772216796875
241.455322265625
233.67335510253906
226.32623291015625
219.29241943359375
212.52383422851562
205.8208465576172
199.07278442382812
