1500.0
1500.0
1500.0
1500.0
1500.0
1500.0
1500.0
1500.0
1500.0
1500.0
1500.0
1500.0
1500.0
1500.0
1500.0
1500.0
1500.0
1500.0
1500.0
1500.0
1500.0
1500.0
1500.0
1500.0
1500.0
1500.0
1500.0
1500.0
1500.0
1500.0
1500.0
1500.0
1500.0
100.0
100.0
100.0
100.0
100.0
100.0
1500.0
1500.0
1500.0
1500.0
1500.0
1500.0
1500.0
1500.0
1500.0
1500.0
1500.0
1500.0
1500.0
1500.0
1500.0
1433.0220947265625
1367.75537109375
1306.558349609375
1248.08642578125
1219.754638671875
1191.972412109375
1138.3634033203125
1087.3939208984375
1039.274169921875
993.9965209960938
951.3848266601562
911.2361450195312
873.40625
837.7823486328125
803.9017333984375
787.4830932617188
771.508544921875
741.2122192382812
712.6864624023438
685.8862915039062
661.1048583984375
638.3963012695312
617.4999389648438
598.1488037109375
580.1006469726562
563.2088623046875
547.3463134765625
532.4203491210938
518.3121948242188
504.8888854980469
492.01507568359375
479.6619567871094
467.8144226074219
456.4501037597656
445.5497131347656
435.1167907714844
425.1421203613281
415.58404541015625
406.4276123046875
397.6599426269531
389.25445556640625
381.1663513183594
