1500.0
1336.8843994140625
1203.58056640625
1145.765869140625
1070.357177734375
1034.0167236328125
1010.4393310546875
993.0368041992188
978.6124877929688
966.5491943359375
954.7498779296875
940.4547119140625
926.2299194335938
913.0623779296875
900.4368896484375
887.576171875
874.92919921875
862.475341796875
850.0888671875
837.3873901367188
823.7367553710938
808.6447143554688
791.892822265625
773.6111450195312
754.052734375
734.1185302734375
715.4689331054688
696.6400756835938
678.2232666015625
660.064697265625
641.8427124023438
623.5701293945312
605.2887573242188
100.0
100.0
100.0
100.0
100.0
100.0
609.2916870117188
586.9654541015625
565.2554321289062
536.9228515625
515.842041015625
498.15850830078125
481.78192138671875
465.916748046875
450.46905517578125
435.7762451171875
421.1334228515625
406.1131591796875
390.83441162109375
375.65771484375
360.7489929199219
346.1152648925781
331.7637634277344
317.697998046875
303.9851379394531
297.3026428222656
290.723876953125
277.95587158203125
265.796630859375
254.22244262695312
243.08216857910156
232.38070678710938
222.10031127929688
212.22293090820312
202.77809143066406
193.76832580566406
189.40255737304688
185.1335906982422
176.9777069091797
169.2587890625
161.96218872070312
155.07012939453125
148.56202697753906
142.41453552246094
136.57754516601562
130.83236694335938
125.3609848022461
120.1984634399414
115.32760620117188
110.72822570800781
106.36325073242188
102.2352523803711
98.33323669433594
94.636474609375
91.13691711425781
87.82372283935547
84.68006896972656
81.69773864746094
78.87411499023438
76.19823455810547
73.51380157470703
70.96179962158203
68.60857391357422
