1499.999755859375
1500.0
1500.0
1500.0
1500.0
1500.0
1500.0
1500.0
1500.0
1500.0
1500.0
1500.0
1500.0
1500.0
1500.0
1500.0
1500.0
1500.0
1500.0
1499.9998779296875
1500.0
1500.0
1500.0
1500.0
1500.0
1500.0
1500.0
1500.0
1500.0
1500.0
1500.0
1500.0
99.9999008178711
100.0
100.0
100.0
100.0
100.0
1500.00146484375
1500.0
1500.0
1499.9998779296875
1499.9993896484375
1500.0
1499.999755859375
1499.6510009765625
1500.0
1500.0
1394.0723876953125
1290.398193359375
1196.3050537109375
1109.170654296875
1034.35302734375
1000.1329345703125
967.851318359375
908.0953979492188
851.3851318359375
798.8800048828125
756.492431640625
719.6051025390625
685.3081665039062
655.3150024414062
624.2295532226562
590.4659423828125
558.5380859375
531.6942138671875
508.61077880859375
488.0432434082031
468.26983642578125
448.53082275390625
431.5372009277344
416.4906311035156
403.79351806640625
391.7605285644531
379.56109619140625
366.8813171386719
353.94775390625
340.8994140625
327.9225769042969
315.2385559082031
304.047119140625
295.29827880859375
290.35650634765625
285.7896728515625
280.8202819824219
275.11993408203125
268.17010498046875
259.5726623535156
249.4226531982422
238.31790161132812
227.08029174804688
215.68270874023438
204.05795288085938
194.49380493164062
190.69444274902344
