1500.0
1500.0
1500.0
1500.0
1500.0
1500.0
1500.0
1500.0
1500.0
1500.0
1500.0
1500.0
1500.0
1500.0
1499.9998779296875
1500.0
1500.0
1500.0
1500.0
1500.0
1500.0
1500.0
1500.0
1500.0
1500.0
1500.0
1500.0
1500.0
1500.0
1500.0
1500.0
1500.0
100.00089263916016
100.0
100.0
100.0
100.0
99.99999237060547
1499.9998779296875
1500.0
1500.0
1500.0
1500.0
1500.0
1499.992431640625
1500.0
1499.9993896484375
1500.0
1500.0
1500.0
1500.0
1500.0
1498.785888671875
1389.789794921875
1335.1356201171875
1285.3150634765625
1238.2313232421875
1194.4208984375
1153.283935546875
1113.965087890625
1075.802734375
1038.3468017578125
1001.7750244140625
967.390380859375
934.2666015625
901.9071655273438
870.2697143554688
839.4518432617188
809.687744140625
780.3489379882812
751.143310546875
724.2450561523438
697.8189697265625
672.16748046875
647.5353393554688
624.2658081054688
603.183349609375
584.8021850585938
567.0963745117188
549.8890380859375
533.62646484375
517.9981689453125
503.33978271484375
489.7424011230469
475.2992248535156
461.7586669921875
449.2924499511719
437.3606262207031
425.85986328125
414.8697204589844
404.1312561035156
394.114013671875
385.1554870605469
