1500.0
1500.0
1500.0
1500.0
1500.0
1500.0
1500.0
1500.0
1500.0
1500.0
1500.0
1500.0
1500.0
1500.0
1500.0
1500.0
1500.0
1500.0
1500.0
1500.0
1500.0
1500.0
1500.0
1500.0
1500.0
1500.0
1500.0
1500.0
1500.0
1500.0
1500.0
1500.0
100.0
100.0
100.0
100.0
100.0
100.0
1500.0
1500.0
1500.0
1500.0
1500.0
1500.0
1500.0
1500.0
1500.0
1437.8021240234375
1326.05810546875
1225.3939208984375
1134.12109375
1051.002197265625
973.9381103515625
901.5239868164062
838.8658447265625
782.4554443359375
730.3682861328125
705.4519653320312
681.0009155273438
634.083251953125
590.0911865234375
550.4100952148438
517.278564453125
488.6499938964844
462.7662048339844
438.1053771972656
425.8574523925781
413.4779357910156
388.8970031738281
365.06781005859375
342.62628173828125
323.7969970703125
307.4244079589844
294.5616760253906
283.7616271972656
273.07806396484375
262.9900207519531
253.25082397460938
243.3181915283203
233.228515625
223.2172393798828
213.59017944335938
204.04638671875
194.59317016601562
185.76150512695312
179.50726318359375
172.9538116455078
165.9952850341797
159.59739685058594
153.59178161621094
147.75469970703125
144.55172729492188
141.56472778320312
138.283203125
134.8338165283203
