1499.9959716796875
1500.0
1500.0
1500.0
1500.0
1500.0
1500.0003662109375
1500.0
1500.0
1500.0
1500.0
1499.9998779296875
1500.0
1500.0
1500.0
1500.0
1500.0
1500.0
1500.0
1500.0
1500.0
1500.0
1500.0
1500.0
1500.0
1500.0
1500.0
1500.0
1500.0
1500.0
1500.0
1500.0
99.99937438964844
99.99994659423828
100.0
100.0
100.0
100.0
1500.0
1500.0
1500.0
1500.0
1500.0
1500.0
1500.0
1500.0
1500.0
1500.0
1500.0
1500.0
1500.0
1500.0
1500.0
1500.0
1500.0
1500.0
1500.0
1500.0
1500.0
1500.0
1500.0
1500.0
1500.0
1500.0
1500.0
1499.9998779296875
1500.0
1472.56787109375
1390.63330078125
1323.628662109375
1261.992919921875
1204.011474609375
1149.2374267578125
1097.460205078125
1048.5076904296875
1002.0829467773438
958.1983642578125
916.6839599609375
877.4442749023438
840.3013916015625
805.0233764648438
771.5382690429688
739.8211669921875
709.775146484375
681.2743530273438
654.204833984375
628.4599609375
603.95556640625
580.6146850585938
558.3768920898438
537.1795654296875
516.9728393554688
