1500.0
1500.0
1500.0
1500.0
1500.0
1500.0
1500.0
1500.0010986328125
1500.0
1500.000244140625
1500.0
1500.0
1500.0
1500.0
1500.0
1500.0
1500.0
1500.0
1500.0
1500.0
1500.0
1500.0
1500.0
1500.0
1500.0
1500.0
1500.0
1500.0
1500.0
1500.0
1500.0
1500.0
1500.0
1500.0
99.99846649169922
100.0
99.99999237060547
100.0
100.0
100.0
1499.9998779296875
1500.0
1500.0
1500.0
1500.0
1500.0
1500.0
1500.0
1500.0
1500.0
1500.0
1500.0
1500.0
1500.0
1500.0
1500.0
1500.0
1500.0
1500.0
1500.0
1500.0
1500.0
1500.0
1500.0
1500.0
1500.0
1500.0
1500.0
1500.0
1500.0
1500.0
1468.6419677734375
1390.747314453125
1357.158935546875
1325.4302978515625
1265.7093505859375
1209.3406982421875
1156.1099853515625
1105.707763671875
1057.8912353515625
1012.619873046875
969.8619995117188
929.4916381835938
891.3988037109375
855.3963012695312
821.3541259765625
789.1318359375
758.5220336914062
729.414306640625
701.7596435546875
675.4859008789062
650.4976196289062
626.7242431640625
604.0607299804688
582.414306640625
