1500.0
1500.0
1499.9998779296875
1500.0
1500.0
1500.0
1500.0
1500.0
1500.0
1500.0
1500.0
1500.0
1500.0
1500.0
1500.0
1500.0
1500.0
1500.0
1500.0
1500.0
1500.0
1500.0
1500.0
1500.0
1500.0
1500.0
1500.0
1500.0
1500.0
1500.0
1424.9617919921875
1330.3553466796875
100.0
100.0
100.0
100.0
100.0
100.0
1500.0
1500.0
1404.52294921875
1300.34326171875
1189.3203125
1079.3155517578125
974.5508422851562
877.0482788085938
790.164306640625
716.0388793945312
650.55859375
592.0316772460938
539.6588134765625
493.351806640625
452.88140869140625
418.28094482421875
388.5267639160156
362.6395263671875
339.5267333984375
319.1097412109375
302.1322326660156
288.0927734375
276.0510559082031
265.4381103515625
255.87867736816406
247.16490173339844
239.18858337402344
231.8172607421875
224.95620727539062
221.61700439453125
218.41714477539062
212.5387725830078
207.07078552246094
201.98458862304688
197.2279052734375
192.7327423095703
188.49571228027344
184.47804260253906
180.6230926513672
176.88375854492188
173.21533203125
169.6231689453125
166.13670349121094
162.75921630859375
159.47235107421875
156.24185180664062
153.06637573242188
149.9659423828125
146.9532928466797
144.01950073242188
141.16647338867188
138.4517059326172
135.85617065429688
133.4488983154297
131.2021026611328
