1499.9998779296875
1500.0
1500.0
1500.0
1500.05859375
1500.0
1500.0
1500.0
1500.0
1500.0
1500.0
1500.0
1500.0
1500.0
1500.0
1500.0
1500.0
1500.0
1500.0
1500.0
1500.0
1500.0
1500.0
1500.0
1500.0
1500.0
1500.0
1500.0
1500.0
1500.0
1500.0
1500.0
100.0
100.0
100.0
100.0
100.0
100.0
1500.0
1500.0
1500.0
1500.0
1500.0
1500.0
1500.0
1500.0
1500.0
1500.0
1500.0
1500.0
1500.0
1500.0
1500.0
1465.779541015625
1398.5743408203125
1336.5718994140625
1277.7821044921875
1221.5186767578125
1188.1041259765625
1167.611083984375
1116.1624755859375
1067.4969482421875
1021.5778198242188
978.3132934570312
937.548095703125
917.8766479492188
898.7280883789062
862.4794921875
828.2728881835938
795.6448364257812
764.7820434570312
735.6060180664062
708.0867309570312
682.1954345703125
658.3779296875
636.4883422851562
616.2568969726562
597.433837890625
579.821044921875
563.2686767578125
547.6390991210938
532.8624877929688
518.8202514648438
505.3664245605469
492.472412109375
480.1096496582031
468.25323486328125
456.9270324707031
446.0938720703125
435.7394714355469
425.85699462890625
416.4247741699219
407.4022216796875
398.7460021972656
390.4215087890625
