1500.0
1500.0
1500.0
1500.0
1500.0
1500.0
1500.0
1500.0
1500.0
1500.0
1500.0
1500.0
1500.0
1500.0
1500.0
1500.0
1500.0
1500.0
1500.0
1500.0
1500.0
1500.0
1500.0
1500.0
1500.0
1500.0
1500.0
1500.0
1500.0
1500.0
1500.0
1500.0
100.0
100.0
100.0
100.0
100.0
100.0
1500.0
1500.0
1500.0
1500.0
1500.0
1500.0
1458.6712646484375
1344.4283447265625
1236.5428466796875
1137.504150390625
1047.96533203125
968.5607299804688
897.355224609375
832.6446533203125
777.6762084960938
728.6864624023438
684.445068359375
644.6123046875
608.09619140625
591.0149536132812
575.0062866210938
545.524169921875
518.5034790039062
493.7374572753906
471.4405212402344
449.8228759765625
428.9936218261719
408.5320739746094
388.585693359375
370.3315124511719
354.1105651855469
338.41778564453125
321.7541198730469
304.11773681640625
288.2530822753906
273.98486328125
260.3355712890625
247.53944396972656
238.75830078125
230.88925170898438
222.67738342285156
212.9664764404297
201.47906494140625
189.53269958496094
178.71902465820312
168.69239807128906
158.72398376464844
156.1295166015625
152.4066619873047
147.90676879882812
143.10006713867188
138.2157745361328
133.35765075683594
128.419677734375
123.20693969726562
