1499.9998779296875
1500.0
1500.0
1500.0
1500.0
1500.0
1500.0
1500.0
1500.0
1500.0
1500.0
1500.0
1500.0
1500.0
1500.0
1499.9998779296875
1500.0
1500.0
1500.0
1500.0
1500.0
1500.0
1500.0
1500.0
1500.0
1500.0
1500.0
1500.0
1500.0
1500.0
1500.0
1500.0
1500.0
99.71235656738281
100.0
100.0
100.0
100.0
100.0
1500.0
1499.9979248046875
1500.0
1500.0
1500.0
1500.0
1500.0
1500.0
1500.0001220703125
1500.0
1500.0
1500.0
1500.0
1500.00048828125
1500.0
1500.0
1500.0
1500.0
1500.0
1499.999755859375
1499.9971923828125
1499.9661865234375
1500.0
1499.9970703125
1500.0
1500.0
1468.4150390625
1396.358154296875
1330.243896484375
1262.640869140625
1201.462158203125
1147.4359130859375
1097.3280029296875
1053.928955078125
1015.7928466796875
976.1806640625
934.9298095703125
895.0707397460938
856.8992309570312
820.3663940429688
788.8153076171875
760.239013671875
735.368408203125
713.3128662109375
692.3453979492188
671.4306030273438
650.5545654296875
631.968994140625
616.1130981445312
602.66455078125
590.3154296875
578.33154296875
566.3819580078125
554.4397583007812
542.7971801757812
