1500.0
1500.0
1500.0
1500.0
1500.0
1500.0
1500.0
1500.0
1500.0
1500.0
1500.0
1500.0
1500.0
1500.0
1500.0
1500.0
1500.0
1500.0
1500.0
1500.0
1500.0
1500.0
1500.0
1500.0
1500.0
1500.0
1500.0
1500.0
1500.0
1500.0
1500.0
1500.0
100.0
100.0
100.0
100.0
100.0
100.0
1500.0
1500.0
1500.0
1500.0
1500.0
1500.0
1500.0
1500.0
1500.0
1456.1025390625
1383.2144775390625
1313.356689453125
1245.872802734375
1180.688232421875
1117.7451171875
1057.071533203125
998.8323974609375
943.2032470703125
890.3116455078125
840.2073364257812
792.7279663085938
748.0571899414062
706.132080078125
666.7973022460938
629.88818359375
595.2490234375
562.7157592773438
532.1454467773438
503.4729919433594
476.62939453125
451.5357666015625
428.0541076660156
406.1593322753906
385.5474548339844
366.312744140625
348.3669128417969
331.5442199707031
315.7274475097656
300.856201171875
286.70245361328125
272.9288330078125
260.4144287109375
248.86683654785156
237.87660217285156
227.46653747558594
217.5926513671875
208.11251831054688
199.1459503173828
190.73342895507812
182.78367614746094
175.2565460205078
168.10813903808594
161.30711364746094
154.80795288085938
