1499.9996337890625
1500.0
1500.002197265625
1500.0
1500.0
1499.9998779296875
1500.0
1500.0
1500.0
1500.0
1500.0
1500.0
1500.0
1500.0
1500.0
1500.0
1500.0
1500.0
1500.0
1500.0
1500.0
1500.0
1500.0
1500.0
1500.0
1500.0
1500.0
1500.0
1500.0
1500.0
1495.043701171875
1431.5740966796875
99.16716766357422
100.0
100.0
100.0
100.0
100.0
1500.0
1330.30126953125
1192.2294921875
1123.44091796875
1075.4542236328125
1033.152587890625
992.2424926757812
951.5673828125
910.9708862304688
870.4779663085938
830.3884887695312
790.9071044921875
752.33251953125
714.9474487304688
678.8778686523438
644.1307373046875
610.7068481445312
578.5880126953125
547.7835083007812
518.4552612304688
490.60601806640625
464.2354431152344
439.32513427734375
415.8614501953125
393.77301025390625
372.9703369140625
353.35858154296875
334.83251953125
317.3640441894531
308.9461364746094
300.7848205566406
285.38916015625
270.9599609375
257.4088134765625
244.682861328125
232.7091064453125
221.32061767578125
210.72738647460938
200.7661590576172
191.40333557128906
182.60169982910156
174.21969604492188
166.33319091796875
158.8551483154297
151.53900146484375
144.82537841796875
138.71957397460938
132.83547973632812
127.24356079101562
121.98246765136719
117.00138092041016
112.2757339477539
107.78581237792969
103.51890563964844
99.45679473876953
