1500.0
1500.0
1500.0
1499.9998779296875
1500.0
1500.0
1500.0
1500.0
1500.0
1500.0
1500.0
1500.0
1500.0
1500.0
1499.9998779296875
1500.0
1500.0
1500.0
1500.0
1500.0
1500.0
1500.0
1500.0
1500.0
1500.0
1500.0
1500.0
1500.0
1500.0
1500.0
1500.0
1500.0
100.0
100.0
100.0
100.0
99.99996185302734
99.99998474121094
1499.994140625
1500.0
1500.0
1500.0
1500.0
1499.993408203125
1499.9892578125
1500.0
1500.0
1500.0
1500.0
1500.0
1500.0
1500.0
1445.3558349609375
1379.4278564453125
1324.480224609375
1274.651123046875
1227.3509521484375
1182.83203125
1141.1119384765625
1101.5155029296875
1062.98681640625
1025.3409423828125
988.3944702148438
953.46923828125
919.7503051757812
887.3457641601562
855.5686645507812
825.0480346679688
795.6650390625
767.0220947265625
739.1124877929688
713.6842651367188
687.9570922851562
662.8759765625
638.8818359375
616.3603515625
597.65283203125
579.8080444335938
562.380615234375
545.9445190429688
530.2865600585938
515.12890625
500.7447204589844
487.3352966308594
472.98358154296875
459.5535888671875
447.27325439453125
435.68316650390625
424.5611877441406
413.91790771484375
403.5642395019531
393.9169921875
385.1597595214844
