1500.0
1500.0
1500.0
1500.0
1500.0
1500.0
1500.0
1500.0
1500.0
1500.0
1500.0
1499.998779296875
1500.0
1500.0
1500.0
1500.0
1500.0
1500.0
1500.0
1500.0
1500.0
1500.0
1500.0
1500.0
1500.0
1499.9998779296875
1500.0
1500.0
1500.0
1500.0
1500.0
1500.0
99.99991607666016
100.0
100.0
100.0
100.0
100.0
1499.9998779296875
1500.0
1500.0
1500.0
1500.0
1500.0
1500.0
1500.0
1500.0
1499.998779296875
1500.0
1500.0
1500.0
1500.0
1500.0
1499.99951171875
1499.999267578125
1500.0
1500.0
1500.0
1500.0
1495.50341796875
1429.507080078125
1369.6492919921875
1312.06689453125
1253.3455810546875
1201.0355224609375
1150.840087890625
1100.31494140625
1041.2801513671875
1002.1831665039062
957.6752319335938
918.7924194335938
881.7212524414062
846.1884155273438
812.1117553710938
780.9444580078125
753.7259521484375
726.8797607421875
699.3063354492188
671.0604858398438
643.0665283203125
616.1964721679688
591.2108154296875
567.8598022460938
545.907470703125
525.1111450195312
505.16302490234375
486.3708801269531
475.27178955078125
465.1665954589844
457.3223571777344
449.1468811035156
440.13623046875
