1500.0
1500.0
1500.0
1500.0001220703125
1500.0
1500.0
1500.0
1500.0
1500.0
1500.0
1500.0
1500.0
1499.9991455078125
1500.0
1500.0
1500.0
1500.0
1500.0
1500.0
1500.0
1500.0
1500.0
1500.0
1500.0
1500.0
1500.0
1450.6732177734375
1334.8565673828125
1204.45361328125
1079.0341796875
996.2252807617188
955.923095703125
100.0
100.0
100.0
100.0
100.0
100.0
1151.5052490234375
1001.5368041992188
926.8900146484375
866.112060546875
815.5272216796875
774.5846557617188
735.238037109375
697.9718017578125
663.0164184570312
630.33251953125
599.8900756835938
571.841552734375
546.8245849609375
524.3375854492188
504.0726318359375
486.0619201660156
469.22772216796875
453.474609375
438.70623779296875
424.7981872558594
411.6259460449219
398.9219970703125
391.8182373046875
386.55078125
374.5468444824219
363.0557556152344
352.1340026855469
341.8182678222656
332.0086669921875
322.5800476074219
313.46917724609375
304.6888732910156
296.2213134765625
288.2461853027344
280.540283203125
273.1209411621094
265.9673767089844
259.1207275390625
252.61363220214844
246.3967742919922
240.43881225585938
234.68260192871094
229.1425018310547
223.8029327392578
218.6495361328125
213.68905639648438
208.9212188720703
204.3358917236328
199.93661499023438
195.7140655517578
191.6480255126953
187.77883911132812
184.0472869873047
180.42552185058594
176.91934204101562
