1499.9998779296875
1500.0
1500.0
1500.0
1500.0
1500.0
1500.0
1500.0
1500.0
1500.0
1500.0
1499.9989013671875
1500.0
1500.0
1500.0
1500.0
1500.0
1500.0
1500.0
1500.0
1500.0
1500.0
1500.0
1500.0
1500.0
1500.0
1500.0
1500.0
1500.0
1500.0
1500.0
1500.0
100.0
100.0
100.0
100.0
100.0
100.0
1499.99951171875
1500.0
1500.0
1500.0
1500.0
1500.0
1499.9989013671875
1500.0
1500.0
1500.0
1500.0
1500.0
1500.0
1500.0
1500.0
1500.0
1499.999755859375
1500.0
1500.0
1500.0
1451.4437255859375
1392.5709228515625
1337.3531494140625
1283.6976318359375
1231.91064453125
1182.2811279296875
1135.87744140625
1091.9046630859375
1051.162109375
1013.7125854492188
979.27880859375
946.8234252929688
914.0745849609375
880.6430053710938
847.0709228515625
813.5264282226562
780.9375610351562
750.518798828125
723.1029052734375
697.33740234375
672.0065307617188
648.3854370117188
627.8700561523438
609.922607421875
594.3359375
579.4243774414062
563.9839477539062
548.2324829101562
532.4400634765625
517.0958251953125
501.73382568359375
486.34619140625
470.8088073730469
455.7983703613281
444.1626281738281
