1500.0
1500.0
1500.0
1500.0
1500.0
1500.0
1500.0
1500.021240234375
1500.0
1500.0
1499.9998779296875
1500.0
1500.0
1500.0
1500.0
1500.0
1500.0
1500.0
1500.0
1500.0
1500.0
1500.0
1500.0
1500.0
1500.0
1500.0
1500.0
1500.0
1500.0
1500.0
1500.0
1500.0
1500.0
1500.0
100.0
99.99998474121094
100.0
100.0
100.0
100.0
1500.0
1499.999267578125
1500.0
1500.0
1500.0
1500.0
1500.0
1500.0
1500.0
1500.0
1500.0
1500.0
1500.0
1500.0
1500.0
1500.0
1500.0
1495.9576416015625
1405.026123046875
1327.260986328125
1256.426025390625
1191.5235595703125
1132.93701171875
1079.463623046875
1030.23291015625
985.05126953125
943.5185546875
905.1344604492188
869.7152709960938
836.9484252929688
806.6264038085938
778.5822143554688
752.9456787109375
729.6771240234375
708.5430908203125
689.2149658203125
679.8060302734375
670.7955932617188
653.8482055664062
637.8755493164062
623.260498046875
610.0570678710938
598.2682495117188
586.7409057617188
575.5014038085938
564.6255493164062
554.3980712890625
544.5575561523438
535.0263061523438
525.8980102539062
517.1544799804688
508.8075256347656
500.7914733886719
493.1553649902344
486.0039978027344
