1500.0
1500.0
1500.0
1500.0
1500.0
1500.0
1500.0
1500.0
1500.0
1500.0
1500.0
1500.0
1500.0
1500.0
1500.0
1500.0
1500.0
1500.0
1500.0
1500.0
1500.0
1500.0
1500.0
1500.0
1500.0
1500.0
1500.0
1500.0
1464.86181640625
1422.709716796875
1381.411376953125
1340.0882568359375
1298.6463623046875
100.0
100.0
100.0
100.0
100.0
100.0
1500.0
1482.032470703125
1387.0614013671875
1289.074951171875
1228.8106689453125
1182.3447265625
1139.9522705078125
1097.7423095703125
1054.49365234375
1010.4852294921875
966.1666259765625
922.3335571289062
879.9156494140625
838.5225830078125
797.7816772460938
758.7615356445312
721.3944091796875
685.7408447265625
668.541015625
651.6665649414062
619.3663330078125
588.9878540039062
560.5346069335938
533.8634643554688
508.8409118652344
485.1715087890625
462.742431640625
441.55743408203125
421.59869384765625
402.76092529296875
384.8477478027344
368.4073181152344
353.3877868652344
339.4910583496094
326.6867370605469
314.7724914550781
303.5185852050781
292.7969665527344
282.55731201171875
272.90673828125
263.9925231933594
255.84548950195312
248.3927001953125
241.5160675048828
235.08462524414062
229.0052032470703
223.16946411132812
217.33607482910156
211.78839111328125
206.52806091308594
201.5276336669922
196.7870330810547
192.30145263671875
188.0637969970703
184.07318115234375
180.2654571533203
