1500.0
1500.0
1500.0
1500.0
1500.0
1500.0
1500.0
1500.0
1500.0
1500.0
1500.0
1500.0
1500.0
1500.0
1500.0
1500.0
1500.0
1500.0
1500.0
1500.0
1500.0
1500.0
1500.0
1500.0
1500.0
1500.0
1500.0
1500.0
1500.0
1500.0
1500.0
1500.0
99.99999237060547
100.0
100.0
100.0
100.0
100.0
1500.0
1500.0
1500.0
1500.0
1500.0
1500.0
1500.0
1400.2034912109375
1277.6983642578125
1172.236083984375
1076.5206298828125
989.77490234375
911.1436767578125
839.640869140625
780.2389526367188
731.2366943359375
689.5446166992188
652.768798828125
620.0108032226562
590.5323486328125
563.8523559570312
539.6884155273438
517.9639892578125
498.47894287109375
480.1678771972656
463.024169921875
446.9710998535156
431.89801025390625
417.7755432128906
404.8563537597656
393.2101745605469
382.6429138183594
372.9132995605469
363.8561096191406
355.3205261230469
347.19171142578125
339.4604797363281
332.23553466796875
325.4715576171875
319.0069274902344
312.6971435546875
306.4611511230469
300.2738952636719
294.1438903808594
288.00958251953125
281.8431396484375
275.8871154785156
270.2468566894531
264.8970642089844
259.7624206542969
254.78585815429688
250.00584411621094
245.50596618652344
241.30828857421875
