1425.5758056640625
1104.54345703125
860.0501708984375
718.2221069335938
651.4478759765625
624.6141967773438
607.7955932617188
593.0676879882812
579.53173828125
566.3466186523438
552.800048828125
539.363525390625
526.1890869140625
513.3867797851562
499.55548095703125
486.804931640625
475.08856201171875
463.94378662109375
453.24444580078125
442.94012451171875
433.0671081542969
423.5839538574219
414.8182373046875
407.8550109863281
401.4264221191406
394.8650817871094
388.0489501953125
380.9044189453125
373.3580017089844
365.46142578125
357.2293701171875
348.63214111328125
100.0
100.0
100.0
100.0
100.0
100.0
498.9040222167969
366.4554748535156
318.84063720703125
296.85888671875
285.48431396484375
278.70794677734375
272.831787109375
266.9708557128906
260.8433837890625
255.77685546875
252.3513641357422
248.25108337402344
244.4568634033203
241.270263671875
237.86338806152344
234.68560791015625
231.44937133789062
228.0703887939453
224.59446716308594
221.1416015625
217.51177978515625
213.8581085205078
210.10984802246094
206.25357055664062
202.32858276367188
198.3124237060547
194.26278686523438
190.25047302246094
186.18077087402344
182.0487823486328
177.89276123046875
173.72264099121094
169.55130004882812
165.40106201171875
161.26943969726562
157.18463134765625
153.1576385498047
149.2565460205078
145.43447875976562
141.70018005371094
138.06085205078125
134.5121612548828
131.04563903808594
127.67269134521484
124.40187072753906
121.2977294921875
118.38510131835938
115.54036712646484
112.77615356445312
110.09772491455078
107.50761413574219
105.01231384277344
102.60921478271484
100.29691314697266
