1500.0
1500.0
1500.0
1500.0
1500.0
1500.0
1500.0
1499.999755859375
1499.9998779296875
1499.9998779296875
1500.0
1499.9998779296875
1499.9998779296875
1499.9996337890625
1500.0
1499.9990234375
1499.9993896484375
1499.9998779296875
1499.999267578125
1499.9996337890625
1500.0
1499.99853515625
1499.9990234375
1499.9998779296875
1500.0
1499.997314453125
1499.9996337890625
1499.9998779296875
1499.9962158203125
1500.0
1500.0
1499.9993896484375
99.79163360595703
100.0
100.0
100.0
100.0
100.0
1500.0
1500.0
1499.95849609375
1500.0
1500.0
1500.0
1500.0
1500.0
1500.0
1500.0
1500.0
1500.0
1500.0
1500.0
1500.0
1500.0
1500.0
1500.0
1500.0
1500.0
1478.9539794921875
1442.9765625
1412.272216796875
1382.6727294921875
1352.7891845703125
1322.6815185546875
1292.666015625
1263.40283203125
1234.0238037109375
1204.8668212890625
1176.010986328125
1147.71044921875
1119.7044677734375
1092.0404052734375
1064.8338623046875
1038.1270751953125
1011.9198608398438
986.2738037109375
961.2676391601562
936.9268188476562
913.2739868164062
890.1951904296875
867.7584838867188
846.1610107421875
825.594970703125
805.6082153320312
786.2550048828125
767.5578002929688
749.4025268554688
731.9697265625
715.1315307617188
698.9212036132812
683.2075805664062
667.99267578125
