2079.64501953125
2050.53662109375
2017.1566162109375
1990.0711669921875
2034.175048828125
2053.296630859375
2046.104248046875
2070.260009765625
2098.498291015625
2112.009765625
2121.036376953125
2122.8701171875
2125.00341796875
2137.682373046875
2164.73095703125
2194.313720703125
2215.766845703125
2230.789306640625
2246.422607421875
2264.527099609375
2281.970458984375
2300.99658203125
2323.63720703125
2354.023193359375
2396.330078125
2450.835693359375
2515.85107421875
2589.564208984375
2672.3623046875
2764.7841796875
2866.715576171875
2977.567626953125
120.42117309570312
122.52120208740234
123.73944854736328
123.8275146484375
123.90726470947266
123.98103332519531
1919.115478515625
2722.635986328125
3080.551513671875
3294.771484375
3481.161865234375
3680.03173828125
3894.37548828125
4118.474609375
4345.57421875
4569.8388671875
4788.39501953125
4999.64013671875
5202.03271484375
5396.85205078125
5574.275390625
5734.05078125
5891.1943359375
6053.3603515625
6230.9228515625
6434.42724609375
6622.30615234375
6822.35595703125
7029.6201171875
7225.49560546875
7426.11083984375
7638.7578125
7836.60498046875
8007.349609375
8152.03466796875
8220.03125
8278.361328125
8362.0166015625
8449.5341796875
8560.7041015625
8646.3837890625
8733.9013671875
8842.5078125
8963.0634765625
9070.1865234375
9147.96484375
9198.4599609375
9211.671875
9205.3701171875
9199.748046875
9208.123046875
9236.0244140625
9294.58984375
9214.9150390625
8688.951171875
8282.451171875
7927.7275390625
7609.7109375
7324.46923828125
7064.4423828125
6817.4111328125
