2076.857177734375
2049.328369140625
2022.068115234375
2000.770263671875
2011.5950927734375
2084.3330078125
2075.8681640625
2061.5673828125
2051.495361328125
2057.26025390625
2083.94677734375
2137.1845703125
2189.476806640625
2237.51953125
2286.381591796875
2331.6748046875
2376.205322265625
2424.23779296875
2482.74365234375
2557.793212890625
2653.87841796875
2772.174560546875
2909.379638671875
3060.868408203125
3222.309326171875
3388.90966796875
3557.038330078125
3725.358154296875
3894.43701171875
4064.68603515625
4236.04931640625
4406.43896484375
160.9044647216797
145.3412322998047
147.12657165527344
152.48863220214844
158.3697509765625
163.80422973632812
4077.77294921875
4381.3427734375
4464.34814453125
4513.96435546875
4591.04150390625
4711.60400390625
4873.06689453125
5062.9560546875
5270.9697265625
5494.34716796875
5729.43701171875
5974.7841796875
6225.4150390625
6482.97998046875
6731.33935546875
6978.03173828125
7222.52001953125
7469.234375
7792.47509765625
8064.93603515625
8296.283203125
8497.9052734375
8674.6220703125
8830.6015625
8698.3759765625
8481.3359375
8276.7431640625
8077.763671875
7881.51904296875
7687.28466796875
7496.2294921875
7307.14404296875
7120.21630859375
6936.25244140625
6756.064453125
6579.26611328125
6405.45703125
6233.39013671875
6062.138671875
5891.57373046875
5806.51708984375
5721.681640625
5552.85888671875
5385.111328125
5220.375
5059.6259765625
4903.2392578125
4751.1904296875
4603.373046875
4459.80224609375
4320.46826171875
4185.47998046875
4055.13330078125
3928.9482421875
3806.62841796875
