2080.782470703125
2054.82763671875
2030.6265869140625
2012.368408203125
2023.06396484375
2037.4371337890625
2026.77294921875
2024.0928955078125
2041.877685546875
2049.782958984375
2058.8671875
2094.13037109375
2139.574462890625
2174.6025390625
2210.44140625
2253.15771484375
2307.363525390625
2396.655517578125
2526.53564453125
2684.7470703125
2860.705322265625
3045.831787109375
3234.6025390625
3424.37353515625
3616.544677734375
3814.176025390625
4017.72216796875
4227.25537109375
4442.365234375
4663.103515625
4889.0673828125
5119.2763671875
227.44406127929688
229.18450927734375
235.59664916992188
240.33804321289062
243.0253448486328
244.25889587402344
5138.87548828125
5335.77685546875
5427.50439453125
5520.2587890625
5627.82373046875
5779.49755859375
5986.86669921875
6225.7685546875
6505.43017578125
6817.216796875
7172.59228515625
7568.40869140625
7961.25146484375
8350.5107421875
8718.533203125
9060.23828125
9380.28515625
9675.388671875
9942.798828125
10179.4296875
10379.201171875
10548.2421875
10687.259765625
10797.0927734375
10881.9736328125
10943.8095703125
10983.669921875
11001.72265625
10999.390625
10979.619140625
10945.3427734375
10899.8154296875
10847.3935546875
10784.6044921875
10713.310546875
10632.736328125
10544.0556640625
10446.212890625
10339.6142578125
10225.3994140625
10107.9228515625
9989.8701171875
9867.712890625
9568.783203125
9181.2978515625
8830.87109375
8505.84765625
8200.1416015625
7910.27294921875
7634.07666015625
7370.779296875
7118.96923828125
6877.0068359375
6643.671875
6420.44482421875
