2027.9110107421875
2293.23046875
2276.635986328125
2190.0166015625
2318.78125
2332.903076171875
2292.134765625
2236.164794921875
2192.6611328125
2171.773193359375
2162.72216796875
2176.81005859375
2197.139892578125
2234.18701171875
2285.801025390625
2337.9189453125
2387.5302734375
2434.98046875
2479.10205078125
2524.717041015625
2573.1171875
2624.218505859375
2679.341552734375
2745.806884765625
2827.390869140625
2925.07763671875
3036.78955078125
3160.32470703125
3292.42822265625
3429.923095703125
3571.20458984375
3714.55322265625
113.36800384521484
109.79326629638672
112.813232421875
114.32688903808594
114.84146118164062
115.64617919921875
2361.5078125
3215.912109375
3786.682861328125
4120.15673828125
4223.85400390625
4168.06396484375
4148.90283203125
4151.1923828125
4167.93994140625
4191.46630859375
4217.708984375
4247.55712890625
4283.13818359375
4313.06298828125
4341.96435546875
4362.50244140625
4377.62841796875
4384.96533203125
4386.25927734375
4396.48876953125
4394.283203125
4383.18017578125
4375.0537109375
4351.80419921875
4316.24951171875
4272.24560546875
4220.455078125
4161.4130859375
4094.63134765625
4021.39453125
3942.810791015625
3860.082763671875
3774.60009765625
3687.484130859375
3598.4150390625
3507.34912109375
3415.95263671875
3323.56494140625
3230.517822265625
3137.712646484375
3091.50146484375
3045.4228515625
2954.466552734375
2864.852783203125
2776.25927734375
2688.474365234375
2601.8857421875
2516.95556640625
2433.7841796875
2352.7509765625
2273.9697265625
2196.872314453125
2121.020751953125
2046.2723388671875
1973.4764404296875
