2085.052001953125
2068.845703125
2041.442626953125
2021.4085693359375
2006.92724609375
2016.274169921875
2022.6268310546875
2047.8441162109375
2046.2376708984375
2037.42919921875
2031.10302734375
2031.650390625
2041.142578125
2064.7587890625
2094.997314453125
2120.127685546875
2146.984375
2174.902099609375
2206.644775390625
2239.63818359375
2270.71337890625
2301.480712890625
2333.14306640625
2370.379150390625
2419.73583984375
2483.4208984375
2561.253662109375
2651.38330078125
2751.38623046875
2859.06201171875
2974.483154296875
3098.525146484375
122.73849487304688
123.81849670410156
124.56388854980469
125.03534698486328
125.36884307861328
125.62146759033203
2424.6162109375
2836.07666015625
3071.0830078125
3269.4443359375
3464.824951171875
3668.98095703125
3886.3076171875
4111.18212890625
4338.8330078125
4566.81201171875
4792.4658203125
5014.90869140625
5232.0048828125
5444.3427734375
5643.12158203125
5822.11328125
5986.927734375
6147.78515625
6298.7529296875
6452.6455078125
6602.89404296875
6743.23583984375
6880.62548828125
7020.189453125
7157.302734375
7284.3779296875
7400.66064453125
7513.9052734375
7614.77685546875
7696.14013671875
7757.71337890625
7802.9931640625
7838.4013671875
7867.83544921875
7898.08251953125
7929.51416015625
7966.43408203125
8015.02294921875
8072.05517578125
8114.5107421875
8127.90625
8105.451171875
8051.2998046875
7981.068359375
7899.27587890625
7821.3115234375
7760.5390625
7721.9267578125
7691.1005859375
7653.04052734375
7593.51611328125
7524.04345703125
7443.26904296875
7123.00732421875
