2054.322021484375
2013.95849609375
2079.166748046875
2094.4677734375
2105.480712890625
2147.927490234375
2161.7939453125
2166.409912109375
2166.1396484375
2158.331298828125
2159.207763671875
2169.127685546875
2178.202392578125
2191.606201171875
2211.0029296875
2235.34521484375
2262.404296875
2292.33544921875
2322.150390625
2353.757568359375
2390.21044921875
2431.60205078125
2483.022216796875
2554.05322265625
2654.87939453125
2784.4013671875
2929.87939453125
3067.494140625
3174.8330078125
3275.29052734375
3367.9267578125
3454.1201171875
121.50247192382812
113.00048065185547
113.37344360351562
113.87897491455078
114.23832702636719
114.7332534790039
1889.303466796875
2423.430419921875
2774.610107421875
3229.718994140625
3563.725830078125
3858.07177734375
4162.3564453125
4459.4990234375
4745.220703125
5037.30322265625
5335.48876953125
5611.8046875
5935.7470703125
6280.37060546875
6629.91552734375
6785.84765625
6329.52490234375
5999.9638671875
5721.09033203125
5460.52734375
5199.8671875
4946.953125
4694.5751953125
4429.583984375
4167.9375
3911.998046875
3673.41455078125
3498.361328125
3405.20849609375
3113.760498046875
2847.535400390625
2688.385498046875
2574.228515625
2465.970458984375
2351.958984375
2250.08056640625
2139.01025390625
2068.44580078125
2015.24609375
1985.823974609375
1959.205078125
1928.81591796875
1894.4066162109375
1857.6678466796875
1819.78369140625
1781.45458984375
1741.8411865234375
1702.5159912109375
1664.125
1627.28662109375
1591.8282470703125
1556.308349609375
1520.6639404296875
1484.980224609375
1449.4171142578125
1414.0887451171875
