2075.0439453125
2045.649658203125
2012.2703857421875
1992.8814697265625
2064.098388671875
2057.81884765625
2070.095458984375
2094.05908203125
2103.06494140625
2115.95703125
2132.836181640625
2146.18798828125
2155.002197265625
2173.633056640625
2196.613525390625
2224.060302734375
2261.04345703125
2302.640380859375
2343.834228515625
2383.60498046875
2421.337158203125
2461.002685546875
2511.073486328125
2576.447998046875
2657.190673828125
2753.424072265625
2862.652099609375
2981.52392578125
3106.8505859375
3240.460205078125
3381.03076171875
3527.97265625
124.87841796875
124.40592956542969
124.65213775634766
124.97853088378906
125.27989959716797
125.54837036132812
2591.2685546875
3343.288330078125
3678.29443359375
3895.004150390625
4088.496826171875
4288.09326171875
4501.93896484375
4728.74560546875
4963.56396484375
5203.697265625
5445.8037109375
5688.09619140625
5930.3740234375
6171.37158203125
6414.212890625
6673.47119140625
6913.64453125
7126.51171875
7328.73681640625
7528.03662109375
7715.4990234375
7888.755859375
8047.412109375
8193.5009765625
8333.748046875
8463.5888671875
8578.2294921875
8667.8896484375
8719.20703125
8734.8017578125
8731.330078125
8717.162109375
8697.884765625
8526.60546875
8184.1630859375
7881.18115234375
7594.1806640625
7313.783203125
7058.02099609375
6814.3642578125
6571.0302734375
6321.22705078125
6064.07421875
5800.67431640625
5531.4443359375
5252.57568359375
4976.4306640625
4713.73779296875
4476.82373046875
4276.9853515625
4098.15283203125
3934.824462890625
3778.856201171875
3632.14404296875
