2080.28662109375
2051.494873046875
2015.9169921875
1990.0914306640625
2055.330322265625
2090.945068359375
2076.03662109375
2076.781494140625
2079.446533203125
2075.5263671875
2070.6669921875
2075.702880859375
2083.553955078125
2091.09130859375
2115.144775390625
2136.285400390625
2167.37841796875
2193.775634765625
2213.292724609375
2230.31201171875
2247.8876953125
2271.9052734375
2301.207275390625
2335.67919921875
2380.95751953125
2434.969970703125
2493.346435546875
2558.214111328125
2636.46435546875
2727.80029296875
2827.891357421875
2933.152099609375
120.6308364868164
122.59129333496094
123.61820983886719
124.32601928710938
124.83395385742188
125.23338317871094
1890.291015625
2491.592041015625
2762.478271484375
2973.635009765625
3175.599853515625
3384.835205078125
3602.356689453125
3827.52978515625
4058.80126953125
4306.6962890625
4570.27685546875
4832.560546875
5103.04296875
5367.0234375
5636.15771484375
5908.896484375
5810.7060546875
5692.681640625
5589.5380859375
5505.52783203125
5419.9140625
5334.984375
5244.10302734375
5140.88720703125
5038.71923828125
4938.3134765625
4853.00927734375
4763.8193359375
4665.9970703125
4557.0927734375
4431.7939453125
4299.66357421875
4164.71533203125
4029.029541015625
3894.4365234375
3761.575927734375
3628.0390625
3491.89599609375
3355.549560546875
3220.383056640625
3084.4990234375
2948.60107421875
2819.74365234375
2695.559814453125
2576.988525390625
2466.33837890625
2361.013916015625
2259.527587890625
2158.42724609375
2065.84521484375
1979.398681640625
1893.258056640625
1807.618896484375
1722.0799560546875
