2031.2952880859375
2340.2705078125
2413.376220703125
2369.41259765625
2267.013671875
2196.502685546875
2149.298828125
2130.211669921875
2127.231201171875
2131.276123046875
2155.775390625
2197.36083984375
2247.775634765625
2288.1923828125
2316.88818359375
2347.666015625
2390.703369140625
2439.101318359375
2491.27587890625
2549.28662109375
2618.88232421875
2706.993896484375
2816.32373046875
2945.57373046875
3091.904541015625
3250.0078125
3415.1572265625
3583.876220703125
3754.395263671875
3927.281494140625
3988.86474609375
4012.336669921875
113.30277252197266
105.3514175415039
107.62804412841797
109.18470764160156
110.3918228149414
111.43411254882812
3144.078125
4406.13330078125
4224.85888671875
4109.71240234375
4075.51513671875
4077.093017578125
4092.33349609375
4118.623046875
4161.2880859375
4195.89404296875
4223.5146484375
4245.55615234375
4262.4462890625
4272.7177734375
4290.138671875
4308.1552734375
4318.94189453125
4312.9365234375
4293.45458984375
4261.0712890625
4217.60009765625
4163.552734375
4099.5849609375
4025.83984375
3942.082275390625
3850.334228515625
3752.76806640625
3650.33935546875
3544.662353515625
3437.88916015625
3331.100830078125
3225.0185546875
3119.705078125
3015.577392578125
2913.482666015625
2813.51708984375
2715.40673828125
2620.388671875
2529.5556640625
2442.954345703125
2360.580078125
2282.154541015625
2207.1572265625
2135.2666015625
2066.43701171875
2000.5
1937.4541015625
1877.249267578125
1819.8326416015625
1764.5498046875
1710.787841796875
1659.08935546875
1608.8607177734375
1559.7679443359375
