1898.3812255859375
1419.33349609375
1090.26416015625
913.3875732421875
866.8082885742188
846.692626953125
820.2982788085938
794.4693603515625
770.3571166992188
747.4656982421875
724.7509155273438
707.16552734375
688.9199829101562
676.1478881835938
662.9133911132812
648.1879272460938
632.6167602539062
616.8403930664062
605.793701171875
598.062255859375
588.5198974609375
577.9942016601562
566.8287353515625
555.322021484375
543.2776489257812
530.6220092773438
517.4065551757812
505.271240234375
495.0133972167969
486.4327697753906
478.01947021484375
468.6282043457031
121.27887725830078
123.72119140625
124.34642028808594
124.58025360107422
124.82768249511719
125.04602813720703
507.11102294921875
433.7054748535156
456.96435546875
491.9402160644531
479.0224609375
450.0476379394531
423.07861328125
400.8853454589844
384.71453857421875
376.80853271484375
378.5797424316406
386.6377258300781
398.890625
414.79107666015625
433.52752685546875
453.6772766113281
480.3594665527344
511.3011779785156
545.6325073242188
581.87060546875
617.8160400390625
652.1025390625
684.1975708007812
714.1774291992188
741.4322509765625
766.0150146484375
788.1905517578125
798.8726196289062
808.47314453125
825.1028442382812
839.9025268554688
852.4030151367188
862.5309448242188
870.42431640625
876.1998291015625
880.4993286132812
882.9951171875
883.7140502929688
882.723388671875
880.1634521484375
876.2025146484375
871.0529174804688
864.894775390625
857.931640625
850.3660278320312
842.1066284179688
833.3588256835938
824.2445678710938
814.705078125
804.822509765625
794.6676635742188
784.3025512695312
773.7945556640625
763.2210083007812
752.6214599609375
742.0162963867188
