2019.0355224609375
2402.382568359375
2277.34765625
2273.195068359375
2227.143798828125
2170.3876953125
2129.95751953125
2105.5302734375
2091.709228515625
2104.40869140625
2119.974853515625
2154.0224609375
2194.27294921875
2221.908203125
2239.591796875
2261.61328125
2293.961669921875
2333.86474609375
2376.658447265625
2421.359619140625
2466.4130859375
2512.438232421875
2564.858154296875
2630.7177734375
2715.146728515625
2818.14599609375
2937.5576171875
3070.8193359375
3215.122802734375
3368.918212890625
3531.648193359375
3703.68212890625
103.953369140625
104.59308624267578
107.14102172851562
108.56429290771484
109.68489837646484
110.67768859863281
2748.6279296875
3829.654052734375
4157.74072265625
4063.50537109375
4036.23876953125
4049.8671875
4087.162353515625
4141.59130859375
4201.20556640625
4273.25927734375
4340.78125
4397.98583984375
4448.88671875
4496.900390625
4536.40625
4575.55859375
4601.2705078125
4618.67724609375
4625.36962890625
4633.57861328125
4624.1689453125
4599.9921875
4565.47998046875
4517.357421875
4460.7138671875
4391.28857421875
4310.14501953125
4220.71240234375
4125.185546875
4025.107177734375
3921.15283203125
3814.26611328125
3705.8154296875
3596.27978515625
3485.4140625
3373.668212890625
3261.9580078125
3151.15673828125
3041.823486328125
2934.03125
2827.156005859375
2721.4541015625
2618.119384765625
2518.4990234375
2422.028076171875
2327.90771484375
2236.023681640625
2146.62451171875
2059.710205078125
1976.019287109375
1896.015625
1820.0233154296875
1747.3187255859375
1677.3221435546875
