2037.96923828125
2026.176513671875
2261.67431640625
2365.95849609375
2366.3798828125
2331.40869140625
2294.101806640625
2253.751708984375
2236.99853515625
2236.97021484375
2245.857177734375
2264.850830078125
2287.90478515625
2308.282470703125
2329.003173828125
2347.193359375
2368.78076171875
2403.09228515625
2464.25439453125
2555.160888671875
2671.3203125
2808.695556640625
2964.223388671875
3136.072265625
3325.060791015625
3529.548828125
3751.461669921875
3992.419189453125
4253.908203125
4531.56396484375
4825.26025390625
5143.71142578125
178.6174774169922
149.93067932128906
141.4002685546875
138.63278198242188
138.004150390625
144.46153259277344
5465.1279296875
7413.02294921875
7505.5185546875
7399.76806640625
7425.0283203125
7513.51708984375
7627.6337890625
7754.81103515625
7891.7119140625
8039.69189453125
8193.498046875
8347.4384765625
8500.0908203125
8644.326171875
8777.1103515625
8899.9033203125
9006.82421875
9094.0712890625
9160.0087890625
9205.791015625
9232.9111328125
9241.1162109375
9231.1865234375
9204.4248046875
9161.66015625
9105.5927734375
9038.86328125
8961.9306640625
8873.857421875
8774.419921875
8664.0
8544.0078125
8417.470703125
8283.6962890625
8142.8525390625
7995.9384765625
7844.2705078125
7685.09521484375
7521.0693359375
7358.19482421875
7194.087890625
7030.2548828125
6866.49609375
6704.11474609375
6542.8681640625
6382.25927734375
6222.42333984375
6064.1748046875
5907.97509765625
5754.39697265625
5603.59423828125
5458.32080078125
5315.86376953125
5177.16845703125
