2003.31787109375
2721.128662109375
3064.776123046875
2703.34130859375
2458.157958984375
2346.9091796875
2295.4921875
2271.766357421875
2261.822021484375
2257.68359375
2257.6767578125
2260.61474609375
2263.64453125
2264.9736328125
2260.516357421875
2260.630859375
2267.021728515625
2276.423583984375
2286.463134765625
2295.7548828125
2307.274658203125
2314.338134765625
2283.3076171875
2270.14990234375
2270.81884765625
2286.1474609375
2314.453125
2351.43994140625
2394.53271484375
2440.6474609375
2489.624267578125
2542.111083984375
92.43045806884766
87.70462799072266
88.51460266113281
89.22647094726562
90.0429916381836
90.88455963134766
1760.1876220703125
2916.795654296875
2831.46142578125
2797.480224609375
2820.2822265625
2858.010498046875
2898.443115234375
2938.77490234375
2977.70654296875
3017.281005859375
3055.2880859375
3087.0439453125
3114.521728515625
3140.364990234375
3158.22607421875
3169.33935546875
3192.283935546875
3203.578125
3210.385498046875
3213.091064453125
3210.948974609375
3192.223388671875
3166.012451171875
3127.7880859375
3083.792724609375
3037.089599609375
2984.277099609375
2926.42529296875
2864.413818359375
2800.134521484375
2734.61181640625
2667.739013671875
2600.01708984375
2532.103515625
2464.119873046875
2395.81884765625
2327.322998046875
2259.05126953125
2191.8740234375
2125.784423828125
2060.68359375
1996.3782958984375
1932.2320556640625
1869.2864990234375
1808.5164794921875
1749.9456787109375
1693.0118408203125
1637.4337158203125
1583.097900390625
1529.8753662109375
1476.9290771484375
1423.98193359375
1371.788818359375
1321.02294921875
