2051.43115234375
2005.0546875
2133.01025390625
2236.6044921875
2178.146728515625
2153.861328125
2176.546142578125
2206.21533203125
2232.2705078125
2256.016357421875
2283.484130859375
2322.637451171875
2368.977294921875
2419.7646484375
2479.280517578125
2549.52099609375
2639.4189453125
2751.708740234375
2885.024169921875
3036.932373046875
3206.799560546875
3393.73095703125
3596.9052734375
3815.548828125
4049.572509765625
4298.62353515625
4560.67578125
4827.02734375
5105.43115234375
5386.7763671875
5670.30419921875
5961.59619140625
167.01564025878906
147.59799194335938
147.42660522460938
151.01783752441406
158.36668395996094
187.01161193847656
6706.38916015625
7644.77734375
7925.10400390625
8061.81494140625
8217.45703125
8420.8388671875
8660.724609375
8920.7373046875
9191.9814453125
9485.3642578125
9478.3984375
9502.3564453125
9558.6767578125
9625.4423828125
9696.9150390625
9764.00390625
9819.390625
9858.3310546875
9877.7802734375
9876.2880859375
9853.2080078125
9810.7138671875
9755.9287109375
9690.833984375
9615.666015625
9530.5283203125
9435.0458984375
9330.0849609375
9216.88671875
9096.462890625
8969.5234375
8837.005859375
8699.880859375
8558.8076171875
8413.88671875
8265.5908203125
8115.08984375
7962.73681640625
7808.6650390625
7653.1103515625
7496.15771484375
7339.439453125
7182.62841796875
7024.84033203125
6867.28857421875
6710.71484375
6551.49462890625
6395.8876953125
6244.2587890625
6096.0615234375
5951.56396484375
5811.5
5673.9267578125
5539.24853515625
