2082.62744140625
2059.565185546875
2034.5093994140625
2015.837890625
2002.4739990234375
1998.4119873046875
2032.5498046875
2046.3868408203125
2053.92822265625
2075.9267578125
2093.744140625
2104.4921875
2128.125732421875
2153.543701171875
2186.485595703125
2226.65576171875
2274.65576171875
2345.39013671875
2448.565673828125
2577.119140625
2726.009765625
2892.05908203125
3072.23974609375
3263.805419921875
3464.9111328125
3672.7548828125
3887.735107421875
4112.7548828125
4346.82666015625
4589.9345703125
4841.41064453125
5100.2822265625
222.01556396484375
239.04249572753906
251.3545379638672
258.5875549316406
263.4129638671875
267.0680236816406
5283.20751953125
5561.97802734375
5697.55224609375
5827.416015625
5994.841796875
6205.5751953125
6459.58251953125
6752.98779296875
7098.0791015625
7478.529296875
7869.42822265625
8286.595703125
8718.2265625
9157.392578125
9577.119140625
9978.89453125
10368.65625
10737.541015625
11072.0947265625
11369.55078125
11627.8173828125
11847.1552734375
12027.0234375
12169.8505859375
12281.8359375
12367.1396484375
12428.4794921875
12468.443359375
12488.7607421875
12490.7666015625
12476.001953125
12447.36328125
12404.451171875
12350.8935546875
12288.3046875
12216.2646484375
12126.9384765625
12014.6318359375
11879.7841796875
11727.8359375
11568.375
11401.77734375
11227.6494140625
11047.248046875
10853.36328125
10645.294921875
10428.431640625
10204.634765625
9973.953125
9739.7802734375
9505.4873046875
9272.693359375
9041.7666015625
8812.423828125
