2065.821044921875
2027.7100830078125
1987.1153564453125
2091.114501953125
2094.781982421875
2083.706298828125
2086.3662109375
2115.88037109375
2141.767822265625
2160.215087890625
2163.193603515625
2160.6494140625
2161.518310546875
2168.916259765625
2174.18603515625
2181.494140625
2188.028076171875
2192.277099609375
2201.925537109375
2219.81982421875
2239.192626953125
2263.520751953125
2288.1640625
2316.03125
2363.8779296875
2427.8974609375
2502.228271484375
2587.38232421875
2679.87548828125
2782.455322265625
2893.723876953125
3008.751708984375
118.4721450805664
121.62174987792969
122.97016906738281
123.62398529052734
124.10662841796875
124.45624542236328
2229.5947265625
2837.70361328125
3128.742431640625
3343.978271484375
3528.376220703125
3695.182861328125
3851.510009765625
4003.245361328125
4155.57666015625
4309.06787109375
4464.05712890625
4621.5
4780.16455078125
4940.06640625
5119.86328125
5296.60595703125
5476.11328125
5660.00390625
5841.6171875
6037.33447265625
6213.25439453125
6373.861328125
6528.5830078125
6670.19140625
6785.5205078125
6882.451171875
6970.8720703125
7029.546875
7066.40380859375
7090.26123046875
7105.53564453125
7126.294921875
7148.53173828125
7159.53369140625
7161.47314453125
7176.44189453125
7112.8427734375
6819.00927734375
6570.091796875
6327.59228515625
6081.513671875
5848.8564453125
5640.42578125
5453.19482421875
5280.154296875
5114.75732421875
4949.22509765625
4785.9296875
4626.8720703125
4471.77197265625
4312.94482421875
4149.216796875
3971.91796875
3789.0361328125
