2076.669921875
2043.5523681640625
2009.306884765625
2057.268798828125
2072.7431640625
2060.666259765625
2051.776611328125
2046.0955810546875
2041.3642578125
2038.6505126953125
2044.2862548828125
2056.927978515625
2066.127685546875
2080.9697265625
2096.5341796875
2109.088134765625
2119.08447265625
2140.861083984375
2156.04345703125
2173.73828125
2199.309814453125
2243.9287109375
2294.73193359375
2359.157470703125
2434.787109375
2528.219970703125
2646.85400390625
2800.570556640625
2996.9248046875
3173.0849609375
2994.775634765625
2778.755126953125
103.75335693359375
105.06708526611328
106.17782592773438
107.17066955566406
108.19475555419922
109.016845703125
1836.948486328125
2268.79345703125
2271.182861328125
2297.802001953125
2433.97802734375
2546.58984375
2606.392578125
2665.1494140625
2727.534423828125
2780.3076171875
2821.168701171875
2849.550537109375
2861.9814453125
2859.259765625
2841.532470703125
2810.621337890625
2772.7998046875
2729.5126953125
2687.072509765625
2647.93994140625
2616.263671875
2585.740478515625
2553.5673828125
2521.6357421875
2491.49755859375
2464.006591796875
2440.0703125
2418.767333984375
2398.219482421875
2379.07373046875
2359.367919921875
2338.436767578125
2315.8291015625
2291.0283203125
2264.527099609375
2237.1103515625
2208.342041015625
2177.460205078125
2145.09912109375
2111.495849609375
2076.80224609375
2041.0723876953125
2004.636962890625
1967.729248046875
1930.441650390625
1893.3492431640625
1856.448486328125
1819.650390625
1783.138916015625
1747.086669921875
1711.651611328125
1676.822998046875
1642.5135498046875
1608.837158203125
1575.895263671875
