2085.106201171875
2064.8330078125
2036.4400634765625
2012.682373046875
1996.2957763671875
2015.734130859375
2056.31591796875
2047.5926513671875
2036.490234375
2047.1695556640625
2070.082275390625
2084.658935546875
2111.372314453125
2128.3828125
2145.554443359375
2164.996337890625
2186.28466796875
2203.129638671875
2219.222900390625
2240.07080078125
2264.575439453125
2289.5234375
2316.868896484375
2347.5009765625
2392.7822265625
2455.78369140625
2532.703857421875
2622.41943359375
2722.021484375
2830.52197265625
2948.328125
3073.76318359375
121.68619537353516
123.21871948242188
124.08641052246094
124.64616394042969
125.02538299560547
125.29560089111328
2346.015869140625
2859.060791015625
3116.93896484375
3311.580810546875
3500.16357421875
3694.365478515625
3895.2109375
4096.7822265625
4294.724609375
4488.205078125
4677.5703125
4861.27490234375
5037.63037109375
5207.4150390625
5371.478515625
5536.67236328125
5710.38330078125
5890.85888671875
6055.53955078125
6225.0703125
6386.11279296875
6537.07177734375
6681.150390625
6830.2236328125
6979.8759765625
7102.03759765625
7201.2724609375
7269.3271484375
7324.90234375
7377.55615234375
7416.3525390625
7431.03515625
7427.40380859375
7433.51611328125
7450.03369140625
7451.29736328125
7439.087890625
7416.9990234375
7382.75048828125
7338.20166015625
7289.49072265625
7237.2705078125
7183.65283203125
7000.5146484375
6708.37744140625
6445.83056640625
6193.94482421875
5947.53173828125
5706.94384765625
5484.6962890625
5271.861328125
5066.04052734375
4871.6357421875
4682.32421875
