2079.9443359375
2050.447265625
2016.794677734375
2006.4677734375
2092.238525390625
2075.50830078125
2065.3486328125
2058.233154296875
2055.016845703125
2049.995849609375
2050.121826171875
2052.0703125
2056.4775390625
2073.878173828125
2076.240478515625
2085.3818359375
2094.7763671875
2110.03955078125
2122.453125
2138.1103515625
2146.547119140625
2153.79150390625
2168.31005859375
2197.4765625
2244.24853515625
2289.934326171875
2337.93701171875
2388.654541015625
2453.09228515625
2528.30224609375
2630.554931640625
2770.902587890625
111.19445037841797
111.8265380859375
112.38817596435547
112.90553283691406
113.4594497680664
113.95708465576172
1700.68896484375
2255.318359375
3164.819091796875
3351.059326171875
3161.162841796875
2962.560791015625
2740.6259765625
2688.71337890625
2751.0419921875
2774.2958984375
2769.802001953125
2748.525146484375
2736.9130859375
2739.394775390625
2735.359130859375
2716.171142578125
2688.624267578125
2653.118408203125
2613.994873046875
2576.52392578125
2541.239013671875
2507.743408203125
2476.5615234375
2443.675537109375
2409.066162109375
2374.948974609375
2338.302978515625
2300.881103515625
2266.306884765625
2234.74853515625
2206.051513671875
2180.28564453125
2154.76220703125
2128.15185546875
2100.17529296875
2070.213623046875
2037.8564453125
2002.4091796875
1964.18359375
1924.29736328125
1882.9100341796875
1840.284912109375
1796.8411865234375
1753.0477294921875
1708.919677734375
1664.764892578125
1621.52587890625
1579.62548828125
1539.2235107421875
1500.33349609375
1462.6134033203125
1425.9093017578125
1390.14013671875
1355.2481689453125
