2032.9307861328125
1948.011962890625
1710.1593017578125
1633.0860595703125
1555.0484619140625
1480.5115966796875
1436.69921875
1412.1126708984375
1389.254150390625
1372.523193359375
1363.255859375
1353.157958984375
1341.3453369140625
1331.0184326171875
1325.207275390625
1322.08740234375
1319.0087890625
1315.9361572265625
1313.6510009765625
1313.2657470703125
1316.9881591796875
1326.1953125
1341.6641845703125
1364.7535400390625
1395.8953857421875
1434.6629638671875
1479.79638671875
1529.8424072265625
1584.1190185546875
1645.527587890625
1707.74951171875
1770.306884765625
136.9886016845703
133.10536193847656
140.4625701904297
157.5676727294922
171.5103759765625
182.60293579101562
2086.685546875
2202.97021484375
2231.651123046875
2251.964111328125
2271.108154296875
2292.364990234375
2317.5341796875
2353.362060546875
2392.42138671875
2440.303955078125
2515.4248046875
2579.00537109375
2640.92138671875
2701.953369140625
2767.776611328125
2828.967041015625
2881.550048828125
2925.170654296875
2959.700439453125
2985.660400390625
3003.67041015625
3014.388916015625
3018.636962890625
3016.6591796875
3008.71826171875
2995.42529296875
2976.888427734375
2953.6630859375
2926.65869140625
2896.98291015625
2864.424072265625
2828.717041015625
2789.42626953125
2747.70849609375
2703.986083984375
2658.537353515625
2611.505859375
2563.197265625
2513.70849609375
2463.392333984375
2412.58935546875
2361.3974609375
2310.11962890625
2258.83154296875
2207.4990234375
2156.130859375
2103.7919921875
2051.0263671875
1999.0450439453125
1947.8065185546875
1897.1177978515625
1847.3123779296875
1798.6221923828125
1751.0135498046875
