2062.776611328125
2039.44775390625
2017.5992431640625
2001.155029296875
2042.0157470703125
2038.72998046875
2056.585693359375
2048.566162109375
2069.2216796875
2094.763916015625
2134.4375
2181.216064453125
2245.07421875
2323.68408203125
2417.678955078125
2536.642333984375
2680.667236328125
2846.25830078125
3031.759521484375
3234.27099609375
3452.115478515625
3684.3408203125
3930.107177734375
4191.392578125
4470.333984375
4767.0830078125
5082.19921875
5411.34765625
5759.70849609375
6145.9208984375
6558.8359375
7002.6533203125
338.1468200683594
331.88604736328125
338.01055908203125
345.4005432128906
352.5635681152344
359.4866943359375
7964.19287109375
9085.267578125
9849.2802734375
10511.7265625
11121.798828125
11743.306640625
12325.3134765625
12868.9755859375
13401.5556640625
13927.080078125
14454.08984375
14995.6552734375
15556.6591796875
16134.5927734375
16729.466796875
17337.046875
17954.19140625
18577.154296875
19199.572265625
19233.58203125
18928.232421875
18648.30859375
18373.84765625
18099.091796875
17822.337890625
17540.82421875
17253.251953125
16959.751953125
16658.634765625
16350.865234375
16037.1962890625
15718.40234375
15397.6083984375
15075.26953125
14755.359375
14437.98828125
14119.01171875
13801.7978515625
13487.630859375
13176.072265625
12860.658203125
12553.994140625
12256.580078125
11964.2490234375
11677.837890625
11397.560546875
11123.5693359375
10855.8994140625
10595.08203125
10341.1845703125
10093.9755859375
9853.8525390625
9620.693359375
9393.3271484375
