2039.0692138671875
1955.5303955078125
1753.3985595703125
1644.0654296875
1606.63427734375
1564.3521728515625
1518.4368896484375
1479.719970703125
1455.501708984375
1433.3013916015625
1413.5308837890625
1404.7484130859375
1400.9014892578125
1394.9674072265625
1386.928955078125
1379.6441650390625
1376.6695556640625
1374.7864990234375
1373.4783935546875
1373.800048828125
1376.1334228515625
1381.670166015625
1392.40185546875
1409.223388671875
1432.325439453125
1461.25927734375
1495.047119140625
1532.5447998046875
1572.8468017578125
1617.0850830078125
1663.7174072265625
1709.2760009765625
132.35679626464844
125.95255279541016
133.36476135253906
145.55767822265625
154.43751525878906
160.6460418701172
1845.000244140625
1963.89990234375
2011.8641357421875
2044.844482421875
2068.269287109375
2088.002685546875
2107.2373046875
2126.968505859375
2147.350341796875
2168.455810546875
2189.238525390625
2208.9619140625
2236.458984375
2270.700927734375
2302.962646484375
2349.477294921875
2389.89794921875
2434.509765625
2477.89892578125
2519.45947265625
2552.586181640625
2577.505859375
2595.439208984375
2607.0
2612.527099609375
2613.114013671875
2609.149658203125
2601.0009765625
2588.7919921875
2572.92236328125
2553.8828125
2532.214111328125
2507.6279296875
2480.28662109375
2450.5234375
2418.5390625
2384.51708984375
2348.74658203125
2311.560791015625
2273.112060546875
2233.65234375
2193.491455078125
2152.908935546875
2112.1748046875
2071.476318359375
2030.844482421875
1990.4068603515625
1950.0836181640625
1910.13427734375
1870.53125
1831.36376953125
1792.6778564453125
1754.501953125
1716.80615234375
