2069.12451171875
2028.603515625
1988.7269287109375
2074.42041015625
2084.089599609375
2063.890625
2054.645263671875
2056.31787109375
2084.2431640625
2115.9921875
2147.0986328125
2172.203125
2196.565673828125
2225.365234375
2253.727783203125
2291.837646484375
2347.23828125
2429.496826171875
2542.25244140625
2684.9462890625
2850.765380859375
3035.10498046875
3243.7138671875
3478.5869140625
3738.872314453125
4021.342529296875
4331.34326171875
4675.7431640625
5044.4765625
5421.2431640625
5820.9140625
5739.3505859375
198.29953002929688
177.81346130371094
180.1809539794922
188.01979064941406
196.5460662841797
204.28257751464844
5179.1943359375
5523.00244140625
5359.77001953125
5194.75341796875
5096.90185546875
5033.7021484375
4953.4931640625
4881.259765625
4782.20361328125
4635.583984375
4457.20068359375
4269.4619140625
4072.36181640625
3972.19140625
3870.104736328125
3665.62353515625
3496.418701171875
3351.751953125
3217.7705078125
3092.369873046875
2974.268798828125
2862.255859375
2755.629150390625
2654.284912109375
2556.93896484375
2470.97998046875
2395.73388671875
2324.256103515625
2256.822998046875
2193.04736328125
2132.544921875
2075.150146484375
2021.0906982421875
1970.0906982421875
1921.78759765625
1875.816162109375
1831.4993896484375
1787.7615966796875
1745.8919677734375
1704.941162109375
1664.525634765625
1623.9847412109375
1584.70458984375
1547.6031494140625
1512.7374267578125
1479.0771484375
1446.395263671875
1415.5640869140625
1385.8104248046875
1356.40673828125
1327.64794921875
1299.8341064453125
1273.094970703125
1247.3563232421875
1222.5394287109375
