1846.7958984375
1447.5765380859375
1125.8328857421875
922.0044555664062
890.6777954101562
849.5359497070312
810.2932739257812
774.3731079101562
741.831787109375
710.260009765625
679.501953125
650.8265380859375
623.2550659179688
596.578369140625
576.3350830078125
566.130859375
553.9124755859375
537.3723754882812
517.2466430664062
495.1380310058594
472.59228515625
450.1097106933594
429.1448669433594
421.1068420410156
416.1618347167969
411.8276672363281
407.4059143066406
403.75616455078125
403.32257080078125
399.2625427246094
393.8643798828125
388.48065185546875
122.93501281738281
124.7774887084961
125.98443603515625
126.84378051757812
127.4832534790039
127.96490478515625
353.4903259277344
326.77410888671875
369.99859619140625
377.70574951171875
383.4446716308594
396.74951171875
402.5216369628906
399.70281982421875
390.8388977050781
378.93280029296875
365.90130615234375
353.8875732421875
346.09063720703125
352.1937255859375
359.2751159667969
366.4898681640625
373.2228698730469
382.0159606933594
392.63287353515625
404.4865417480469
416.8924865722656
429.8206481933594
443.00946044921875
455.0222473144531
465.6361389160156
474.1602478027344
482.6095275878906
495.3460388183594
510.6812744140625
526.7137451171875
541.4566650390625
548.6879272460938
555.0338134765625
566.5379638671875
577.6420288085938
588.2410278320312
598.2998046875
607.7772216796875
616.0415649414062
622.6649780273438
627.662353515625
631.1697387695312
633.3939819335938
634.6395263671875
635.0136108398438
634.5736083984375
633.2946166992188
631.3370361328125
628.592041015625
625.09423828125
621.009033203125
616.4418334960938
611.4667358398438
606.1592407226562
600.6058349609375
