2081.76708984375
2057.227294921875
2039.3358154296875
2028.8052978515625
2011.9088134765625
1998.56787109375
2029.1685791015625
2043.165283203125
2046.2386474609375
2042.1259765625
2066.52685546875
2101.09814453125
2159.531494140625
2232.673828125
2308.892822265625
2388.23486328125
2490.442138671875
2626.82470703125
2801.275146484375
3005.581298828125
3225.15234375
3449.77392578125
3675.7099609375
3914.01318359375
4175.146484375
4463.49853515625
4774.69775390625
5110.158203125
5461.58837890625
5820.05322265625
6186.232421875
6562.611328125
6962.345703125
347.0993957519531
343.59393310546875
351.4187927246094
359.65264892578125
367.2976379394531
373.2238464355469
7217.39794921875
7789.89208984375
8467.69140625
9083.9697265625
9614.3125
10109.345703125
10608.34375
11121.810546875
11647.3515625
12183.734375
12734.8525390625
13280.779296875
13557.4677734375
13838.1669921875
14406.626953125
14967.7197265625
15510.763671875
16032.1318359375
16538.66796875
17021.94140625
17476.54296875
17902.7578125
17692.87890625
16876.95703125
16158.1513671875
15479.1572265625
14840.35546875
14562.7685546875
14222.6767578125
13633.916015625
13067.3671875
12523.482421875
12171.2890625
11997.892578125
11500.048828125
11032.7392578125
10806.75
10587.1298828125
10172.76953125
9780.9677734375
9409.0771484375
9056.80078125
8722.4775390625
8405.7060546875
8104.89990234375
7818.47119140625
7545.25
7284.44873046875
7035.07568359375
6796.2001953125
6567.02490234375
6346.91015625
6135.08984375
5931.060546875
5734.37060546875
5544.47265625
5361.27197265625
5183.33740234375
