2068.6484375
2035.98583984375
2004.802001953125
2025.0008544921875
2074.742431640625
2060.35888671875
2045.3577880859375
2075.36279296875
2115.015380859375
2151.297607421875
2186.88671875
2219.640380859375
2255.14501953125
2303.66650390625
2363.7353515625
2440.134765625
2542.944580078125
2671.2314453125
2822.401123046875
2993.321044921875
3181.545654296875
3381.81982421875
3590.24609375
3807.874267578125
4033.922119140625
4266.240234375
4504.3642578125
4747.87646484375
4997.4755859375
5254.880859375
5517.88720703125
5787.53271484375
223.86949157714844
217.58924865722656
229.265380859375
243.7633056640625
258.0863342285156
271.1304626464844
6098.02392578125
6181.509765625
6132.53759765625
6190.58740234375
6346.06689453125
6568.525390625
6840.9697265625
7152.35302734375
7531.1044921875
7914.5126953125
8287.6123046875
8654.1923828125
8632.0498046875
8480.46484375
8336.830078125
8191.0869140625
8041.2861328125
7885.99462890625
7718.279296875
7540.69775390625
7355.703125
7163.25390625
6963.916015625
6759.95263671875
6553.3095703125
6344.05859375
6134.16162109375
5926.0673828125
5721.2578125
5520.43701171875
5325.10595703125
5229.66845703125
5136.568359375
4957.41943359375
4784.35498046875
4616.365234375
4452.115234375
4290.99560546875
4135.23779296875
3984.27392578125
3838.0546875
3696.305908203125
3558.868896484375
3425.57666015625
3296.502685546875
3171.619384765625
3050.982666015625
2934.641845703125
2822.724609375
2715.248046875
2612.771484375
2514.631591796875
2420.0849609375
2328.936767578125
2241.367919921875
