2085.006103515625
2060.721435546875
2032.55712890625
2010.52685546875
1994.3642578125
2048.02978515625
2055.246826171875
2044.027099609375
2035.7879638671875
2049.4072265625
2089.226318359375
2141.67724609375
2189.0068359375
2235.5400390625
2291.522216796875
2361.206787109375
2460.35107421875
2592.574462890625
2749.3408203125
2919.865234375
3097.482666015625
3280.20068359375
3467.11669921875
3654.896240234375
3842.712158203125
4029.273681640625
4211.5693359375
4389.02197265625
4560.5419921875
4729.74072265625
4898.2607421875
5064.8544921875
198.40196228027344
179.26065063476562
174.97879028320312
175.08755493164062
176.3427276611328
177.5587921142578
4243.96484375
4427.08154296875
4577.68408203125
4805.63671875
5090.93896484375
5409.56640625
5580.31298828125
5758.01123046875
6170.96533203125
6560.75048828125
6958.46630859375
7334.52490234375
7655.00732421875
7951.45556640625
8219.9931640625
8378.6826171875
8452.3681640625
8598.7412109375
8704.9130859375
8756.5654296875
8787.798828125
8713.091796875
8589.3857421875
8459.697265625
8345.5751953125
8282.83203125
8208.5703125
8146.38720703125
8120.23486328125
8067.484375
7638.42578125
7277.16015625
6950.9814453125
6649.71630859375
6373.4853515625
6118.72265625
5882.3388671875
5669.5341796875
5458.48828125
5239.69140625
5014.30224609375
4773.130859375
4513.85400390625
4238.6435546875
3992.6552734375
3762.13916015625
3545.261474609375
3394.901611328125
3252.50146484375
3133.717041015625
3047.87841796875
2962.99755859375
2878.461181640625
2795.861328125
2715.726806640625
2637.561767578125
