2085.0
2076.1123046875
2050.779296875
2033.073974609375
2020.764892578125
2010.3734130859375
2001.7950439453125
2013.818359375
2017.80859375
2053.53125
2065.045654296875
2062.685302734375
2056.207275390625
2052.356689453125
2062.63623046875
2090.925537109375
2136.575927734375
2174.938232421875
2215.741455078125
2260.109130859375
2304.98876953125
2351.74365234375
2403.6640625
2470.289794921875
2550.962646484375
2643.82958984375
2744.880615234375
2849.8369140625
2956.750732421875
3064.81396484375
3173.911865234375
3284.038330078125
130.67892456054688
123.45197296142578
123.8697738647461
124.1185531616211
124.30732727050781
124.57479858398438
2687.719970703125
2914.1767578125
3049.851806640625
3192.22998046875
3346.564453125
3506.939453125
3668.151123046875
3827.764404296875
3982.28466796875
4129.82177734375
4270.20849609375
4403.8916015625
4535.2890625
4662.46142578125
4781.1025390625
4890.26123046875
5005.43359375
5111.7255859375
5207.54443359375
5297.5341796875
5384.8505859375
5479.00537109375
5569.9873046875
5664.58837890625
5756.70068359375
5840.45166015625
5913.521484375
5971.16357421875
6026.21533203125
6086.873046875
6157.080078125
6238.79150390625
6325.0517578125
6412.181640625
6501.7353515625
6595.8359375
6686.791015625
6781.78515625
6934.33203125
7204.0654296875
7456.38134765625
7683.17529296875
7856.18408203125
7843.6259765625
7735.5556640625
7684.59912109375
7684.67626953125
7740.3671875
7831.951171875
7868.0205078125
7864.18310546875
7615.2470703125
7177.26220703125
6817.25830078125
