2031.273193359375
1770.349365234375
1395.0391845703125
1309.1614990234375
1241.581298828125
1187.5548095703125
1150.3619384765625
1115.072509765625
1082.9840087890625
1057.9324951171875
1034.4290771484375
1013.2603149414062
989.49072265625
964.8883056640625
940.4180297851562
916.4889526367188
894.1859130859375
876.4771728515625
859.62744140625
847.131591796875
834.5279541015625
823.6784057617188
812.639404296875
800.8134155273438
789.9798583984375
778.346435546875
766.5319213867188
754.5956420898438
741.8075561523438
729.58740234375
719.2894287109375
710.06787109375
114.40926361083984
114.92790985107422
115.65863037109375
116.4114990234375
117.22727966308594
118.00396728515625
595.3857421875
827.8629760742188
879.6798095703125
897.2245483398438
908.482421875
927.5472412109375
946.6288452148438
965.8876953125
985.63232421875
1008.1039428710938
1033.337158203125
1059.2969970703125
1084.5118408203125
1107.9462890625
1128.4794921875
1146.0255126953125
1161.529052734375
1175.1832275390625
1186.5411376953125
1195.064697265625
1201.848388671875
1205.529541015625
1206.0595703125
1204.559326171875
1201.9400634765625
1198.4512939453125
1194.2100830078125
1188.260986328125
1179.8880615234375
1168.9990234375
1155.7320556640625
1140.235107421875
1122.8603515625
1104.0196533203125
1084.471435546875
1064.103759765625
1043.425048828125
1022.3104858398438
1000.8369140625
979.1962890625
957.5771484375
936.1696166992188
915.0451049804688
894.4647827148438
874.3892822265625
854.78955078125
835.6744384765625
817.0532836914062
799.0062255859375
781.5526123046875
764.713623046875
748.55126953125
733.1062622070312
718.4964599609375
704.742431640625
