2076.057373046875
2045.1397705078125
2020.40576171875
2009.7186279296875
2035.5489501953125
2022.3758544921875
2032.6947021484375
2046.708251953125
2062.450439453125
2120.205322265625
2182.20556640625
2248.494873046875
2330.458984375
2474.236083984375
2693.732177734375
2966.0234375
3265.612548828125
3577.391845703125
3901.16748046875
4247.474609375
4618.5048828125
5011.2802734375
5409.72509765625
5813.92041015625
6225.72900390625
6657.57080078125
7116.6015625
7631.3212890625
8219.537109375
8872.2109375
9525.341796875
10185.123046875
499.1401672363281
509.7400817871094
524.2841796875
547.8042602539062
564.5065307617188
577.51611328125
588.5501098632812
11495.41015625
11760.3076171875
11807.861328125
11893.2998046875
12268.7138671875
12754.9970703125
13294.66796875
13841.68359375
14370.021484375
14870.81640625
15342.888671875
15775.8076171875
16166.0048828125
16520.240234375
15930.966796875
15119.36328125
14391.6669921875
13707.2294921875
13050.6806640625
12410.79296875
11805.0732421875
11231.763671875
10697.880859375
10200.81640625
9736.3134765625
9299.791015625
8887.923828125
8499.263671875
8131.58203125
7783.35986328125
7453.13134765625
7139.00439453125
6840.142578125
6556.0400390625
6285.95556640625
6029.18408203125
5784.802734375
5552.0166015625
5330.02001953125
5118.23828125
4916.287109375
4723.693359375
4539.76220703125
4364.16015625
4196.7412109375
4037.12060546875
3884.873779296875
3739.50146484375
3600.63623046875
3467.830078125
3340.72509765625
3218.94775390625
3102.361572265625
2990.90380859375
2884.371826171875
