2065.30712890625
2028.742919921875
1991.121826171875
2049.125732421875
2061.665283203125
2118.036376953125
2159.679443359375
2198.095947265625
2253.6396484375
2326.31640625
2418.833984375
2522.059326171875
2643.482421875
2801.848876953125
2997.751708984375
3227.146240234375
3484.101318359375
3758.3447265625
4044.435791015625
4341.81298828125
4647.705078125
4960.01806640625
5278.11865234375
5603.0732421875
5937.4248046875
6288.5166015625
6711.64404296875
7203.70654296875
7704.3818359375
8190.77099609375
8655.4677734375
9096.7158203125
359.3258361816406
344.91314697265625
341.3216552734375
338.9009094238281
336.803955078125
335.0967712402344
334.1849670410156
7833.22802734375
8903.990234375
9159.2236328125
9303.2822265625
9468.8232421875
9623.4716796875
9801.9697265625
9664.7666015625
9091.154296875
8587.7431640625
8111.123046875
7641.07421875
7175.697265625
6699.45654296875
6246.1826171875
5875.173828125
5550.9169921875
5257.2548828125
4987.14892578125
4736.98876953125
4504.2451171875
4285.79541015625
4080.431396484375
3887.419921875
3706.14306640625
3535.722900390625
3375.02490234375
3223.3447265625
3080.1318359375
2944.67041015625
2816.44189453125
2694.9521484375
2579.728271484375
2470.4033203125
2366.5673828125
2267.889404296875
2173.98193359375
2084.56689453125
1999.4542236328125
1918.416259765625
1841.131103515625
1767.3095703125
1696.7037353515625
1629.10986328125
1564.3531494140625
1502.4017333984375
1442.906982421875
1385.7384033203125
1331.1800537109375
1279.1961669921875
1229.5936279296875
1182.2724609375
1136.8748779296875
1093.10205078125
1051.215087890625
