2065.0458984375
2028.5618896484375
2014.927978515625
2093.85595703125
2176.9091796875
2191.732666015625
2176.46142578125
2185.272216796875
2213.13232421875
2249.955078125
2273.19970703125
2288.141357421875
2308.1845703125
2334.958984375
2365.08251953125
2402.3349609375
2458.4814453125
2559.830078125
2701.005126953125
2864.99853515625
3039.1982421875
3217.240234375
3393.92919921875
3572.08251953125
3768.910400390625
3992.294189453125
4237.65625
4496.32177734375
4761.95751953125
5029.06494140625
5293.21875
5593.61328125
192.80709838867188
191.0979461669922
200.49391174316406
209.66554260253906
215.87583923339844
223.01168823242188
5552.8427734375
5747.12060546875
5658.15185546875
5573.767578125
5606.7392578125
5791.0439453125
6082.51123046875
6459.3330078125
6862.8798828125
6926.6552734375
6842.50830078125
6772.8359375
6687.83544921875
6590.658203125
6469.8154296875
6384.49658203125
6326.85693359375
6153.9248046875
5960.9169921875
5752.20849609375
5535.42236328125
5319.33642578125
5102.927734375
4887.85205078125
4675.28564453125
4460.54345703125
4246.60791015625
4043.114501953125
3853.77001953125
3679.06884765625
3519.515625
3376.27880859375
3244.47900390625
3108.4013671875
2978.287353515625
2853.84521484375
2732.1787109375
2613.536865234375
2504.525634765625
2403.1787109375
2308.72216796875
2220.000244140625
2136.42578125
2057.873779296875
1988.3624267578125
1918.8465576171875
1847.4989013671875
1777.280517578125
1710.960205078125
1648.9259033203125
1587.83349609375
1525.2109375
1463.394775390625
1405.89306640625
1348.380126953125
1291.868896484375
