2068.727783203125
2032.187255859375
2001.85302734375
1981.37109375
2104.707275390625
2110.0244140625
2101.828857421875
2167.61669921875
2234.982177734375
2274.63916015625
2303.482421875
2329.2177734375
2350.14794921875
2369.805419921875
2391.975341796875
2414.3388671875
2442.012451171875
2489.036865234375
2555.9423828125
2646.73291015625
2759.51220703125
2893.0908203125
3044.800537109375
3209.396240234375
3383.699462890625
3566.093017578125
3756.1474609375
3952.129150390625
4152.9404296875
4356.76513671875
4570.478515625
4787.42626953125
5002.96923828125
160.53814697265625
154.30963134765625
165.15432739257812
173.194580078125
177.35760498046875
178.2678985595703
4203.69921875
4439.90869140625
4653.955078125
4893.61474609375
5169.6279296875
5471.6513671875
5814.48583984375
6192.59423828125
6629.7412109375
7065.47314453125
7521.36767578125
8011.8857421875
8434.9482421875
8817.220703125
9177.724609375
9494.9091796875
9777.5537109375
10027.25
9653.525390625
9185.544921875
8783.314453125
8413.56640625
8063.73193359375
7728.97412109375
7407.3798828125
7095.16357421875
6792.0361328125
6497.36767578125
6210.72900390625
5933.6904296875
5665.25634765625
5402.77197265625
5145.3759765625
4895.306640625
4653.775390625
4425.162109375
4214.9404296875
4013.30517578125
3820.182861328125
3638.01220703125
3468.381103515625
3309.41064453125
3159.654541015625
3021.34326171875
2891.240234375
2768.3447265625
2650.894287109375
2538.657470703125
2433.58984375
2337.300537109375
2245.616943359375
2155.050537109375
2064.884521484375
1980.6671142578125
