2076.867431640625
2041.3062744140625
2000.261474609375
2019.3359375
2095.4365234375
2091.258056640625
2091.397216796875
2089.1904296875
2097.161376953125
2105.876953125
2144.710205078125
2192.359130859375
2234.5146484375
2265.54052734375
2294.664306640625
2335.838623046875
2391.19873046875
2463.745361328125
2547.38671875
2647.455322265625
2768.153564453125
2905.85791015625
3056.096435546875
3218.864990234375
3393.677490234375
3581.258544921875
3784.290283203125
4006.873291015625
4254.83447265625
4544.21435546875
4861.77197265625
5208.5732421875
180.99725341796875
165.5523223876953
168.2338409423828
173.31964111328125
177.574951171875
180.26792907714844
4274.9580078125
4509.904296875
4656.91943359375
4886.89599609375
5230.64892578125
5437.0478515625
5327.16357421875
5257.466796875
5188.5390625
5104.919921875
4996.13134765625
4868.0166015625
4745.9345703125
4603.13232421875
4443.99560546875
4276.91357421875
4102.50146484375
3925.991943359375
3748.9990234375
3574.942138671875
3405.770751953125
3240.742431640625
3079.7861328125
2924.673828125
2776.2568359375
2635.671875
2508.426025390625
2395.715576171875
2342.8291015625
2292.858154296875
2201.09619140625
2114.390869140625
2034.48388671875
1961.5926513671875
1894.396240234375
1829.122802734375
1765.905517578125
1705.3629150390625
1647.980224609375
1594.0123291015625
1543.28564453125
1495.7957763671875
1451.5794677734375
1410.292236328125
1370.8094482421875
1332.3238525390625
1294.4818115234375
1258.2674560546875
1224.146240234375
1192.2919921875
1162.636474609375
1134.7513427734375
1107.978271484375
1082.01318359375
1056.7452392578125
