2084.967529296875
2055.005615234375
2022.6220703125
1995.8265380859375
2021.71142578125
2050.31640625
2047.373046875
2081.19482421875
2103.07421875
2139.303955078125
2170.818603515625
2218.7734375
2267.91748046875
2315.177734375
2363.925048828125
2425.0595703125
2522.62060546875
2658.181396484375
2817.612060546875
2988.14599609375
3163.605224609375
3339.241455078125
3508.299560546875
3667.87255859375
3819.181884765625
3967.35400390625
4113.6728515625
4261.45458984375
4412.37255859375
4568.96728515625
4733.31005859375
4905.91748046875
185.2188262939453
170.87686157226562
165.6060791015625
163.08811950683594
161.88607788085938
160.89739990234375
4126.2119140625
4488.27099609375
4737.37890625
5008.38720703125
5323.09619140625
5482.3388671875
5647.01904296875
5964.92919921875
6287.0205078125
6623.01904296875
6951.3466796875
7251.38818359375
7508.63330078125
7632.80615234375
7703.8271484375
7856.11279296875
8072.0009765625
8131.99951171875
8055.099609375
7773.53564453125
7271.78125
6825.52978515625
6415.45654296875
6028.08154296875
5653.1708984375
5296.28759765625
4905.33447265625
4518.8115234375
4155.61279296875
3771.671142578125
3392.489990234375
3189.862548828125
3072.862548828125
2961.042236328125
2856.017822265625
2751.61669921875
2648.37109375
2545.795166015625
2445.255615234375
2347.78271484375
2251.075927734375
2156.565185546875
2069.88623046875
1988.65625
1911.445068359375
1837.149658203125
1766.388916015625
1700.0478515625
1637.8731689453125
1579.0908203125
1523.4317626953125
1472.0174560546875
1428.9375
1386.814697265625
1345.5543212890625
