2085.0
2053.965087890625
2009.8414306640625
2024.481689453125
2094.8994140625
2091.4150390625
2091.531982421875
2100.179443359375
2111.506103515625
2012.6434326171875
1936.681884765625
1890.66796875
1855.189453125
1813.838623046875
1784.1754150390625
1765.585205078125
1755.85400390625
1748.7889404296875
1743.44921875
1741.60009765625
1749.3741455078125
1766.4217529296875
1815.2001953125
1860.1573486328125
1899.7076416015625
1954.9639892578125
2055.34814453125
2152.68359375
2244.224609375
2327.16943359375
2396.9052734375
2454.280029296875
184.311767578125
204.72540283203125
251.08676147460938
291.97979736328125
320.7741394042969
335.31243896484375
2661.68017578125
2541.16455078125
2425.51220703125
2389.39501953125
2390.59033203125
2406.722900390625
2425.508544921875
2440.063232421875
2447.786865234375
2446.885009765625
2437.341552734375
2420.287841796875
2394.714599609375
2361.796142578125
2323.1748046875
2280.143798828125
2234.32421875
2186.824951171875
2138.32763671875
2089.38525390625
2040.4202880859375
1992.301025390625
1945.069091796875
1898.6927490234375
1853.29150390625
1808.925537109375
1765.5943603515625
1723.2442626953125
1681.8206787109375
1641.573974609375
1602.2965087890625
1563.873291015625
1526.273193359375
1489.5751953125
1453.83349609375
1419.0576171875
1385.220703125
1352.321044921875
1320.3408203125
1289.23779296875
1258.9476318359375
1229.478515625
1200.8089599609375
1172.9136962890625
1145.7659912109375
1119.3272705078125
1093.5560302734375
1068.4200439453125
1043.9058837890625
1020.0321044921875
996.7799072265625
974.2124633789062
952.1802368164062
930.6328125
