2062.743896484375
2025.2103271484375
2030.903076171875
2115.903564453125
2172.138671875
2142.916015625
2117.5478515625
2119.49755859375
2129.798828125
2148.3603515625
2167.391357421875
2183.512939453125
2195.75634765625
2208.0947265625
2229.9150390625
2252.710205078125
2276.06982421875
2305.441650390625
2347.3955078125
2417.871826171875
2520.072265625
2642.563720703125
2785.784912109375
2947.9794921875
3125.420166015625
3315.89794921875
3519.4814453125
3739.80224609375
3980.028564453125
4238.3427734375
4512.45556640625
4802.20068359375
181.04513549804688
178.26992797851562
188.32723999023438
197.79812622070312
204.74215698242188
209.7030487060547
5231.17724609375
5431.9833984375
5415.44384765625
5483.76416015625
5656.1708984375
5894.705078125
6036.44287109375
6199.126953125
6563.580078125
6948.62548828125
7379.31005859375
7739.193359375
7671.388671875
7636.7529296875
7610.9755859375
7565.49658203125
7503.17431640625
7424.69677734375
7330.41748046875
7216.5712890625
7084.0595703125
6934.7666015625
6772.51123046875
6597.1845703125
6404.01806640625
6208.04052734375
6011.8544921875
5817.8798828125
5626.47314453125
5437.21435546875
5249.25732421875
5062.4580078125
4877.833984375
4695.998046875
4518.8642578125
4344.6328125
4172.34423828125
4002.310546875
3834.111572265625
3666.46044921875
3501.363037109375
3341.412353515625
3188.580810546875
3042.2900390625
2902.053466796875
2768.509765625
2642.18017578125
2527.791748046875
2423.588134765625
2313.69091796875
2205.301513671875
2101.513427734375
2001.385009765625
1902.925537109375
1808.2611083984375
