2052.861328125
2013.6307373046875
2071.808837890625
2060.3115234375
2099.896240234375
2160.107421875
2209.851318359375
2237.75244140625
2271.475341796875
2279.09716796875
2288.461181640625
2311.247314453125
2339.401611328125
2373.94189453125
2411.24755859375
2451.547607421875
2496.42578125
2544.629150390625
2597.281005859375
2661.95654296875
2751.525390625
2860.685791015625
2983.244140625
3113.744873046875
3254.335205078125
3407.955078125
3574.72802734375
3747.840576171875
3927.0732421875
4113.14599609375
4302.91357421875
4498.4111328125
199.168701171875
164.9585723876953
155.11366271972656
147.3102264404297
139.79147338867188
132.34576416015625
2839.599609375
3372.9560546875
3802.0341796875
4159.42431640625
4499.81494140625
4840.39404296875
5246.12744140625
5717.58251953125
6209.0234375
6705.25732421875
7206.36181640625
7700.58740234375
7763.265625
7323.41845703125
6982.45263671875
6683.50146484375
6399.3291015625
6121.1474609375
5846.72216796875
5586.306640625
5339.7978515625
5103.494140625
4877.392578125
4663.88525390625
4461.13720703125
4268.48779296875
4084.324462890625
3907.52099609375
3738.016845703125
3576.371337890625
3429.85205078125
3292.701416015625
3161.03466796875
3034.257080078125
2912.11572265625
2794.038818359375
2680.88623046875
2571.6435546875
2465.510986328125
2366.19677734375
2273.897216796875
2187.25537109375
2105.232177734375
2027.30517578125
1953.5576171875
1883.10693359375
1817.455322265625
1756.331787109375
1698.8023681640625
1644.322509765625
1592.486572265625
1542.907470703125
1495.3131103515625
1449.4605712890625
