2009.109619140625
2468.8662109375
2251.770751953125
2255.10693359375
2196.107421875
2133.832275390625
2100.477294921875
2098.125
2118.961669921875
2165.535888671875
2205.86474609375
2233.087158203125
2268.7705078125
2320.669677734375
2380.184326171875
2441.0927734375
2501.100830078125
2568.13427734375
2654.113037109375
2769.281982421875
2912.794677734375
3080.91455078125
3269.45068359375
3475.90673828125
3698.96240234375
3936.6494140625
3993.9697265625
4069.1767578125
4147.2724609375
4227.19580078125
4304.78173828125
4391.38330078125
134.79258728027344
161.38381958007812
200.70974731445312
224.941650390625
240.2091827392578
250.1756591796875
4989.17236328125
4747.52001953125
4565.69775390625
4414.4228515625
4332.4443359375
4295.62451171875
4286.70849609375
4283.53759765625
4306.345703125
4342.248046875
4364.1376953125
4373.072265625
4378.69677734375
4356.1953125
4308.60546875
4244.22021484375
4155.15185546875
4048.00048828125
3929.328125
3802.02734375
3669.509521484375
3533.359130859375
3394.34619140625
3253.85400390625
3113.43798828125
2974.366455078125
2836.6494140625
2703.028076171875
2574.812255859375
2451.793212890625
2333.29150390625
2217.8984375
2106.6572265625
2000.3363037109375
1899.40625
1803.68017578125
1711.6944580078125
1624.0997314453125
1539.831298828125
1461.641845703125
1388.18212890625
1319.7095947265625
1256.5323486328125
1198.5740966796875
1145.00341796875
1094.7791748046875
1047.58642578125
1003.4268798828125
961.9813232421875
923.1694946289062
886.8361206054688
852.7376098632812
820.6569213867188
790.4425659179688
761.8388061523438
734.708740234375
