2067.5859375
2027.77294921875
1995.917236328125
1992.444091796875
2099.32861328125
2085.134033203125
2069.246826171875
2076.676025390625
2122.728759765625
2168.954833984375
2201.981689453125
2235.4521484375
2274.620361328125
2320.08251953125
2389.2197265625
2490.1240234375
2630.75146484375
2808.27490234375
3010.800048828125
3236.605224609375
3488.06103515625
3769.282958984375
4080.025634765625
4430.134765625
4813.22314453125
5244.685546875
5703.3837890625
5825.21630859375
5715.681640625
5624.90771484375
5523.5927734375
5403.55908203125
5262.32080078125
330.3073425292969
309.6227722167969
307.65899658203125
309.173583984375
310.5622863769531
311.2256774902344
5502.306640625
5155.30419921875
4833.52783203125
4612.234375
4467.87158203125
4396.74658203125
4321.5478515625
4164.77880859375
3995.5009765625
3811.0322265625
3617.11376953125
3418.7919921875
3219.945556640625
3022.5869140625
2847.195068359375
2694.594970703125
2558.260498046875
2434.395263671875
2320.663818359375
2215.255615234375
2117.117431640625
2025.588134765625
1940.1484375
1860.2734375
1785.7083740234375
1716.4974365234375
1652.414306640625
1592.8343505859375
1536.6844482421875
1483.3218994140625
1432.5400390625
1384.3255615234375
1338.5927734375
1295.2293701171875
1254.0877685546875
1214.9093017578125
1177.4825439453125
1141.6080322265625
1107.2037353515625
1074.2117919921875
1042.5933837890625
1011.9688720703125
982.3899536132812
954.0830078125
927.1473388671875
901.4603271484375
876.9420166015625
853.5200805664062
830.8552856445312
808.6438598632812
786.6909790039062
764.8702392578125
743.5569458007812
723.6370239257812
705.07080078125
