2085.00048828125
2068.82177734375
2042.6175537109375
2024.4954833984375
2007.8104248046875
1995.581298828125
2017.040771484375
2114.347412109375
2097.930419921875
2088.0390625
2087.00048828125
2091.141845703125
2093.83544921875
2110.483642578125
2093.424560546875
2024.9427490234375
1955.4248046875
1908.52587890625
1889.3468017578125
1869.4600830078125
1848.033447265625
1829.6097412109375
1812.5616455078125
1800.9815673828125
1796.8753662109375
1794.7978515625
1793.581298828125
1793.995361328125
1797.935791015625
1825.7073974609375
1859.599853515625
1893.9976806640625
1925.671875
1952.7586669921875
113.45758819580078
117.22464752197266
118.56354522705078
119.29842376708984
119.86598205566406
120.29427337646484
1608.05908203125
2053.107666015625
2041.1768798828125
2006.96337890625
2006.46337890625
2031.2259521484375
2070.21240234375
2114.724853515625
2158.4033203125
2199.115234375
2234.813232421875
2264.322265625
2286.884033203125
2303.2275390625
2313.996337890625
2319.540283203125
2320.068603515625
2316.2880859375
2308.7080078125
2297.975830078125
2284.38232421875
2267.946044921875
2247.77099609375
2223.949462890625
2197.501220703125
2168.6279296875
2137.6923828125
2105.17236328125
2071.864501953125
2038.371337890625
2004.6463623046875
1987.6397705078125
1970.509033203125
1936.1373291015625
1901.689697265625
1867.7056884765625
1834.332763671875
1801.5909423828125
1769.6436767578125
1738.4351806640625
1707.904052734375
1678.1712646484375
1649.218017578125
1634.8477783203125
1620.77099609375
1593.519287109375
1567.05078125
1541.349365234375
1516.38330078125
1492.0596923828125
1468.312255859375
1445.063232421875
1422.236083984375
1399.7547607421875
1377.674072265625
1356.0440673828125
