2084.277587890625
2060.817626953125
2037.6859130859375
2020.6846923828125
2008.6419677734375
1998.0780029296875
2046.27734375
2043.1063232421875
2039.6666259765625
2039.738037109375
2043.1121826171875
2058.478515625
2082.5791015625
2108.767822265625
2154.903564453125
2203.433349609375
2249.31884765625
2297.44091796875
2349.022216796875
2414.2138671875
2502.857177734375
2615.407958984375
2747.5263671875
2893.429931640625
3048.16552734375
3207.139404296875
3366.351318359375
3522.485107421875
3680.422607421875
3841.5927734375
4005.742431640625
4172.998046875
166.5502166748047
159.4596710205078
164.3782196044922
170.724853515625
176.48651123046875
181.02537536621094
4090.639892578125
4353.40966796875
4491.50732421875
4616.44384765625
4749.11962890625
4896.6875
5060.14453125
5239.171875
5430.724609375
5632.68017578125
5841.693359375
6055.81591796875
6286.44873046875
6543.26220703125
6842.30908203125
7201.7607421875
7612.59912109375
7956.86572265625
8272.1923828125
8567.5234375
8840.6904296875
9089.8310546875
9312.078125
9504.826171875
9666.5048828125
9800.47265625
9909.7333984375
9996.1044921875
10060.453125
10104.75
10132.6162109375
10146.693359375
10148.54296875
10139.830078125
10121.5517578125
10094.1044921875
10060.9794921875
10023.7060546875
9983.8251953125
9938.7333984375
9890.2958984375
9841.00390625
9791.7294921875
9742.9541015625
9695.1103515625
9647.8056640625
9596.8798828125
9539.875
9477.873046875
9410.9150390625
9338.6611328125
9260.14453125
9171.0595703125
8814.3037109375
