2085.0
2072.136474609375
2042.2275390625
2018.9508056640625
2004.3221435546875
2012.3443603515625
2101.4833984375
2099.57861328125
2090.369384765625
2085.232421875
2081.803955078125
2078.799560546875
2082.72900390625
2085.00537109375
2087.01416015625
2097.434814453125
2125.851318359375
2066.65869140625
2006.267822265625
1949.825927734375
1913.325439453125
1892.5889892578125
1873.3818359375
1853.5587158203125
1832.235107421875
1810.6456298828125
1790.792724609375
1774.041015625
1763.364990234375
1755.4527587890625
1747.59033203125
1743.3162841796875
117.9129409790039
118.10533142089844
118.5023193359375
118.8652572631836
119.15325927734375
119.39607238769531
1716.64599609375
1668.376220703125
1741.728515625
1747.64599609375
1739.9388427734375
1745.395263671875
1751.2867431640625
1789.289794921875
1850.6534423828125
1908.326904296875
1973.9383544921875
2039.31494140625
2102.252197265625
2160.93017578125
2217.09228515625
2271.758544921875
2324.984619140625
2376.22412109375
2423.7158203125
2466.337890625
2504.03271484375
2537.1474609375
2566.8662109375
2594.38916015625
2619.2529296875
2641.312255859375
2660.7041015625
2677.52734375
2691.605224609375
2702.87353515625
2711.69580078125
2718.6318359375
2724.00830078125
2727.770263671875
2729.7958984375
2730.00390625
2728.413330078125
2726.1572265625
2721.8330078125
2714.896240234375
2705.5439453125
2694.572998046875
2681.552490234375
2665.909912109375
2647.884521484375
2627.70166015625
2605.670166015625
2582.054931640625
2557.06884765625
2530.999267578125
2504.011962890625
2476.2763671875
2447.98681640625
2419.3359375
