1499.9996337890625
1500.0
1500.0
1499.99951171875
1500.0
1500.0
1500.0
1500.0
1500.0
1500.0
1500.0
1500.0
1500.0
1500.0
1500.0
1500.0
1500.0
1500.0
1500.0
1500.0
1500.0
1500.0
1500.0
1500.0
1500.0
1500.0
1500.0
1500.0
1500.0
1500.0
1500.0
1500.0
100.0
100.0
100.0
100.0
100.0
100.0
1500.0
1500.0
1500.0
1500.0
1500.0
1500.0
1500.0
1500.0
1500.0
1500.0
1500.0
1500.0
1500.0
1500.0
1500.0
1500.0
1488.025390625
1415.672119140625
1347.8629150390625
1283.2432861328125
1223.977783203125
1170.97412109375
1120.12548828125
1069.690185546875
1018.59716796875
967.8206176757812
919.6958618164062
874.6796875
831.9885864257812
790.5260009765625
750.8583374023438
712.449462890625
674.6992797851562
637.5842895507812
602.6302490234375
571.3853149414062
544.7545166015625
520.8037109375
498.35736083984375
476.8448791503906
455.41802978515625
433.6150207519531
412.007080078125
390.9993896484375
370.5692443847656
350.9000549316406
332.5619201660156
318.4717102050781
307.0776062011719
296.48065185546875
286.11907958984375
275.7607116699219
266.300537109375
257.0870666503906
