1500.0
1500.0
1500.0
1500.0
1500.0
1500.0
1500.00244140625
1500.0
1500.0
1500.0
1500.0
1500.0
1500.0
1500.0
1500.0
1500.0
1500.0
1469.6783447265625
1433.5328369140625
1395.91552734375
1364.344970703125
1336.9385986328125
1312.7877197265625
1289.5443115234375
1265.5858154296875
1241.7274169921875
1217.33447265625
1192.0670166015625
1164.687255859375
1133.9117431640625
1102.2158203125
1069.2255859375
100.0
100.0
100.0
100.0
100.0
100.0
1500.0
1135.508056640625
991.4267578125
930.3679809570312
891.5692749023438
857.7298583984375
830.1063842773438
802.4182739257812
773.3898315429688
745.6107177734375
727.2840576171875
709.5755615234375
694.1648559570312
678.7098999023438
663.145263671875
647.9711303710938
633.06005859375
618.3495483398438
603.769775390625
589.24462890625
574.8177490234375
560.63134765625
546.7222900390625
533.0999755859375
519.7778930664062
506.7269287109375
493.9280700683594
481.3659973144531
469.0669250488281
457.0312194824219
445.2515563964844
433.7396240234375
422.4967956542969
411.5738830566406
400.98095703125
390.685546875
380.6527099609375
370.8629455566406
361.3046569824219
351.97021484375
342.8257141113281
334.11932373046875
325.6874694824219
317.4775085449219
309.5491943359375
301.8799133300781
294.37628173828125
287.07403564453125
280.0112609863281
273.2003173828125
266.62493896484375
260.2749328613281
254.1593475341797
248.27528381347656
