1500.0
1500.0
1500.0
1500.0
1500.0
1500.0
1500.0
1500.0
1500.0
1500.0
1500.0
1500.0
1500.0
1500.0
1500.0
1500.0
1500.0
1500.0
1500.0
1500.0
1500.0
1500.0
1500.0
1500.0
1500.0
1500.0
1500.0
1500.0
1500.0
1500.0
1500.0
1500.0
100.0
100.0
100.0
100.0
100.0
100.0
1500.0
1500.0
1500.0
1500.0
1500.0
1500.0
1500.0
1500.0
1500.0
1500.0
1500.0
1500.0
1500.0
1489.1290283203125
1416.23388671875
1346.5003662109375
1281.423095703125
1220.030517578125
1161.3223876953125
1104.511474609375
1048.2615966796875
993.6075439453125
940.857666015625
889.5924072265625
841.5274047851562
796.911376953125
754.5498657226562
714.0325927734375
677.7594604492188
643.4729614257812
609.7774658203125
576.8541870117188
548.1739501953125
520.4434814453125
492.9399719238281
465.1912536621094
440.8235168457031
419.0783386230469
398.5337219238281
379.0981750488281
360.6930847167969
343.629150390625
327.097900390625
311.05816650390625
295.5865173339844
282.5803527832031
270.96331787109375
260.1413879394531
251.43182373046875
243.53030395507812
236.03640747070312
228.84808349609375
222.08441162109375
215.51409912109375
