1500.0
1500.0
1500.0
1500.0
1500.0
1500.0
1500.0
1500.0
1500.0
1500.0
1500.0
1500.0
1500.0
1500.0
1499.99951171875
1500.0
1500.0
1500.0
1500.0
1500.0
1500.0
1500.0
1500.0
1500.0
1500.0
1500.0
1500.0
1500.0
1500.0
1500.0
1500.0
1500.0
100.0
100.0
100.0
100.0
100.0
100.0
1500.0
1500.0
1500.0
1500.0
1500.0
1500.0
1500.0
1500.0
1500.0
1500.0
1500.0
1500.0
1500.0
1500.0
1500.0
1500.0
1500.0
1500.0
1500.0
1500.0
1500.0
1500.0
1500.0
1500.0
1482.3021240234375
1434.5533447265625
1390.38818359375
1348.2962646484375
1307.5546875
1267.918212890625
1229.3621826171875
1191.9326171875
1155.5306396484375
1120.2640380859375
1086.1376953125
1053.2432861328125
1021.6100463867188
991.1543579101562
961.8057861328125
933.5465087890625
906.4550170898438
880.5305786132812
855.51806640625
831.4566650390625
808.3701782226562
786.170654296875
764.8436889648438
744.3720092773438
724.7318115234375
705.8749389648438
687.7490234375
670.3460083007812
653.846435546875
638.2344360351562
