1499.9974365234375
1500.0
1500.0
1500.0
1500.00537109375
1500.0
1500.0
1500.0
1500.0
1500.0
1500.0
1500.0
1500.0
1500.0
1500.0
1500.0
1500.0
1500.0
1500.0
1500.0
1500.0
1500.0
1500.0
1500.0
1500.0
1500.0
1500.0
1500.0
1500.0
1500.0
1500.0
1500.0
100.0
100.0
100.0
100.0
100.0
100.0
1500.0
1500.0
1500.0
1500.0
1500.0
1479.10693359375
1388.994873046875
1294.6044921875
1204.85595703125
1121.59423828125
1043.4478759765625
968.8831176757812
901.3104248046875
860.5596923828125
828.9059448242188
795.2525024414062
765.072021484375
737.6822509765625
713.7991333007812
691.6471557617188
669.8853149414062
648.4906616210938
627.689453125
607.6982421875
588.3814086914062
569.7101440429688
551.642333984375
534.2584838867188
517.6858520507812
501.855712890625
486.4624328613281
471.42962646484375
456.856689453125
442.91912841796875
430.0544738769531
417.6583251953125
405.6923828125
394.17626953125
383.1227111816406
372.5266418457031
362.3393249511719
352.5055236816406
342.95977783203125
333.6783447265625
324.663818359375
315.96368408203125
307.5966491699219
299.5682067871094
291.876953125
284.5047607421875
277.4307556152344
270.6836242675781
264.3831787109375
258.3331604003906
