1374.9581298828125
1099.0201416015625
890.3403930664062
753.0511474609375
692.7012329101562
668.0439453125
648.061279296875
628.261474609375
608.899169921875
589.8815307617188
571.373291015625
553.5866088867188
536.5781860351562
520.305419921875
503.98577880859375
488.0651550292969
472.3238830566406
457.14501953125
442.1670227050781
425.3404541015625
409.83050537109375
398.8187255859375
387.81317138671875
376.57403564453125
365.1260681152344
353.680908203125
342.2143249511719
330.7591552734375
319.33795166015625
308.3609619140625
297.99761962890625
288.71197509765625
100.0
100.0
100.0
100.0
100.0
100.0
367.0234375
300.57733154296875
280.7519226074219
270.23779296875
262.79364013671875
257.3584289550781
253.00421142578125
249.2174530029297
245.68032836914062
242.27816772460938
238.9345245361328
235.52578735351562
232.2897491455078
229.3128204345703
226.36007690429688
223.38807678222656
220.4404296875
217.4945526123047
214.45555114746094
211.2449188232422
208.0334014892578
204.71685791015625
201.25680541992188
197.8138427734375
194.42086791992188
191.02008056640625
187.6053466796875
184.1887664794922
180.7589569091797
177.3230743408203
173.94393920898438
170.64100646972656
167.3372802734375
163.99761962890625
160.63792419433594
157.2733154296875
153.90057373046875
150.48550415039062
147.01344299316406
143.5250244140625
140.06407165527344
136.6539306640625
133.39549255371094
130.18157958984375
127.02660369873047
123.94918060302734
120.96070098876953
118.04683685302734
115.21790313720703
112.48845672607422
109.85331726074219
107.30326843261719
104.83885192871094
102.45785522460938
