1336.595947265625
1062.249755859375
831.3935546875
686.0501098632812
643.1954345703125
615.9345703125
592.0872192382812
569.789306640625
547.9226684570312
526.6896362304688
506.04412841796875
485.8458557128906
466.7489318847656
448.3724060058594
428.25653076171875
409.0506591796875
393.46258544921875
380.537353515625
367.6463623046875
354.6058044433594
341.2326354980469
327.4742431640625
313.97430419921875
301.2047424316406
289.2564392089844
281.58087158203125
277.0396728515625
272.401611328125
267.95733642578125
264.12371826171875
260.5409240722656
256.9568176269531
100.0
100.0
100.0
100.0
100.0
100.0
292.3272399902344
267.4584045410156
251.74664306640625
243.7288818359375
235.24098205566406
228.57191467285156
223.1055145263672
218.35595703125
214.22756958007812
210.6162567138672
207.37908935546875
204.3907928466797
201.47216796875
198.31639099121094
195.28652954101562
192.320068359375
189.2796630859375
186.1414031982422
182.87875366210938
179.52774047851562
176.0913848876953
172.5614471435547
168.9718017578125
165.3283233642578
161.62257385253906
157.9732208251953
154.38052368164062
150.856689453125
147.51068115234375
144.3097381591797
141.35940551757812
138.46983337402344
135.6310272216797
132.8529052734375
130.12667846679688
127.4409408569336
124.80203247070312
122.20951843261719
119.68732452392578
117.21560668945312
114.783203125
112.40838623046875
110.09832763671875
107.85796356201172
105.6905288696289
103.60153198242188
101.61558532714844
99.70619201660156
97.85989379882812
96.0762939453125
94.3720932006836
92.74396514892578
91.15896606445312
89.62081146240234
