1499.999755859375
1500.0
1500.0
1500.0
1500.0
1500.0
1500.0
1500.0
1500.0
1500.0
1500.0
1500.0
1500.0
1500.0
1500.0
1500.0
1500.0
1500.0
1500.0
1500.0
1500.0
1500.0
1500.0
1500.0
1500.0
1500.0
1500.0
1500.0
1500.0
1500.0
1500.0
1500.0
100.0
100.0
100.0
100.0
100.0
100.0
1500.0
1500.0
1415.6285400390625
1323.81494140625
1248.774658203125
1181.8958740234375
1120.45849609375
1062.979736328125
1008.29296875
956.036865234375
906.0165405273438
857.705810546875
811.3856811523438
767.5982666015625
726.305419921875
687.3399047851562
650.4644775390625
615.5158081054688
582.381591796875
551.0105590820312
521.27587890625
493.12896728515625
466.555419921875
441.5033874511719
417.9035339355469
395.6881408691406
374.7698669433594
355.08673095703125
336.5604248046875
319.11883544921875
302.711669921875
287.31396484375
272.8704528808594
259.32110595703125
246.60037231445312
234.64633178710938
223.42030334472656
212.83453369140625
202.80116271972656
193.10870361328125
183.82891845703125
175.28355407714844
167.57679748535156
160.2739715576172
153.32247924804688
146.70904541015625
140.46173095703125
134.55809020996094
128.97158813476562
123.6792984008789
118.66150665283203
113.89887237548828
109.37353515625
105.07064819335938
