1500.0
1500.0
1500.0
1500.0
1500.0
1500.0
1500.0
1500.0
1500.0
1500.0
1500.0
1500.0
1500.0
1500.0
1500.0
1500.0
1500.0
1500.0
1500.0
1500.0
1500.0
1500.0
1500.0
1500.0
1500.0
1500.0
1500.0
1500.0
1500.0
1500.0
1500.0
1424.0872802734375
100.0
100.0
100.0
100.0
100.0
100.0
1500.0
1500.0
1440.4307861328125
1332.3555908203125
1224.05859375
1115.675537109375
1011.87255859375
915.7471313476562
830.3514404296875
754.8049926757812
686.8900146484375
625.07763671875
569.7694702148438
521.22119140625
478.4689636230469
440.71795654296875
406.8734130859375
376.4179382324219
349.0259704589844
324.27349853515625
302.3896179199219
284.7022399902344
270.0302734375
257.582763671875
246.70982360839844
236.9522247314453
228.02877807617188
219.8447723388672
212.3385772705078
205.4640350341797
199.14427185058594
193.30392456054688
187.8970184326172
182.8607635498047
178.11587524414062
173.58355712890625
169.20703125
165.02613830566406
161.03456115722656
157.2376708984375
153.6124267578125
150.12704467773438
146.76670837402344
143.51580810546875
140.37989807128906
137.35218811035156
134.41741943359375
131.5692138671875
128.81671142578125
126.15261840820312
123.56229400634766
121.0669174194336
118.76419067382812
116.646484375
