1500.0
1500.0
1500.0
1500.0
1500.0196533203125
1500.0
1500.0
1500.0
1500.0
1500.0
1500.0
1500.0
1500.0
1500.0
1500.0
1500.0
1500.0
1500.0
1500.0
1500.0
1500.0
1500.0
1500.0
1500.0
1500.0
1500.0
1500.0
1500.0
1500.0
1500.0
1500.0
1500.0
100.0
100.0
100.0
100.0
100.0
100.0
1500.0
1500.0
1500.0
1500.0
1500.0
1500.0
1500.0
1500.0
1500.0
1439.54638671875
1336.921875
1239.82275390625
1151.09423828125
1069.7623291015625
999.6666870117188
933.7667846679688
871.51513671875
813.6636962890625
760.46533203125
710.3613891601562
662.327392578125
617.220947265625
579.6422729492188
547.280517578125
518.1902465820312
490.9927978515625
463.92486572265625
437.2004699707031
411.0998229980469
386.0188903808594
362.5833740234375
341.8797302246094
324.3918151855469
311.6263427734375
299.77191162109375
287.9995422363281
275.9932556152344
265.0434265136719
254.0414276123047
242.9676971435547
232.151611328125
221.62681579589844
211.2438201904297
201.58807373046875
194.44288635253906
187.64285278320312
180.56317138671875
173.2265625
166.51412963867188
160.3013916015625
154.33567810058594
151.05990600585938
148.0531005859375
144.65135192871094
