1499.9976806640625
1500.0
1500.0
1500.0
1500.0
1500.000244140625
1500.00048828125
1500.0
1500.0
1500.0
1500.0
1500.0
1499.9998779296875
1500.0
1500.0
1500.0
1499.9998779296875
1500.0
1500.0
1500.0
1500.0
1500.0
1500.0
1500.0
1500.0
1500.0
1500.0
1500.0
1500.0
1500.0
1500.0
1500.0
100.0
100.0
100.0
100.0
100.0
100.0
1500.0
1500.0
1500.0
1500.0
1500.0
1500.0
1500.0
1500.0
1500.0
1500.0
1500.0
1500.0
1500.0
1500.0
1500.0
1500.0
1500.0
1500.0
1500.0
1500.0
1500.0
1500.0
1500.0
1500.0
1500.0
1500.0
1500.0
1500.0
1500.0
1467.477783203125
1387.3505859375
1321.1298828125
1259.654052734375
1201.6649169921875
1146.9307861328125
1095.178466796875
1046.1787109375
999.7445678710938
955.7932739257812
914.1405639648438
874.6331787109375
837.224853515625
801.8863525390625
768.5127563476562
736.9437255859375
707.0167236328125
678.6197509765625
651.6544189453125
626.0296630859375
601.6751708984375
578.513427734375
556.4805908203125
535.5299072265625
515.6076049804688
