1500.0
1500.0
1500.0
1500.0
1500.0
1500.0
1500.0
1500.0
1499.9456787109375
1500.0
1500.0
1500.0
1500.0
1500.0
1500.0
1500.0
1500.0
1500.0
1500.0
1500.0
1500.0
1500.0
1500.0
1500.0
1500.0
1500.0
1500.0
1500.0
1500.0
1500.0
1500.0
1500.0
100.0
100.0
100.0
100.0
100.0
100.0
1500.0
1500.0
1499.9990234375
1499.9998779296875
1500.0
1500.0
1500.0
1415.933349609375
1300.9044189453125
1198.441162109375
1106.7962646484375
1024.56787109375
950.261962890625
884.0151977539062
823.4473266601562
770.2210083007812
722.0076293945312
677.314453125
638.2597045898438
602.6334838867188
570.2199096679688
539.666748046875
510.4789123535156
485.0019836425781
461.2938232421875
437.606689453125
413.1953430175781
388.8265380859375
367.9725341796875
350.2167663574219
332.2579650878906
313.9013977050781
297.3166198730469
281.5381774902344
267.09564208984375
257.0216064453125
247.74017333984375
238.03689575195312
228.49795532226562
218.90089416503906
209.01808166503906
198.77696228027344
187.99461364746094
177.5265350341797
167.8212127685547
158.5430145263672
149.51651000976562
140.63050842285156
133.2262420654297
129.99383544921875
126.08074188232422
122.02996826171875
118.02779388427734
114.08206939697266
110.15364074707031
