1499.9989013671875
1500.0
1500.0
1500.0
1500.0
1500.0
1500.0
1500.0
1500.0
1500.0
1500.0
1500.0
1500.0
1500.0
1500.0
1500.0
1500.0
1500.0
1500.0
1500.0
1500.0
1500.0
1500.0
1500.0
1500.0
1500.0
1500.0
1500.0
1500.0
1500.0
1500.0
1500.0
100.0
100.0
100.0
100.0
100.0
100.0
1499.9998779296875
1500.0
1500.0
1500.0
1500.0
1500.0
1500.0
1500.0
1500.0
1500.0
1500.0
1455.2996826171875
1388.1865234375
1324.6890869140625
1263.5836181640625
1204.5386962890625
1147.8482666015625
1093.3897705078125
1041.4107666015625
992.18212890625
945.6492919921875
901.7396850585938
860.2382202148438
821.2012329101562
784.1027221679688
749.0201416015625
715.6882934570312
683.9080810546875
653.90234375
625.7513427734375
599.197021484375
574.1644897460938
550.6167602539062
528.1576538085938
506.872314453125
487.1787109375
468.63531494140625
451.1217346191406
434.6084899902344
419.0611877441406
404.45867919921875
390.7566833496094
377.9125061035156
365.8505554199219
354.52813720703125
343.870361328125
333.8241882324219
324.3831481933594
315.51806640625
307.1782531738281
299.35467529296875
291.998046875
285.1125793457031
278.6706237792969
