1499.99951171875
1500.0
1500.0
1500.0
1500.0
1500.0
1500.0
1500.0
1500.0
1500.0
1500.0
1500.0
1500.0
1500.0
1500.0
1500.0
1500.0
1500.0
1500.0
1500.0
1500.0
1500.0
1500.0
1500.0
1500.0
1500.0
1500.0
1500.0
1500.0
1500.0
1500.0
1500.0
100.0
100.0
100.0
100.0
100.0
100.0
1500.0
1500.0
1500.0
1500.0
1500.0
1500.0
1500.0
1500.0
1500.0
1500.0
1500.0
1500.0
1481.7225341796875
1384.534423828125
1297.022705078125
1213.6929931640625
1134.557373046875
1058.7608642578125
984.8916625976562
916.1044921875
851.7211303710938
799.3027954101562
754.046142578125
713.896728515625
677.888916015625
645.2232666015625
615.371826171875
587.749755859375
561.9088745117188
537.817138671875
515.4172973632812
504.6436462402344
494.2441711425781
474.8240661621094
456.745849609375
439.9168395996094
424.2249755859375
409.5644836425781
395.849853515625
383.01190185546875
370.9699401855469
359.6269836425781
348.9085388183594
338.7394714355469
329.0462646484375
319.7900695800781
310.94329833984375
302.4756164550781
294.3687438964844
286.59014892578125
279.1065673828125
271.8648376464844
264.8377380371094
258.0500793457031
251.5329132080078
