1499.998291015625
1256.1455078125
1094.4322509765625
1026.6630859375
1000.7618408203125
984.6431884765625
972.784423828125
962.1326904296875
948.9464111328125
935.40234375
922.5250244140625
909.3724975585938
896.0115966796875
882.9569091796875
870.08251953125
857.33837890625
843.8240356445312
828.6746215820312
811.0554809570312
790.69970703125
767.83544921875
743.1859741210938
718.7609252929688
695.2469482421875
671.86181640625
648.9185180664062
625.8075561523438
602.5947265625
579.3366088867188
556.2101440429688
533.4156494140625
510.69329833984375
100.0
100.0
100.0
100.0
100.0
100.0
471.5661315917969
451.37518310546875
436.62091064453125
416.9271545410156
399.6067810058594
383.30633544921875
367.7669982910156
360.2270202636719
352.78369140625
338.0526428222656
323.5064392089844
309.009033203125
294.63427734375
280.5223388671875
266.784423828125
253.53475952148438
240.91616821289062
228.98385620117188
217.53123474121094
206.5537109375
196.03652954101562
185.7913055419922
175.98802185058594
166.6863555908203
157.88107299804688
149.3807830810547
141.28240966796875
133.72293090820312
130.094482421875
126.5757827758789
119.91102600097656
113.5069351196289
107.18932342529297
101.52550506591797
96.20393371582031
91.19256591796875
86.47102355957031
82.03794860839844
77.79315948486328
73.78936767578125
70.06957244873047
66.61604309082031
63.40607833862305
60.4228515625
57.64228439331055
55.048702239990234
52.627105712890625
50.359310150146484
48.231483459472656
46.23164749145508
44.349098205566406
42.5764274597168
40.90639877319336
39.33333206176758
37.85080337524414
36.45187759399414
35.13313674926758
