1375.8916015625
1101.5771484375
893.5155029296875
755.5159301757812
694.4501342773438
669.1514282226562
649.0682373046875
629.3136596679688
609.9143676757812
591.04150390625
572.5513916015625
554.7999877929688
537.8345336914062
521.5708618164062
505.3050842285156
489.4455261230469
473.7766418457031
458.5075988769531
443.6689147949219
427.07305908203125
411.4095764160156
400.52490234375
389.6418151855469
378.6318054199219
367.3406677246094
356.0030212402344
344.66046142578125
333.228515625
321.78814697265625
310.5759582519531
299.98577880859375
290.46673583984375
100.0
100.0
100.0
100.0
100.0
100.0
370.72027587890625
302.78167724609375
283.05291748046875
271.782958984375
264.3392333984375
258.94000244140625
254.63491821289062
250.8978729248047
247.4291534423828
244.03575134277344
240.74929809570312
237.40692138671875
233.9661102294922
230.9706268310547
228.04083251953125
225.12310791015625
222.20448303222656
219.30142211914062
216.38973999023438
213.41868591308594
210.32907104492188
207.19110107421875
203.91986083984375
200.54281616210938
197.1282958984375
193.76722717285156
190.429931640625
187.1053009033203
183.76657104492188
180.40171813964844
177.0216827392578
173.6885986328125
170.43313598632812
167.20556640625
163.94189453125
160.65872192382812
157.37948608398438
154.09967041015625
150.79931640625
147.44879150390625
144.0734405517578
140.70433044433594
137.37445068359375
134.18692016601562
131.03375244140625
127.92845916748047
124.87019348144531
121.9037094116211
119.0002212524414
116.17355346679688
113.4310302734375
110.79244995117188
108.23757934570312
105.76506042480469
