1499.9998779296875
1500.0
1500.0
1500.0
1500.0
1500.0
1500.0
1500.0
1500.0
1500.0
1500.0
1500.0
1500.0
1500.0
1500.0
1500.0
1500.0
1500.0
1500.0
1500.0
1500.0
1500.0
1500.0
1500.0
1500.0
1500.0
1500.0
1500.0
1500.0
1500.0
1500.0
1500.0
100.0
100.0
100.0
100.00019073486328
100.0
100.0
1500.0
1500.0
1500.0
1484.722900390625
1403.42431640625
1339.158447265625
1280.425537109375
1224.3587646484375
1169.852783203125
1116.608154296875
1064.5750732421875
1013.6613159179688
964.1434936523438
916.0028076171875
868.7946166992188
822.5852661132812
778.035888671875
735.626708984375
695.4508666992188
657.464599609375
621.537841796875
587.5120239257812
555.260498046875
524.7797241210938
496.08624267578125
469.1209411621094
443.78790283203125
419.9761657714844
397.5901184082031
376.5486755371094
356.77557373046875
338.20782470703125
320.67352294921875
304.00140380859375
288.5799255371094
281.1436767578125
273.933349609375
260.3304138183594
247.59352111816406
235.4244842529297
223.56533813476562
212.872314453125
202.94601440429688
193.6470184326172
184.8713836669922
176.62637329101562
168.8740997314453
161.57411193847656
154.67991638183594
148.166015625
142.00596618652344
136.17538452148438
130.6522674560547
125.42138671875
120.48377227783203
