1500.0
1500.0
1500.0
1500.0
1500.0
1500.0
1500.0
1500.0
1500.0
1500.0
1500.0
1500.0
1500.0
1500.0
1500.0
1500.0
1500.0
1500.0
1500.0
1500.0
1500.0
1500.0
1500.0
1500.0
1500.0
1500.0
1500.0
1500.0
1500.0
1500.0
1500.0
1500.0
100.0003890991211
100.0
100.0
100.0
100.0
100.0
1500.0
1500.0
1500.0
1500.0
1500.0
1500.0
1500.0
1500.0
1500.0
1500.0
1500.0
1500.0
1500.0
1500.0
1500.0
1500.0
1500.0
1500.0
1500.0
1500.0
1500.0
1500.0
1500.0
1500.0
1500.0
1429.9715576171875
1368.73583984375
1316.15234375
1269.5267333984375
1227.431884765625
1189.0523681640625
1154.701904296875
1123.5419921875
1094.4080810546875
1066.5843505859375
1038.616455078125
1010.3925170898438
982.1600952148438
954.1472778320312
926.58251953125
899.5718994140625
873.4004516601562
847.9889526367188
823.1065673828125
798.9371337890625
775.6964721679688
754.6524658203125
736.590576171875
721.1766967773438
707.4229125976562
692.5906372070312
676.0791625976562
656.6555786132812
635.5009765625
