1499.9998779296875
1500.0
1500.0
1500.0003662109375
1500.0
1500.0
1500.0
1500.0
1500.0
1500.0
1500.0
1500.0
1500.0
1500.0
1500.0
1500.0
1500.0
1500.0
1500.0
1500.0
1500.0
1500.0
1500.0
1500.0
1500.0
1500.0
1500.0
1500.0
1500.0
1500.0
1500.0
1500.0
99.98347473144531
100.0
100.0
100.0
100.0
100.0
1500.0
1500.0
1500.0
1500.0
1500.0
1500.0
1500.0
1500.0
1500.0
1500.0
1500.0
1472.041259765625
1402.3841552734375
1337.50244140625
1275.811279296875
1216.55224609375
1159.958740234375
1106.630615234375
1055.5887451171875
1006.55517578125
960.1700439453125
916.1144409179688
874.4054565429688
832.7755737304688
794.7913818359375
758.8110961914062
724.8629760742188
692.84912109375
662.8948974609375
648.4691772460938
634.6202392578125
608.7685546875
584.34814453125
561.470458984375
539.9461669921875
519.689453125
509.89190673828125
500.3868103027344
482.4455261230469
465.52398681640625
449.5131530761719
434.359375
420.0491638183594
406.7140808105469
394.314697265625
382.9727783203125
372.5990295410156
363.15374755859375
354.56103515625
346.703369140625
339.539306640625
332.9131774902344
326.72503662109375
320.9456787109375
315.49249267578125
310.3556213378906
