1499.9957275390625
1500.0
1500.0
1500.0
1500.0
1500.00830078125
1500.0
1500.0
1500.0
1500.0
1500.0
1500.0
1500.0
1500.0
1500.0
1499.9998779296875
1500.0
1500.0
1500.0
1499.9998779296875
1500.0
1500.0
1500.0
1500.0
1500.0
1500.0
1500.0
1500.0
1500.0
1500.0
1500.0
1500.0
99.99992370605469
100.0
100.0
100.0
100.0
100.0
1500.0
1500.0
1500.0
1500.0
1500.0
1500.0
1500.0
1500.0
1500.0
1500.0
1500.0
1500.0
1500.0
1500.0
1500.0
1500.0
1499.9996337890625
1500.0
1500.0
1500.000244140625
1500.0
1499.9993896484375
1500.0
1500.0
1500.0
1499.9998779296875
1499.9998779296875
1500.0
1500.0
1500.0
1500.0
1500.0
1499.9998779296875
1500.0
1500.0
1500.0
1500.0
1500.0
1500.0
1500.0
1500.0
1476.51611328125
1426.046875
1383.250732421875
1343.5689697265625
1306.6778564453125
1272.3134765625
1240.3013916015625
1210.2628173828125
1182.0111083984375
1155.8118896484375
1131.525634765625
1108.8895263671875
1087.7340087890625
1067.997802734375
1049.67529296875
