1499.999755859375
1500.0
1500.0
1500.0
1500.0
1500.0
1500.0
1500.0
1500.0
1500.0
1500.0
1500.0
1500.0
1500.0
1500.0
1500.0
1500.0
1500.0
1500.0
1500.0
1500.0
1500.0
1500.0
1500.0
1500.0
1500.0
1500.0
1500.0
1500.0
1500.0
1500.0
1500.0
100.0
100.0
100.0
100.0
100.0
100.0
1500.0
1500.0
1500.0
1500.0
1500.0
1500.0
1500.0
1500.0
1500.0
1438.451171875
1368.2685546875
1298.4259033203125
1229.4874267578125
1162.301025390625
1097.42431640625
1034.7867431640625
974.3967895507812
916.1354370117188
860.507080078125
807.6027221679688
757.2474365234375
709.478759765625
664.7559204101562
622.6505126953125
582.5868530273438
544.6829223632812
510.5743408203125
478.74847412109375
448.6919860839844
421.1517639160156
395.5488586425781
371.9195861816406
350.0491027832031
329.794921875
311.0608215332031
293.6581115722656
277.2528076171875
262.1925964355469
248.24847412109375
235.32244873046875
223.31761169433594
212.15048217773438
201.77244567871094
192.1287841796875
183.16127014160156
174.99623107910156
167.446044921875
160.37998962402344
153.73162841796875
147.47427368164062
141.5811309814453
136.01846313476562
130.77584838867188
125.82666778564453
121.14788055419922
