1500.0
1500.0
1500.0
1500.0
1500.0
1500.0
1500.0
1500.0
1500.0
1500.0
1500.0
1499.999267578125
1500.0
1500.0
1500.0
1500.0
1500.0
1500.0
1500.0
1500.0
1500.0
1500.0
1500.0
1500.0
1500.0
1500.0
1500.0
1500.0
1500.0
1500.0
1500.0
1500.0
100.0
100.0
100.0
100.0
100.0
100.0
1500.0
1500.0
1500.0
1500.0
1500.0
1500.0
1500.0
1500.0
1500.0
1500.0
1500.0
1500.0
1500.0
1500.0
1500.0
1459.5609130859375
1364.8389892578125
1283.4111328125
1210.4605712890625
1144.41015625
1084.136962890625
1029.0946044921875
978.8479614257812
932.98193359375
891.12158203125
852.8611450195312
817.7969360351562
785.4925537109375
755.8709716796875
728.9461059570312
704.4110717773438
682.0933837890625
661.0929565429688
641.5123901367188
623.073486328125
605.73388671875
589.4765014648438
574.1455688476562
559.6512451171875
545.9901123046875
533.1175537109375
520.885498046875
509.05999755859375
497.4739685058594
486.1260070800781
475.2526550292969
465.0167236328125
455.41253662109375
446.0367126464844
436.98468017578125
428.2755126953125
419.85198974609375
411.55938720703125
403.3438415527344
