1499.9998779296875
1500.0
1133.34912109375
1013.84326171875
973.91796875
945.1166381835938
919.4517822265625
895.7962036132812
873.97802734375
852.064453125
828.251220703125
809.2842407226562
792.5240478515625
776.2218627929688
760.2699584960938
744.419921875
730.0521850585938
717.159912109375
704.6233520507812
691.9907836914062
679.110107421875
665.3649291992188
649.8442993164062
634.279541015625
619.147705078125
604.3693237304688
589.6654663085938
574.9600830078125
561.1593627929688
550.4009399414062
541.932373046875
533.7921752929688
100.0
100.0
100.0
100.0
100.0
100.0
788.1196899414062
628.9254150390625
558.4662475585938
503.87030029296875
471.5788269042969
449.2857360839844
431.0856628417969
415.7846984863281
402.8065490722656
391.87811279296875
383.8697509765625
377.50018310546875
370.63995361328125
363.4794921875
356.2628173828125
348.9220886230469
341.3741455078125
333.8336181640625
326.5665283203125
319.4881896972656
312.402099609375
305.5433349609375
299.16845703125
292.7560119628906
286.3486328125
279.9471130371094
273.5520935058594
267.22125244140625
260.97454833984375
254.8164825439453
248.7445831298828
242.74923706054688
236.8539581298828
231.01004028320312
225.26687622070312
219.61203002929688
214.05758666992188
208.62384033203125
203.322021484375
198.15768432617188
193.10577392578125
188.15147399902344
183.29273986816406
178.5838623046875
174.1090850830078
169.6870880126953
167.52171325683594
165.3602752685547
161.13438415527344
157.0889129638672
153.20004272460938
149.48841857910156
145.93870544433594
142.52027893066406
139.23480224609375
