1500.0
1500.0
1500.0
1500.0
1499.9998779296875
1500.0
1500.0
1500.0
1499.98876953125
1500.0
1500.0
1500.0
1500.0
1500.0
1499.99560546875
1500.0
1500.0
1500.0
1500.0
1500.0
1500.0
1500.0
1500.0
1500.0
1500.0
1500.0
1500.0
1500.0
1500.0
1500.0
1500.0
1500.0
100.0
100.0
100.0
100.0
100.0
100.0
1500.0
1500.0
1500.0
1500.0
1500.0
1500.0
1500.0
1500.0
1500.0
1500.0
1500.0
1500.0
1500.0
1500.0
1442.867431640625
1335.5599365234375
1259.416259765625
1188.8988037109375
1116.4163818359375
1041.5777587890625
981.0792236328125
926.3885498046875
873.3292236328125
822.1509399414062
775.6168212890625
731.1033935546875
690.0784912109375
655.013671875
632.1255493164062
607.3970947265625
575.3831176757812
537.3930053710938
496.22772216796875
452.4141540527344
420.1718444824219
401.8353576660156
383.6513671875
364.1924133300781
344.03985595703125
323.3924255371094
308.3167724609375
305.5662536621094
296.003173828125
281.1238098144531
267.50457763671875
257.31597900390625
249.2179412841797
242.2194366455078
235.85086059570312
229.78851318359375
224.0527801513672
218.51185607910156
213.12261962890625
207.8677978515625
