1499.9979248046875
1500.0
1500.0
1500.0
1500.0
1500.0
1500.0081787109375
1500.0
1500.0
1500.0
1500.0
1500.0
1500.0
1500.0
1500.0
1500.0
1500.0
1500.0
1500.0
1500.0
1500.0
1500.0
1500.0
1500.0
1500.0
1500.0
1500.0
1500.0
1500.0
1500.0
1500.0
1500.0
100.0
100.0
100.0
100.0
100.0
100.0
1500.0
1500.0
1500.0
1500.0
1500.0
1500.0
1500.0
1500.0
1500.0
1500.0
1500.0
1500.0
1500.0
1500.0
1500.0
1500.0
1500.0
1500.0
1500.0
1500.0
1500.0
1500.0
1500.0
1500.0
1500.0
1500.0
1500.0
1500.0
1500.0
1500.0
1500.0
1500.0
1500.0
1499.9962158203125
1500.0
1500.0
1499.999755859375
1471.68994140625
1416.191650390625
1370.259033203125
1327.7166748046875
1290.072509765625
1261.242919921875
1229.1512451171875
1192.811279296875
1154.1715087890625
1114.59716796875
1073.9241943359375
1031.6976318359375
987.6619262695312
942.5203247070312
901.8262939453125
866.4667358398438
832.46240234375
