1500.0
1500.0
1500.0
1500.0
1500.0
1500.0
1500.0
1500.0
1500.0
1500.0
1500.0
1500.0
1500.0
1500.0
1500.0
1500.0
1500.0
1500.0
1500.0
1500.0
1500.0
1500.0
1500.0
1500.0
1500.0
1500.0
1500.0
1500.0
1500.0
1500.0
1500.0
1500.0
100.0
100.0
100.0
100.0
100.0
100.0
1500.0
1500.0
1500.0
1500.0
1500.0
1500.0
1500.0
1500.0
1500.0
1500.0
1500.0
1466.629638671875
1404.8897705078125
1344.2686767578125
1284.4422607421875
1225.987548828125
1169.456787109375
1114.897216796875
1062.3031005859375
1011.7045288085938
963.1907958984375
916.7340087890625
872.4014282226562
830.2252807617188
790.0840454101562
752.0493774414062
716.140380859375
682.12451171875
649.6595458984375
619.0394897460938
590.28271484375
563.146728515625
537.4915161132812
512.4824829101562
488.6173095703125
467.2620544433594
446.9002685546875
427.6214904785156
409.1077880859375
391.756591796875
375.4908447265625
360.0773620605469
345.4671936035156
331.6239318847656
318.5057678222656
306.07928466796875
294.30877685546875
283.12261962890625
272.4768371582031
262.36712646484375
252.75033569335938
243.57650756835938
234.85594177246094
226.5016632080078
