1500.0
1500.0
1500.0
1500.0
1499.999267578125
1500.0
1500.0
1499.9998779296875
1500.0
1500.0
1499.9998779296875
1500.0
1465.7481689453125
1416.4168701171875
1376.304443359375
1344.0882568359375
1314.8856201171875
1285.957763671875
1255.562744140625
1220.4111328125
1182.6484375
1144.6036376953125
1105.8902587890625
1066.67822265625
1029.6956787109375
988.861572265625
943.4623413085938
896.8355712890625
849.0884399414062
803.393310546875
760.028564453125
715.2805786132812
100.0
100.0
100.0
100.0
100.0
100.0
834.8899536132812
685.9813842773438
658.3318481445312
638.1008911132812
617.8477172851562
596.1978149414062
585.444580078125
574.3001708984375
551.9459838867188
530.4329223632812
509.7404479980469
489.88201904296875
470.6948547363281
452.0960388183594
434.0183410644531
416.4848327636719
399.59222412109375
383.4325866699219
368.11871337890625
353.6888427734375
340.07647705078125
327.18231201171875
314.9868469238281
303.5641784667969
292.5745544433594
281.93060302734375
271.67510986328125
261.8094482421875
257.02703857421875
252.33824157714844
243.34056091308594
234.79811096191406
226.7117919921875
219.06190490722656
211.84356689453125
205.0623321533203
198.69412231445312
192.7154998779297
187.09169006347656
181.793212890625
176.79449462890625
172.068603515625
167.60092163085938
163.41552734375
159.48971557617188
155.7631378173828
152.2518768310547
148.91400146484375
145.74295043945312
142.73919677734375
139.91363525390625
137.2541961669922
134.74908447265625
132.38345336914062
130.14349365234375
128.01589965820312
