1499.9925537109375
1500.0
1500.0
1500.0
1500.0
1500.0
1500.0
1500.0
1500.0
1500.0
1500.0
1500.0
1500.0
1500.0
1500.0
1500.0
1500.0
1500.0
1500.0
1500.0
1500.0
1500.0
1500.0
1500.0
1500.0
1500.0
1500.0
1500.0
1500.0
1500.0
1500.0
1500.0
100.0
100.0
100.0
100.0
100.0
100.0
1500.0
1500.0
1499.993896484375
1500.0
1500.0
1500.0
1500.0
1499.999755859375
1500.0
1500.0
1500.0
1500.0
1500.0
1500.000732421875
1500.0
1500.0
1500.0
1500.0
1500.0
1500.0
1500.0
1500.0
1500.0
1500.0
1500.0
1500.0
1500.0
1500.0
1500.0
1492.05419921875
1459.8907470703125
1404.1173095703125
1350.7261962890625
1299.5264892578125
1250.5469970703125
1204.0087890625
1160.0159912109375
1118.4906005859375
1079.2760009765625
1042.245361328125
1007.3223876953125
974.7398681640625
944.4093017578125
916.1753540039062
889.8959350585938
865.3628540039062
842.3881225585938
820.7957153320312
800.4134521484375
781.1260375976562
762.8248291015625
745.450439453125
728.995849609375
713.355224609375
698.4971923828125
684.32080078125
670.7501220703125
