1500.0
1500.0
1500.0
1500.0
1500.00830078125
1500.0
1500.0
1500.0
1500.0
1500.0
1500.0
1500.0
1500.0
1500.0
1500.0
1500.0
1500.0
1500.0
1500.0
1500.0
1500.0
1500.0
1500.0
1500.0
1500.0
1500.0
1500.0
1500.0
1500.0
1500.0
1500.0
1500.0
100.0
100.0
100.0
100.0
100.0
100.0
1500.0
1500.0
1500.0
1500.0
1500.0
1500.0
1500.0
1500.0
1500.0
1500.0
1500.0
1500.0
1500.0
1500.0
1500.0
1500.0
1500.0
1500.0
1500.0
1500.0
1500.0
1500.0
1500.0
1500.0
1500.0
1500.0
1498.51708984375
1439.5838623046875
1385.93798828125
1334.86181640625
1285.8150634765625
1238.6427001953125
1193.167724609375
1149.316650390625
1106.9273681640625
1066.1318359375
1026.8602294921875
989.1195678710938
952.8276977539062
917.933349609375
884.1992797851562
851.9314575195312
820.9948120117188
791.3228149414062
762.855712890625
735.3155517578125
708.7771606445312
683.4991455078125
659.1705322265625
635.8694458007812
613.5635986328125
591.4547119140625
570.1251831054688
550.4903564453125
