1500.0
1500.0
1500.0
1500.0001220703125
1500.0
1500.0
1500.0
1500.0
1500.0
1500.0
1500.0
1500.0
1500.0
1500.0
1500.0
1500.0
1500.0
1500.0
1500.0
1500.0
1500.0
1500.0
1500.0
1500.0
1500.0
1500.0
1500.0
1500.0
1500.0
1500.0
1500.0
1500.0
100.0
100.0
100.0
100.0
100.0
100.0
1500.0
1500.0
1500.0
1500.0
1500.0
1500.0
1500.0
1500.0
1500.0
1500.0
1500.0
1500.0
1500.0
1500.0
1500.0
1500.0
1499.9974365234375
1500.0
1500.0
1500.0
1500.0
1500.0
1500.0
1500.0
1500.0001220703125
1499.999755859375
1500.0
1499.99951171875
1499.999755859375
1500.0
1499.9998779296875
1500.0
1500.0
1499.999755859375
1499.9998779296875
1499.9998779296875
1499.999755859375
1474.10302734375
1426.8740234375
1383.51025390625
1338.8258056640625
1293.5052490234375
1246.639404296875
1199.91650390625
1153.933837890625
1110.3380126953125
1074.8128662109375
1041.235107421875
1006.8983764648438
972.7874755859375
939.464599609375
907.763671875
878.0759887695312
849.8565063476562
