1500.0
1500.0
1500.0
1500.0001220703125
1500.0
1500.0
1500.0
1500.0
1500.0
1500.0
1500.0
1500.0
1500.0
1499.9947509765625
1500.0
1500.0
1500.0
1500.0
1500.0
1500.0
1500.0
1500.0
1500.0
1500.0
1500.0
1500.0
1500.0
1500.0
1500.0
1500.0
1500.0
1500.0
100.0157241821289
100.0
100.0
100.0
100.0
100.0
1500.0
1500.0
1500.0
1500.0
1500.0
1500.0
1500.0
1500.0
1500.0
1500.0
1500.0
1500.0
1500.0
1500.0
1500.0
1500.0
1500.0
1500.0
1500.0
1500.0
1500.0
1500.0
1457.4039306640625
1402.2725830078125
1348.6263427734375
1296.15478515625
1244.999755859375
1195.6185302734375
1148.095458984375
1102.31005859375
1058.1668701171875
1015.5800170898438
974.5767211914062
935.1788940429688
897.3650512695312
861.0158081054688
826.1924438476562
792.9280395507812
761.14208984375
730.7145385742188
701.6571044921875
673.4896850585938
646.797119140625
621.4571533203125
597.3136596679688
574.2907104492188
551.1448364257812
529.5155029296875
509.69805908203125
490.5298156738281
472.2192077636719
454.4267578125
437.47283935546875
421.4655456542969
