2085.00048828125
2085.0
2073.98486328125
2057.738525390625
2047.3389892578125
2039.108154296875
2031.6771240234375
2024.630859375
2025.7642822265625
2028.797119140625
2035.2978515625
2046.514404296875
2041.6766357421875
2042.855712890625
2053.19140625
2056.2978515625
2060.60546875
2063.24560546875
2063.47509765625
2062.1748046875
2060.05859375
2058.803466796875
2066.554443359375
2079.203369140625
2096.336669921875
2121.97412109375
2160.343017578125
2217.386962890625
2276.14111328125
2342.912841796875
2427.4443359375
2519.521728515625
126.59829711914062
127.12689208984375
127.33448028564453
127.46440124511719
127.56944274902344
127.6636734008789
2385.5986328125
2527.020751953125
2652.57421875
2800.61962890625
2962.109130859375
3124.615966796875
3283.665771484375
3444.3701171875
3618.191162109375
3801.17041015625
3998.613037109375
4219.205078125
4477.17041015625
4707.13232421875
4840.44482421875
4990.38720703125
5148.77978515625
5307.80615234375
5455.521484375
5687.556640625
5906.67919921875
6123.67041015625
6339.2353515625
6555.548828125
6792.42578125
6941.7421875
7055.6845703125
7165.85986328125
7342.9189453125
7531.87939453125
7739.57275390625
8002.08544921875
8352.1591796875
8894.1796875
9106.111328125
9103.3056640625
9167.1435546875
9334.4794921875
9539.751953125
9819.412109375
9054.8056640625
8460.375
7997.83984375
7581.720703125
7233.04345703125
6941.2939453125
6715.46875
6514.24951171875
6324.75537109375
6144.509765625
5972.56982421875
5806.904296875
5651.9208984375
5506.39697265625
