2075.672119140625
2046.755126953125
2014.79833984375
1997.1607666015625
2052.920166015625
2053.526123046875
2048.62158203125
2083.91748046875
2101.36181640625
2120.176025390625
2135.33154296875
2150.3056640625
2167.82470703125
2189.08837890625
2218.9814453125
2250.010009765625
2288.06689453125
2331.683349609375
2377.978515625
2424.94482421875
2473.67333984375
2522.449951171875
2579.607666015625
2653.726318359375
2745.577392578125
2853.269287109375
2974.439697265625
3105.69873046875
3243.988037109375
3387.909912109375
3534.2802734375
3682.370361328125
127.01885986328125
125.727294921875
126.60794830322266
127.41124725341797
127.94245910644531
128.21372985839844
2837.13623046875
3376.2392578125
3659.07177734375
3857.957763671875
4029.216552734375
4194.89208984375
4364.353515625
4540.0595703125
4719.1689453125
4898.9931640625
5077.564453125
5254.01708984375
5431.39111328125
5607.2724609375
5783.94384765625
5963.57861328125
6128.841796875
6275.4326171875
6414.40478515625
6531.4189453125
6646.1474609375
6754.96826171875
6857.15478515625
6941.91552734375
7018.8681640625
7088.509765625
7149.4365234375
7202.30810546875
7240.921875
7270.97998046875
7289.068359375
7297.83251953125
7301.3642578125
7305.8427734375
7302.48095703125
7291.26416015625
7009.26904296875
6706.52392578125
6438.5703125
6187.91064453125
5944.29345703125
5735.77294921875
5540.94287109375
5356.71142578125
5179.2763671875
5006.40478515625
4842.29052734375
4689.02734375
4546.3671875
4412.46630859375
4282.89013671875
4153.3095703125
4022.60546875
3896.415283203125
