1931.0928955078125
1470.501220703125
1140.89794921875
956.9395751953125
885.2648315429688
873.0716552734375
850.7055053710938
827.4490356445312
805.3721923828125
784.84912109375
765.3687133789062
746.2352294921875
727.1184692382812
711.4010009765625
696.620849609375
680.66845703125
668.3961791992188
657.7171020507812
645.71044921875
632.7128295898438
619.2586669921875
605.7925415039062
596.0009155273438
589.2626953125
580.8698120117188
571.4811401367188
561.4705200195312
551.119384765625
540.5093383789062
529.8132934570312
521.4891967773438
512.2158203125
124.82261657714844
127.2223892211914
127.6951904296875
127.90711212158203
128.13014221191406
128.33401489257812
595.1499633789062
489.476318359375
495.1328430175781
491.8076171875
481.77056884765625
466.3433837890625
448.4068603515625
429.5873107910156
408.9486389160156
389.77276611328125
375.99560546875
373.12823486328125
378.8677673339844
384.34649658203125
387.7294921875
390.3667297363281
393.1090087890625
397.85906982421875
404.7708435058594
414.52587890625
426.3793640136719
440.6053466796875
455.99169921875
474.1808776855469
497.43365478515625
523.177001953125
551.8467407226562
582.3311767578125
612.8328857421875
642.3807983398438
670.566650390625
697.2870483398438
722.6163940429688
746.02392578125
767.4407958984375
786.9536743164062
804.5824584960938
820.3486328125
834.3848876953125
846.6468505859375
857.0206298828125
865.5484008789062
872.5504760742188
878.2313842773438
882.3836059570312
885.00439453125
886.1470336914062
885.875244140625
884.3028564453125
881.5820922851562
877.8334350585938
873.2379150390625
867.8927001953125
861.9254150390625
