2001.996826171875
2757.987548828125
3089.906005859375
2671.27197265625
2441.374755859375
2338.840087890625
2293.5947265625
2271.661376953125
2262.6630859375
2259.56494140625
2261.853759765625
2265.656494140625
2267.96337890625
2266.0849609375
2270.291259765625
2279.0576171875
2289.4169921875
2299.93505859375
2313.26416015625
2317.808349609375
2286.916015625
2274.558349609375
2276.933349609375
2297.353271484375
2330.595947265625
2373.02587890625
2421.215087890625
2473.318115234375
2529.422607421875
2588.39306640625
2648.153564453125
2708.741455078125
95.28186798095703
89.8816909790039
91.041748046875
92.04057312011719
93.31793212890625
94.38478088378906
2458.203857421875
3142.401611328125
2975.5478515625
2917.116455078125
2917.92822265625
2939.935791015625
2974.734619140625
3012.478515625
3047.161865234375
3080.417236328125
3105.677490234375
3123.113037109375
3151.789794921875
3169.774658203125
3184.0068359375
3191.6826171875
3185.378173828125
3162.493896484375
3126.7177734375
3085.916015625
3036.5341796875
2980.359619140625
2919.0078125
2852.33642578125
2781.515869140625
2708.228759765625
2633.412841796875
2557.6103515625
2480.704345703125
2402.900146484375
2324.71142578125
2247.247314453125
2171.158935546875
2097.222900390625
2025.6241455078125
1954.9036865234375
1885.89013671875
1818.871337890625
1754.298583984375
1692.1453857421875
1632.1961669921875
1574.3887939453125
1517.216796875
1460.022216796875
1403.4075927734375
1348.3414306640625
1295.375244140625
1243.9190673828125
1193.8240966796875
1145.7161865234375
1100.3731689453125
1057.76171875
1017.7279663085938
979.7622680664062
