2051.426513671875
2004.58056640625
2139.335693359375
2248.56787109375
2183.373291015625
2158.787353515625
2181.68994140625
2217.465576171875
2244.856689453125
2274.286865234375
2310.787109375
2357.2109375
2411.7880859375
2474.821533203125
2547.587158203125
2638.842529296875
2753.937744140625
2892.899169921875
3053.471923828125
3234.3154296875
3434.069580078125
3651.839111328125
3886.5703125
4138.35546875
4406.5751953125
4684.88134765625
4972.314453125
5267.94091796875
5565.791015625
5870.81396484375
6186.35986328125
6515.173828125
190.8672332763672
154.75588989257812
154.42823791503906
177.47946166992188
204.5800018310547
232.43365478515625
7481.4169921875
8589.427734375
8881.74609375
9107.408203125
9344.5771484375
9567.771484375
9790.25390625
9681.8232421875
9624.6025390625
9613.9755859375
9629.505859375
9659.9833984375
9697.134765625
9730.349609375
9753.494140625
9761.5732421875
9752.2626953125
9723.5185546875
9675.7060546875
9616.1845703125
9546.873046875
9467.3876953125
9377.4541015625
9276.3388671875
9165.505859375
9045.8046875
8918.2490234375
8783.591796875
8642.763671875
8496.9287109375
8346.361328125
8191.5810546875
8034.00048828125
7874.23486328125
7712.6083984375
7549.2265625
7384.6689453125
7219.3349609375
7054.1005859375
6888.39208984375
6723.12158203125
6559.64453125
6396.43017578125
6233.96923828125
6076.17431640625
5922.41748046875
5773.3486328125
5628.40087890625
5486.388671875
5347.56640625
5213.1591796875
5082.53466796875
4955.2626953125
4831.4169921875
