2056.942626953125
2019.0870361328125
2063.2197265625
2089.808837890625
2091.97021484375
2107.80322265625
2146.8447265625
2149.25830078125
2146.436279296875
2158.000244140625
2155.9853515625
2154.572265625
2154.0478515625
2163.00390625
2172.858154296875
2183.08203125
2197.491455078125
2217.57470703125
2237.7568359375
2259.124755859375
2283.9814453125
2309.557861328125
2335.84619140625
2363.520751953125
2395.67529296875
2431.07421875
2474.310302734375
2531.8740234375
2611.521484375
2714.9130859375
2837.250732421875
2959.38916015625
117.20333099365234
116.37379455566406
116.46566009521484
116.8436050415039
117.04759216308594
117.572509765625
1715.55419921875
2172.19140625
2623.7685546875
2973.6728515625
3231.564697265625
3435.974609375
3607.789306640625
3763.5869140625
3916.081787109375
4059.496826171875
4196.302734375
4329.4423828125
4467.10693359375
4610.3828125
4764.9814453125
4937.12255859375
5141.701171875
5314.3603515625
5502.10888671875
5739.62646484375
6006.5576171875
6341.21875
6683.64794921875
6472.36474609375
6144.37451171875
5892.3505859375
5670.13720703125
5454.365234375
5242.60498046875
5039.173828125
4838.34912109375
4630.8876953125
4397.384765625
4170.5576171875
3955.48876953125
3754.910888671875
3555.56640625
3326.2978515625
3078.3818359375
2835.383544921875
2688.751953125
2588.605712890625
2491.80712890625
2388.26025390625
2294.885498046875
2195.75048828125
2106.021728515625
2043.6246337890625
1995.053955078125
1968.7696533203125
1944.4599609375
1919.239501953125
1891.2818603515625
1861.0537109375
