2076.127197265625
2047.886474609375
2020.5185546875
1999.102783203125
2025.8115234375
2081.3017578125
2070.80517578125
2056.771484375
2051.36669921875
2058.46728515625
2105.711669921875
2157.580810546875
2210.66845703125
2265.806396484375
2317.039794921875
2366.453857421875
2417.771728515625
2478.6220703125
2556.74072265625
2658.56298828125
2785.134765625
2932.57080078125
3094.88818359375
3266.576904296875
3442.923828125
3619.462646484375
3795.868408203125
3973.169921875
4151.90869140625
4330.23828125
4507.98193359375
4685.3251953125
176.27059936523438
161.79107666015625
164.2156982421875
169.8112030029297
175.61561584472656
180.79319763183594
4345.93310546875
4622.85009765625
4686.41552734375
4731.18798828125
4812.9150390625
4941.6064453125
5109.4453125
5306.39697265625
5531.07568359375
5772.490234375
6032.57275390625
6310.1083984375
6583.8408203125
6856.06787109375
7125.48974609375
7393.38330078125
7722.3076171875
8041.5712890625
8312.3583984375
8548.4619140625
8756.0234375
8845.5810546875
8617.484375
8403.537109375
8195.2109375
7988.9267578125
7784.1875
7582.70703125
7385.21435546875
7192.03125
7002.5927734375
6815.2763671875
6628.8984375
6443.34765625
6258.25
6073.6162109375
5890.162109375
5708.27734375
5528.3740234375
5351.400390625
5178.95361328125
5011.5927734375
4849.37158203125
4692.138671875
4539.90771484375
4392.88427734375
4250.740234375
4113.43896484375
3980.655029296875
3852.631103515625
3729.83642578125
3612.05859375
3499.05419921875
3390.16552734375
