2065.28173828125
2042.630615234375
2021.1668701171875
2001.978759765625
2031.8388671875
2036.9017333984375
2051.237060546875
2058.671875
2054.605712890625
2071.434814453125
2095.13818359375
2125.958984375
2162.77880859375
2208.50732421875
2267.0390625
2335.000244140625
2413.907470703125
2510.980712890625
2627.283447265625
2759.6640625
2907.735107421875
3069.782470703125
3244.850830078125
3431.429931640625
3628.906494140625
3836.307373046875
4054.614990234375
4285.095703125
4528.88525390625
4786.09033203125
5057.2822265625
5338.8759765625
229.7698211669922
223.40155029296875
229.90530395507812
238.13555908203125
246.0703582763672
253.41790771484375
5867.369140625
6526.05078125
6972.65576171875
7382.12158203125
7812.9521484375
8281.3388671875
8708.861328125
9119.806640625
9558.1240234375
9985.923828125
10439.0888671875
10922.9150390625
11427.3017578125
11938.5869140625
12466.318359375
13012.1484375
13567.5732421875
14131.544921875
14706.0869140625
15291.595703125
15883.3203125
16479.2421875
17078.37890625
17677.951171875
18277.68359375
18876.0703125
19470.37109375
19702.107421875
19432.134765625
19192.880859375
18959.017578125
18725.013671875
18488.455078125
18247.591796875
18002.248046875
17752.47265625
17497.51171875
17237.001953125
16970.962890625
16700.609375
16426.30078125
16146.7373046875
15865.15625
15584.146484375
15306.60546875
15028.6796875
14749.1669921875
14470.576171875
14192.4638671875
13915.9384765625
13635.2421875
13358.673828125
13091.08203125
12825.650390625
