2062.54150390625
2037.6207275390625
2013.918212890625
1999.11328125
2046.118896484375
2062.857421875
2060.1748046875
2060.706787109375
2090.77001953125
2119.752197265625
2159.371337890625
2209.81689453125
2281.8779296875
2375.97412109375
2494.787353515625
2637.909423828125
2802.4501953125
2988.718505859375
3197.72412109375
3430.279541015625
3689.815185546875
3975.561767578125
4287.876953125
4626.1181640625
4991.515625
5378.57421875
5790.11474609375
6222.2841796875
6676.8173828125
7159.3662109375
7677.94091796875
8262.62890625
413.4255065917969
415.0579528808594
430.05560302734375
446.1973876953125
462.2974853515625
478.4965515136719
10553.3662109375
11891.298828125
12766.23828125
13502.7451171875
14192.1708984375
14837.673828125
15453.3740234375
16041.8984375
16617.1875
17184.5
17756.2421875
18342.423828125
18952.556640625
19591.0859375
20260.142578125
20959.205078125
21390.0546875
21050.71484375
20756.912109375
20470.876953125
20179.828125
19876.505859375
19557.556640625
19223.205078125
18874.482421875
18511.12109375
18136.736328125
17753.208984375
17360.359375
16960.580078125
16561.30859375
16159.3046875
15752.169921875
15333.0302734375
14924.6806640625
14520.9248046875
14122.677734375
13730.7158203125
13343.7822265625
12962.01171875
12586.6875
12220.8623046875
11865.447265625
11525.9052734375
11194.484375
10872.4267578125
10559.5400390625
10256.7333984375
9963.6591796875
9679.8623046875
9405.4189453125
9140.2705078125
8884.111328125
8637.609375
