2049.5966796875
2015.709228515625
2014.1873779296875
2078.13330078125
2056.21240234375
2040.802001953125
2033.238525390625
2030.1529541015625
2053.33349609375
2084.13818359375
2093.23828125
2116.271484375
2169.953369140625
2227.976318359375
2300.0771484375
2411.85498046875
2563.830810546875
2747.493408203125
2954.13916015625
3179.9169921875
3424.764404296875
3688.349365234375
3974.410888671875
4285.240234375
4620.78466796875
4973.3330078125
5337.583984375
5722.09423828125
6131.0224609375
6572.02880859375
7049.29443359375
7563.1201171875
345.930419921875
370.9933776855469
396.54345703125
414.4071044921875
427.12481689453125
436.9176330566406
9669.5888671875
10870.48828125
11467.7578125
11889.7080078125
12305.1904296875
12736.2822265625
13192.224609375
13677.130859375
14191.7578125
14741.3955078125
15084.27734375
14986.333984375
14909.615234375
14831.6298828125
14743.7578125
14643.75
14528.716796875
14396.3623046875
14247.189453125
14081.935546875
13992.9326171875
13899.26953125
13699.3251953125
13484.1328125
13255.6845703125
13013.763671875
12761.515625
12501.2529296875
12234.7109375
11963.0126953125
11689.21484375
11414.9150390625
11133.080078125
10853.3115234375
10582.443359375
10315.4853515625
10052.53515625
9795.9609375
9544.197265625
9298.677734375
9059.021484375
8825.869140625
8598.9072265625
8377.7333984375
8167.0361328125
7962.4873046875
7763.39013671875
7569.58203125
7380.6484375
7196.76025390625
7017.5107421875
6842.58984375
6672.90234375
6508.08935546875
6348.72607421875
