2072.211181640625
2038.392822265625
2012.0360107421875
1997.595947265625
2063.210205078125
2071.015380859375
2059.322265625
2052.976806640625
2057.68798828125
2074.8291015625
2086.763671875
2109.7958984375
2133.60205078125
2142.572509765625
2159.805419921875
2178.053955078125
2220.51025390625
2289.301513671875
2362.9052734375
2416.916015625
2479.536376953125
2581.341552734375
2737.6591796875
2957.884521484375
3268.241943359375
3193.18115234375
3090.183349609375
2935.450927734375
2735.809814453125
2513.230224609375
2538.7275390625
2583.597900390625
2581.023193359375
104.9752197265625
109.36932373046875
111.38509368896484
112.71505737304688
113.57670593261719
114.08653259277344
1879.6212158203125
2319.40087890625
2381.08642578125
2450.64990234375
2480.927001953125
2503.203857421875
2514.965087890625
2492.163330078125
2450.7548828125
2398.55908203125
2340.452392578125
2277.580810546875
2248.480712890625
2233.71630859375
2211.320068359375
2141.744873046875
2073.594970703125
2012.8369140625
1959.95263671875
1913.2347412109375
1869.3123779296875
1827.0762939453125
1785.7847900390625
1743.8258056640625
1701.675537109375
1658.103271484375
1612.9637451171875
1565.6256103515625
1516.47265625
1467.1220703125
1418.5665283203125
1371.0948486328125
1325.07568359375
1280.4775390625
1237.6273193359375
1196.5960693359375
1157.3621826171875
1119.8238525390625
1084.1397705078125
1049.876953125
1016.7966918945312
984.89453125
954.211181640625
924.6838989257812
894.255859375
865.1382446289062
837.7757568359375
812.3727416992188
788.9718017578125
767.5776977539062
748.1294555664062
730.5581665039062
714.697265625
700.2551879882812
686.9939575195312
674.7032470703125
663.2335205078125
