2073.807373046875
2044.3204345703125
2018.5771484375
2000.457763671875
2023.7855224609375
2068.03125
2093.34521484375
2127.879150390625
2157.296142578125
2180.937255859375
2199.851806640625
2218.429931640625
2229.880126953125
2238.90869140625
2248.975341796875
2259.7734375
2275.550048828125
2295.924072265625
2334.26025390625
2399.0693359375
2487.116455078125
2598.92578125
2728.999755859375
2875.970947265625
3032.655517578125
3197.792724609375
3373.465087890625
3557.054931640625
3744.40966796875
3929.671630859375
4106.9169921875
4279.66455078125
4453.4345703125
152.4814910888672
137.91172790527344
140.40721130371094
148.4173583984375
155.46453857421875
160.33970642089844
3847.787109375
4050.2861328125
4088.7724609375
4137.07080078125
4343.6396484375
4633.171875
4963.85009765625
5306.84912109375
5680.5224609375
6011.1171875
6258.76513671875
6448.94482421875
6534.89501953125
6503.912109375
6435.48046875
6379.376953125
6350.28271484375
6346.74853515625
6351.00830078125
6341.02197265625
6325.97412109375
6173.84912109375
5839.1572265625
5552.9306640625
5301.66064453125
5065.09228515625
4833.5341796875
4595.646484375
4371.79296875
4158.03515625
3946.30029296875
3754.7705078125
3577.3681640625
3393.446044921875
3193.767333984375
2988.035888671875
2790.701416015625
2596.3359375
2408.171875
2226.90966796875
2086.758056640625
1961.781494140625
1843.4317626953125
1742.5616455078125
1637.712890625
1529.58203125
1419.24365234375
1305.1295166015625
1199.3514404296875
1142.3759765625
1102.8170166015625
1066.1302490234375
1029.412109375
991.9104614257812
954.172119140625
