2038.1307373046875
1882.6605224609375
1780.3760986328125
1649.2093505859375
1539.4305419921875
1462.4625244140625
1420.8936767578125
1404.787109375
1391.2750244140625
1382.8079833984375
1373.006591796875
1361.2037353515625
1349.7886962890625
1343.8895263671875
1342.3414306640625
1342.5015869140625
1344.479248046875
1350.2774658203125
1363.2125244140625
1385.95849609375
1418.4617919921875
1459.1187744140625
1505.67431640625
1556.3519287109375
1611.01708984375
1668.297119140625
1723.266357421875
1776.1644287109375
1827.896240234375
1878.0391845703125
1926.3260498046875
1972.632568359375
218.10545349121094
200.45196533203125
210.3761444091797
227.72813415527344
246.1626739501953
263.21417236328125
2293.921875
2310.568603515625
2296.4912109375
2310.980224609375
2327.097900390625
2345.97607421875
2394.727783203125
2438.038818359375
2487.618408203125
2540.294677734375
2587.02197265625
2625.218994140625
2654.6689453125
2675.884765625
2689.30322265625
2695.005859375
2693.45751953125
2685.26904296875
2670.624267578125
2650.36474609375
2625.809326171875
2596.876953125
2563.702392578125
2526.792236328125
2504.308837890625
2486.71875
2443.578857421875
2398.580810546875
2351.87939453125
2303.29833984375
2253.95556640625
2203.748291015625
2153.454345703125
2103.373291015625
2053.806396484375
2004.7220458984375
1956.0958251953125
1908.1239013671875
1860.82958984375
1814.250732421875
1768.2965087890625
1723.031982421875
1678.43408203125
1634.5506591796875
1591.364501953125
1549.0068359375
1507.2911376953125
1466.080078125
1426.0726318359375
1387.300537109375
1349.727294921875
1313.37939453125
1278.21826171875
1244.3046875
1211.4151611328125
