2085.00244140625
2071.338134765625
2036.0189208984375
2013.332763671875
2027.3577880859375
2057.5693359375
2061.2900390625
2055.408935546875
2056.228271484375
2057.3291015625
2053.31591796875
2058.366455078125
2062.036376953125
2066.80126953125
2080.623779296875
2098.85546875
2120.333251953125
2149.0439453125
2178.033203125
2222.703125
2294.07470703125
2393.12451171875
2516.6171875
2648.236572265625
2812.658447265625
3016.52978515625
3236.3583984375
3486.4873046875
3762.311767578125
4050.514404296875
4344.14599609375
4650.07177734375
230.2591094970703
236.13088989257812
228.80752563476562
216.00022888183594
206.25389099121094
200.0706024169922
4541.79541015625
4680.78955078125
4772.26708984375
5016.72021484375
5323.0859375
5491.0576171875
5674.17724609375
6058.4990234375
6459.09228515625
6882.6953125
7353.6259765625
7748.34375
8061.48779296875
8292.287109375
8444.05078125
8541.49609375
8617.4306640625
8685.078125
8742.306640625
8804.5126953125
8876.59375
8939.2021484375
8992.7783203125
8946.830078125
8462.2763671875
8076.60888671875
7735.1640625
7411.2421875
7091.75732421875
6782.12158203125
6475.72412109375
6151.48095703125
5779.96435546875
5282.1796875
4849.1103515625
4595.50732421875
4372.8916015625
4162.96923828125
3959.492919921875
3775.7490234375
3594.4599609375
3417.0263671875
3241.16796875
3062.317138671875
2899.3359375
2760.918212890625
2638.787353515625
2520.845458984375
2407.13818359375
2302.424560546875
2212.618896484375
2130.546875
2066.499267578125
2004.8746337890625
1953.800048828125
1907.5675048828125
