2068.46533203125
2035.4962158203125
1993.73388671875
2092.0078125
2145.662841796875
2196.43310546875
2198.103759765625
2184.155517578125
2189.717041015625
2211.701171875
2246.697509765625
2268.687744140625
2281.952880859375
2294.065185546875
2312.3671875
2336.345947265625
2362.43359375
2396.912841796875
2439.901123046875
2511.8388671875
2620.5
2753.716796875
2899.201416015625
3048.763427734375
3199.077880859375
3346.99462890625
3493.447265625
3643.5244140625
3806.23828125
3988.73779296875
4190.7158203125
4405.30126953125
151.17286682128906
134.91322326660156
138.5994873046875
146.6592254638672
154.27296447753906
159.84251403808594
4154.642578125
4576.27392578125
4667.08984375
4704.32958984375
4742.419921875
4833.44287109375
4981.16357421875
5171.091796875
5409.693359375
5725.7861328125
6048.42333984375
6397.171875
6743.041015625
7076.10693359375
7304.24462890625
7171.486328125
7065.5859375
6959.4150390625
6842.81982421875
6709.21923828125
6559.0361328125
6460.3603515625
6396.2001953125
6215.1669921875
6024.15087890625
5828.72998046875
5631.67724609375
5433.23974609375
5234.6552734375
5035.18603515625
4837.80615234375
4642.78564453125
4451.2890625
4264.525390625
4090.60546875
3931.0673828125
3790.989501953125
3660.726806640625
3532.33642578125
3406.591064453125
3284.6376953125
3169.794921875
3058.327392578125
2947.12109375
2832.15380859375
2725.3427734375
2628.037109375
2538.802978515625
2455.49658203125
2375.984130859375
2291.07421875
2211.340576171875
2138.754150390625
2072.337890625
2004.1170654296875
1932.822265625
