2081.995361328125
2057.05322265625
2023.310791015625
1997.044189453125
2045.6309814453125
2079.203857421875
2072.618896484375
2072.366943359375
2082.38720703125
2095.876708984375
2116.430419921875
2129.0126953125
2148.704345703125
2181.216552734375
2217.264404296875
2254.836181640625
2286.14990234375
2323.173583984375
2354.203125
2384.41455078125
2419.58056640625
2470.899169921875
2552.1953125
2652.70068359375
2774.564453125
2906.91455078125
3041.406982421875
3185.720947265625
3339.184326171875
3504.1533203125
3682.705810546875
3871.891357421875
176.0966796875
173.5383758544922
169.08607482910156
162.7126922607422
153.79995727539062
145.3542022705078
2737.180908203125
3236.556396484375
3445.074951171875
3913.03857421875
4341.83740234375
4764.4013671875
5148.5341796875
5476.08837890625
5793.06298828125
6131.0966796875
6524.0556640625
6937.91650390625
7369.3955078125
7841.69091796875
8220.7099609375
8572.3642578125
8887.28515625
9202.53515625
9516.73828125
9641.138671875
8780.6513671875
8407.6103515625
8205.9599609375
7765.6513671875
7364.861328125
6998.2451171875
6674.56201171875
6380.36767578125
6107.265625
5850.53857421875
5635.3017578125
5466.025390625
5324.146484375
5187.916015625
5053.49169921875
4921.23583984375
4790.33984375
4659.244140625
4531.91943359375
4407.4228515625
4284.19677734375
4170.71044921875
4056.15673828125
3943.310302734375
3832.126708984375
3729.924560546875
3630.86767578125
3537.1923828125
3448.200439453125
3362.81982421875
3279.708251953125
3198.280029296875
3118.48193359375
3040.11083984375
2964.2939453125
2890.807861328125
