2115.738037109375
2890.396240234375
3219.64306640625
3015.162353515625
2573.441162109375
2424.18212890625
2392.306884765625
2386.51904296875
2383.857177734375
2382.10009765625
2375.962158203125
2382.62939453125
2328.627197265625
2294.145263671875
2268.5478515625
2247.607177734375
2230.532958984375
2216.64794921875
2216.5361328125
2236.99267578125
2270.73095703125
2312.306884765625
2363.855224609375
2423.798583984375
2486.233154296875
2549.067626953125
2611.1591796875
2667.93408203125
2716.904052734375
2757.92138671875
2796.380126953125
2823.7373046875
2842.559814453125
140.99807739257812
112.67279815673828
116.79682159423828
124.07736206054688
127.50345611572266
136.8091583251953
3755.290283203125
3159.526123046875
2845.49560546875
2715.729248046875
2670.076904296875
2633.3154296875
2590.94287109375
2567.26025390625
2543.743896484375
2516.23583984375
2480.896728515625
2433.4716796875
2412.990966796875
2398.412353515625
2382.33251953125
2354.30224609375
2325.9775390625
2264.7392578125
2200.325439453125
2134.00732421875
2067.16357421875
1999.9039306640625
1931.8936767578125
1863.41796875
1794.72900390625
1727.8896484375
1664.46337890625
1604.350341796875
1546.563232421875
1489.704345703125
1433.4805908203125
1378.2783203125
1324.729736328125
1273.33544921875
1219.1185302734375
1163.930419921875
1111.5740966796875
1063.04638671875
1014.1774291992188
965.2627563476562
919.4837646484375
877.961669921875
839.3681640625
802.3383178710938
764.229736328125
725.4159545898438
688.789794921875
654.5032348632812
620.8823852539062
587.4925537109375
554.4049682617188
522.0073852539062
493.100341796875
469.6563415527344
449.54547119140625
431.6724853515625
415.4351501464844
400.54205322265625
