2085.028564453125
2059.672607421875
2028.7742919921875
2002.8536376953125
1983.908203125
2042.25244140625
2061.333740234375
2076.392578125
2129.18408203125
2172.241455078125
2218.29736328125
2278.563720703125
2339.0849609375
2398.71142578125
2455.535888671875
2518.374267578125
2597.189208984375
2695.926025390625
2814.00341796875
2949.1943359375
3099.269775390625
3260.437255859375
3434.436279296875
3626.054931640625
3849.76904296875
4093.638916015625
4336.61328125
4573.57568359375
4805.21484375
5037.0029296875
5273.814453125
5519.38037109375
236.7730255126953
209.791259765625
198.07701110839844
192.3134307861328
189.724853515625
188.4878692626953
4549.623046875
5084.18310546875
5476.11865234375
5831.6015625
6146.89599609375
6452.005859375
6773.05859375
7126.78759765625
7595.927734375
8143.55908203125
8707.0322265625
9283.990234375
9835.283203125
10357.6494140625
10823.568359375
11239.474609375
11588.3662109375
11872.482421875
11597.7666015625
11000.4521484375
10471.091796875
9972.640625
9501.1787109375
9053.2890625
8626.521484375
8218.984375
7828.93505859375
7457.69384765625
7103.78564453125
6765.44287109375
6442.5341796875
6135.388671875
5845.92431640625
5705.1982421875
5569.53515625
5313.50390625
5068.986328125
4836.5830078125
4619.80078125
4417.4296875
4226.5791015625
4045.984619140625
3876.915771484375
3719.675537109375
3570.90478515625
3429.042724609375
3294.0380859375
3166.19482421875
3045.6015625
2932.19580078125
2822.55419921875
2718.1318359375
2618.58544921875
2525.30517578125
2438.265869140625
