2055.146484375
2015.1510009765625
2048.642578125
2144.778564453125
2213.66064453125
2289.10986328125
2342.3037109375
2355.31103515625
2354.8232421875
2367.89013671875
2392.823974609375
2421.84521484375
2458.259765625
2520.9423828125
2624.640625
2768.44873046875
2951.427490234375
3162.626953125
3389.705078125
3623.08837890625
3858.009521484375
4093.3173828125
4331.181640625
4573.7421875
4823.81787109375
5082.60302734375
5350.84619140625
5491.58740234375
5637.89013671875
5957.34228515625
6317.697265625
6681.70166015625
7122.16796875
236.15554809570312
217.60865783691406
228.76104736328125
246.95980834960938
264.4273681640625
278.84326171875
6892.14697265625
7190.58544921875
7149.3642578125
7071.37939453125
6976.9912109375
6732.072265625
6516.029296875
6340.435546875
6280.95556640625
6275.1630859375
6266.00244140625
6246.37255859375
6219.29052734375
6208.111328125
6191.12060546875
6145.77392578125
6090.37548828125
6020.63427734375
5935.98046875
5836.5166015625
5722.14794921875
5594.26611328125
5454.8837890625
5304.8515625
5147.56787109375
4985.05322265625
4818.85986328125
4651.05908203125
4484.4072265625
4320.703125
4160.92138671875
4005.876953125
3856.09716796875
3711.731201171875
3572.658447265625
3438.57275390625
3309.504150390625
3185.263427734375
3065.5361328125
2950.1123046875
2838.93408203125
2731.902587890625
2628.705078125
2529.40625
2434.577880859375
2344.475341796875
2258.7197265625
2177.025146484375
2100.083740234375
2026.985107421875
1957.1402587890625
1890.3255615234375
1826.4840087890625
1765.6246337890625
1707.9119873046875
1653.459716796875
1602.4879150390625
1554.6025390625
