2048.161865234375
2015.59521484375
1994.64794921875
2070.54833984375
2076.021728515625
2050.802978515625
2037.819580078125
2037.4974365234375
2073.49072265625
2095.81689453125
2120.107421875
2165.08251953125
2214.838623046875
2281.544189453125
2393.17529296875
2576.404052734375
2819.881591796875
3106.3671875
3422.815673828125
3762.093994140625
4129.2119140625
4520.50732421875
4934.6455078125
5372.59228515625
5842.47509765625
6352.47509765625
6888.1435546875
7459.17529296875
8091.416015625
8760.333984375
9511.35546875
10305.01953125
11092.7412109375
496.7779235839844
546.950439453125
616.8211059570312
666.5332641601562
705.48486328125
739.802978515625
17231.23828125
18178.73046875
18039.681640625
16802.111328125
16006.0517578125
15734.9345703125
15554.0517578125
15374.8837890625
15271.7099609375
15191.2255859375
15108.8310546875
15008.9091796875
14885.3408203125
14737.6376953125
14559.2744140625
14350.63671875
14111.6708984375
13846.455078125
13559.6376953125
13252.4228515625
12898.638671875
12545.9951171875
12183.4697265625
11818.5576171875
11457.974609375
11091.875
10724.2294921875
10355.94140625
9991.0751953125
9633.5517578125
9284.4248046875
8944.9736328125
8619.650390625
8307.5576171875
8007.40185546875
7723.71337890625
7468.3720703125
7221.37158203125
6985.0703125
6759.62255859375
6544.47705078125
6338.50244140625
6141.689453125
5956.0146484375
5778.19873046875
5607.5830078125
5443.857421875
5286.748046875
5135.92041015625
4991.43359375
4852.93408203125
4719.41455078125
4591.09765625
4468.083984375
4350.244140625
4237.359375
