2072.8056640625
2035.8465576171875
1999.4853515625
2059.133056640625
2075.85693359375
2062.126220703125
2059.140380859375
2064.603759765625
2078.4736328125
2097.427001953125
2124.180908203125
2155.162109375
2180.885498046875
2201.041015625
2228.814697265625
2278.756591796875
2355.23828125
2443.427734375
2522.40771484375
2617.6728515625
2757.44580078125
2972.024658203125
3284.310546875
3178.536376953125
3038.202880859375
2870.697998046875
2776.887451171875
2669.52099609375
2432.9150390625
2468.35986328125
2521.941650390625
2529.187744140625
2523.18212890625
103.926025390625
108.636962890625
110.33908081054688
111.35611724853516
111.95895385742188
112.32334899902344
1864.9952392578125
2398.7548828125
2479.9287109375
2514.921142578125
2542.0498046875
2568.54541015625
2566.515625
2540.296142578125
2496.224365234375
2448.9453125
2424.708740234375
2400.27490234375
2349.338623046875
2295.274658203125
2239.6171875
2184.946533203125
2135.377197265625
2111.781982421875
2090.02587890625
2050.52783203125
2013.1722412109375
1976.8094482421875
1939.8414306640625
1901.6591796875
1863.2667236328125
1823.4490966796875
1781.8306884765625
1738.4697265625
1694.1719970703125
1649.8997802734375
1606.1651611328125
1563.31201171875
1521.397216796875
1480.6131591796875
1441.3419189453125
1403.9669189453125
1368.5145263671875
1334.608642578125
1302.022705078125
1271.0732421875
1241.18994140625
1211.9847412109375
1183.3466796875
1155.264404296875
1127.7840576171875
1101.02734375
1074.965576171875
1048.93310546875
1022.0825805664062
996.123046875
971.5556640625
948.5882568359375
927.1884765625
907.0573120117188
887.6599731445312
869.6401977539062
852.9849853515625
