2040.778564453125
1991.481689453125
2239.86376953125
2389.837646484375
2225.473876953125
2216.503662109375
2290.845947265625
2338.470703125
2395.09326171875
2470.6298828125
2557.875
2652.274169921875
2756.61962890625
2878.759033203125
3028.7216796875
3212.9794921875
3434.1943359375
3693.80615234375
3990.3232421875
4323.2744140625
4679.646484375
5055.9326171875
5451.42333984375
5870.28271484375
6308.52685546875
6811.7822265625
7398.048828125
8041.4150390625
8770.8837890625
8935.77734375
9153.6474609375
9365.6201171875
9544.7880859375
389.7091064453125
374.3823547363281
400.5453186035156
435.471923828125
470.890625
504.187255859375
12012.6953125
11312.44921875
11141.0419921875
10944.3232421875
10821.900390625
10680.3740234375
10355.2998046875
10025.2109375
9707.4921875
9410.25
9133.7236328125
8875.5205078125
8632.302734375
8513.31640625
8396.89453125
8174.23583984375
7958.06494140625
7746.646484375
7538.6416015625
7334.17529296875
7133.2314453125
6934.60888671875
6737.9482421875
6542.8212890625
6350.16796875
6160.595703125
5973.89599609375
5788.79833984375
5609.82763671875
5436.67626953125
5268.93896484375
5106.02392578125
4948.0693359375
4795.97998046875
4649.32763671875
4507.39697265625
4370.0048828125
4237.56982421875
4110.34326171875
3988.556396484375
3872.2724609375
3760.55810546875
3652.931396484375
3549.130615234375
3449.547607421875
3353.581298828125
3261.51513671875
3173.05517578125
3087.563232421875
3004.967041015625
2925.228271484375
2848.413330078125
2774.550048828125
2703.700439453125
2635.8447265625
2570.835693359375
