2026.2735595703125
1674.59375
1405.5338134765625
1366.6708984375
1256.6004638671875
1184.812744140625
1136.09814453125
1093.9652099609375
1061.301025390625
1032.68798828125
1010.4690551757812
984.163818359375
956.6304321289062
928.8077392578125
901.2927856445312
873.0429077148438
856.3033447265625
844.7793579101562
834.1260986328125
822.8880004882812
811.6232299804688
800.7083740234375
791.9527587890625
783.7174072265625
776.380859375
769.6519775390625
764.2538452148438
762.2317504882812
760.6578979492188
771.3812255859375
811.661865234375
855.0523071289062
902.8973388671875
112.15589141845703
115.50374603271484
121.13304138183594
146.0092315673828
156.35140991210938
164.18768310546875
1035.9288330078125
1095.4930419921875
1097.273681640625
1103.2275390625
1107.8782958984375
1114.1458740234375
1134.2806396484375
1158.741455078125
1182.71728515625
1203.9681396484375
1221.48876953125
1234.3828125
1238.968994140625
1242.3232421875
1243.9139404296875
1246.8875732421875
1248.54150390625
1249.74462890625
1248.2169189453125
1243.6573486328125
1236.24267578125
1227.7198486328125
1218.1904296875
1207.8868408203125
1196.9600830078125
1185.419189453125
1173.27978515625
1160.4254150390625
1146.4627685546875
1131.45556640625
1115.7059326171875
1099.1209716796875
1081.7601318359375
1063.762939453125
1045.26904296875
1026.318603515625
1007.0444946289062
987.6832275390625
968.4444580078125
949.2581176757812
930.2255249023438
911.3515014648438
892.6050415039062
873.9765625
855.5055541992188
837.3583984375
819.5117797851562
802.0781860351562
784.8863525390625
767.904052734375
751.1749877929688
734.7582397460938
718.7500610351562
703.2954711914062
688.4935302734375
674.2897338867188
660.7080078125
647.7799072265625
