2073.964111328125
2038.7108154296875
1997.651123046875
2078.75634765625
2135.3017578125
2109.447509765625
2107.5908203125
2116.540771484375
2038.928955078125
1944.1268310546875
1859.62109375
1825.075927734375
1786.4237060546875
1744.4312744140625
1704.1175537109375
1669.6903076171875
1636.7967529296875
1614.0855712890625
1590.3758544921875
1568.77880859375
1551.4674072265625
1533.7095947265625
1518.2137451171875
1511.438232421875
1508.57666015625
1510.6435546875
1527.448974609375
1558.3521728515625
1610.0267333984375
1695.10791015625
1781.3704833984375
1876.2000732421875
109.54019927978516
113.90287017822266
115.55587768554688
116.34571838378906
116.75820922851562
117.0407943725586
1861.0933837890625
2268.843505859375
2151.03173828125
2110.63916015625
2100.847412109375
2161.259521484375
2246.332275390625
2327.738037109375
2395.292236328125
2447.3076171875
2485.3740234375
2510.600341796875
2523.704833984375
2525.786376953125
2518.969482421875
2505.8671875
2488.1123046875
2470.05859375
2450.105224609375
2427.989501953125
2403.307861328125
2375.48486328125
2344.397216796875
2310.377685546875
2273.608642578125
2234.6025390625
2194.0068359375
2152.30712890625
2109.857421875
2067.32568359375
2024.9910888671875
1983.16552734375
1941.77685546875
1900.9005126953125
1860.9407958984375
1821.931884765625
1783.7166748046875
1746.2587890625
1709.54931640625
1673.5928955078125
1638.3782958984375
1603.9647216796875
1570.334228515625
1537.5640869140625
1505.6881103515625
1474.82666015625
1445.07373046875
1416.487060546875
1389.223876953125
1363.3876953125
1339.0631103515625
1316.1058349609375
1294.35400390625
1273.7340087890625
1254.1873779296875
