2055.974609375
2015.0462646484375
2033.904296875
2108.281982421875
2264.177734375
2249.229248046875
2255.964599609375
2279.8037109375
2297.625732421875
2315.832275390625
2333.35498046875
2362.421630859375
2394.460205078125
2422.6162109375
2444.988037109375
2463.60205078125
2486.3115234375
2519.862060546875
2572.4873046875
2651.302734375
2760.572265625
2900.337890625
3068.774658203125
3261.371337890625
3474.264892578125
3708.95556640625
3964.1708984375
4242.82470703125
4544.05322265625
4866.47900390625
5207.7744140625
5564.1171875
5950.25048828125
211.37106323242188
198.36865234375
203.86666870117188
209.38697814941406
214.5819091796875
223.95578002929688
6087.376953125
6802.484375
7139.875
7403.32958984375
7272.67333984375
6948.1689453125
6733.63720703125
6591.48046875
6512.080078125
6462.80126953125
6430.32568359375
6406.23291015625
6391.23193359375
6362.9697265625
6343.966796875
6318.55615234375
6247.8505859375
6153.6416015625
6037.080078125
5902.7294921875
5754.5732421875
5591.17333984375
5415.86962890625
5238.77685546875
5062.75341796875
4888.998046875
4718.17578125
4552.05322265625
4391.74560546875
4237.673828125
4089.58251953125
3946.933349609375
3808.450927734375
3672.7744140625
3538.87890625
3407.20849609375
3279.79736328125
3157.91259765625
3041.858642578125
2930.79052734375
2823.37060546875
2719.28662109375
2618.66796875
2521.1923828125
2426.3896484375
2334.6865234375
2246.3388671875
2161.32666015625
2078.95556640625
1998.6070556640625
1920.264892578125
1844.2430419921875
1770.7891845703125
1700.1241455078125
1632.348388671875
1567.5543212890625
