2028.1947021484375
2390.8076171875
2430.93603515625
2359.1259765625
2239.86474609375
2170.980712890625
2140.310302734375
2128.104248046875
2135.07373046875
2167.512939453125
2222.950927734375
2276.94921875
2316.56494140625
2356.1787109375
2409.822509765625
2473.6708984375
2544.89501953125
2626.912841796875
2729.628662109375
2858.60107421875
3012.759765625
3187.15185546875
3373.36669921875
3564.766357421875
3757.06103515625
3950.55517578125
3992.82958984375
4019.143798828125
4052.146484375
4083.0615234375
4109.3916015625
4131.0625
136.75833129882812
112.72021484375
113.30782318115234
115.4034652709961
116.50933074951172
117.40768432617188
4522.77685546875
4361.837890625
4174.77392578125
4104.234375
4081.353759765625
4082.523681640625
4093.60107421875
4105.3076171875
4113.91064453125
4129.03857421875
4142.896484375
4156.61376953125
4153.84033203125
4131.4853515625
4092.437255859375
4039.167724609375
3971.77392578125
3886.079833984375
3784.7626953125
3730.962646484375
3674.04736328125
3553.310546875
3427.820556640625
3298.71484375
3168.001953125
3039.2109375
2914.297119140625
2793.4873046875
2677.34423828125
2567.32568359375
2462.7900390625
2363.360107421875
2268.8125
2178.8916015625
2093.5029296875
2012.685302734375
1936.5059814453125
1864.5687255859375
1796.61279296875
1732.84423828125
1672.719970703125
1615.701904296875
1561.7470703125
1510.771240234375
1462.8330078125
1417.710205078125
1374.8326416015625
1333.9627685546875
1294.7493896484375
1256.8963623046875
1220.2010498046875
1184.7164306640625
1150.5670166015625
1117.730224609375
1086.1502685546875
