2043.568359375
1929.3856201171875
1422.8541259765625
1332.6195068359375
1250.783935546875
1190.858642578125
1143.2960205078125
1122.7965087890625
1097.7088623046875
1076.7965087890625
1054.498291015625
1034.4908447265625
1015.7548217773438
994.771240234375
973.1536865234375
955.514892578125
940.796875
925.5055541992188
908.55810546875
891.6543579101562
881.4276733398438
874.216064453125
865.0432739257812
858.226318359375
853.0338134765625
849.2274169921875
847.0885009765625
847.8513793945312
849.1365966796875
850.9242553710938
852.4611206054688
855.0769653320312
115.19448852539062
117.626708984375
118.97238159179688
119.83240509033203
120.43932342529297
120.8906478881836
733.2726440429688
884.6148071289062
962.9078979492188
999.4730834960938
1019.8428955078125
1034.527099609375
1047.825927734375
1062.392578125
1078.943359375
1094.82666015625
1109.3563232421875
1122.530029296875
1134.654052734375
1146.307861328125
1156.89208984375
1166.0855712890625
1173.069091796875
1178.1732177734375
1181.685302734375
1183.7291259765625
1184.774169921875
1185.2037353515625
1184.79736328125
1183.3057861328125
1180.205810546875
1175.1556396484375
1168.13818359375
1160.084716796875
1150.8758544921875
1140.6282958984375
1128.8126220703125
1115.329833984375
1100.473388671875
1084.88232421875
1068.8385009765625
1052.8079833984375
1036.6754150390625
1020.4964599609375
1004.2827758789062
987.9658813476562
971.5843505859375
955.18310546875
938.6844482421875
922.3126831054688
906.257080078125
890.6685180664062
875.5012817382812
860.6781005859375
846.1217041015625
831.7769775390625
817.6229858398438
803.6442260742188
789.857177734375
776.294677734375
