2082.6494140625
2056.521240234375
2031.6595458984375
2014.5958251953125
2016.4068603515625
2040.228759765625
2083.8984375
2082.982177734375
2100.73095703125
2155.19189453125
2172.78466796875
2166.979248046875
2185.554931640625
2216.80322265625
2254.51416015625
2304.67041015625
2335.4189453125
2378.612548828125
2455.13232421875
2583.023193359375
2753.535400390625
2862.369140625
2841.550537109375
2876.23681640625
2955.73681640625
3069.94189453125
3176.742431640625
3283.760009765625
3442.98095703125
3634.147705078125
3850.15966796875
3985.705322265625
3804.826904296875
50.73738098144531
62.65681838989258
62.30898666381836
63.36779022216797
63.75383758544922
64.7878189086914
65.91175079345703
1191.1683349609375
1947.288818359375
4935.05126953125
4832.55078125
4670.50927734375
4630.73583984375
4613.71630859375
4620.66943359375
4631.11328125
4636.921875
4631.4716796875
4617.99755859375
4611.23779296875
4601.17333984375
4589.30322265625
4588.93115234375
4593.02294921875
4594.20458984375
4586.4912109375
4568.01513671875
4539.22607421875
4500.22021484375
4452.35498046875
4396.802734375
4333.734375
4264.68359375
4191.43896484375
4114.607421875
4035.248291015625
3954.306884765625
3872.785400390625
3791.118896484375
3709.13623046875
3626.20166015625
3542.7880859375
3460.2607421875
3378.70654296875
3298.328125
3219.18310546875
3141.467041015625
3065.202880859375
2990.53759765625
2918.278076171875
2849.41845703125
2785.03515625
2725.255615234375
2669.887939453125
2618.582763671875
2570.8681640625
2526.478271484375
2485.204833984375
2447.028564453125
2411.4638671875
2378.111572265625
2346.93408203125
2317.7724609375
