2055.824462890625
2022.0830078125
1996.79150390625
2068.580078125
2073.182861328125
2059.440673828125
2049.066650390625
2039.9183349609375
2038.2886962890625
2045.5164794921875
2073.92529296875
2099.375732421875
2108.7001953125
2117.457763671875
2152.314208984375
2202.495849609375
2273.83349609375
2388.049560546875
2545.781494140625
2737.69140625
2953.49462890625
3187.831298828125
3437.864990234375
3705.9482421875
3995.323974609375
4311.42578125
4659.58544921875
5026.69873046875
5407.36083984375
5813.25634765625
6246.716796875
6713.63232421875
305.9825134277344
338.6221618652344
377.1477355957031
411.5671691894531
441.986083984375
469.4912414550781
9564.5126953125
9512.8359375
9491.4794921875
9730.193359375
10118.6162109375
10642.2197265625
11268.833984375
11950.517578125
12660.6923828125
13360.8037109375
13268.0703125
13153.9228515625
13024.1162109375
12867.685546875
12690.384765625
12488.8154296875
12261.1376953125
12009.32421875
11736.244140625
11445.9150390625
11143.189453125
10829.4501953125
10509.4140625
10185.7392578125
9859.1923828125
9532.212890625
9206.3642578125
8883.5810546875
8722.7431640625
8563.287109375
8252.2001953125
7949.33837890625
7656.5634765625
7374.400390625
7103.61865234375
6839.9150390625
6585.7880859375
6347.5078125
6121.3603515625
5905.69384765625
5699.41650390625
5501.42626953125
5312.79736328125
5134.34375
4962.83740234375
4798.30224609375
4640.42578125
4488.8681640625
4343.37158203125
4203.75390625
4069.747802734375
3941.124267578125
3817.271484375
3697.730712890625
3582.809814453125
