2054.337646484375
2019.4398193359375
2059.505859375
2063.267333984375
2058.875732421875
2096.821044921875
2122.971435546875
2147.98291015625
2166.046630859375
2178.771484375
2201.0244140625
2211.851806640625
2208.788818359375
2205.651611328125
2218.843994140625
2236.354736328125
2253.61962890625
2273.67919921875
2295.317138671875
2318.4638671875
2346.8359375
2376.651611328125
2407.28271484375
2440.946533203125
2475.74755859375
2513.561279296875
2559.268798828125
2621.89892578125
2700.948974609375
2791.677734375
2887.96044921875
2984.116943359375
121.22062683105469
120.1589126586914
120.23336791992188
119.96943664550781
120.10021209716797
120.30121612548828
1796.55712890625
2247.6455078125
2612.401123046875
2978.63916015625
3279.460693359375
3529.6201171875
3743.32470703125
3934.447021484375
4113.33837890625
4289.2490234375
4465.19189453125
4648.3212890625
4821.92333984375
4985.173828125
5165.90185546875
5359.76904296875
5550.37255859375
5760.283203125
5981.39306640625
6195.56689453125
6485.92041015625
6865.59814453125
7127.53515625
6703.99560546875
6373.830078125
6098.63427734375
5866.50927734375
5654.62939453125
5446.3623046875
5243.6953125
5055.90087890625
4876.72021484375
4700.15673828125
4523.70068359375
4344.28173828125
4160.08984375
3968.251708984375
3781.403076171875
3616.15771484375
3450.8583984375
3279.709228515625
3127.163330078125
2957.091552734375
2763.7021484375
2615.039306640625
2511.5625
2422.3544921875
2327.38037109375
2217.497314453125
2110.46240234375
2009.302490234375
1945.0111083984375
1881.540771484375
1820.1287841796875
