2085.0
2074.54052734375
2047.33642578125
2024.5697021484375
2008.8062744140625
2046.6700439453125
2039.07958984375
2034.4676513671875
2082.249267578125
2079.790283203125
2078.220703125
2078.562255859375
2090.7255859375
2094.6806640625
2133.88427734375
2177.330322265625
2180.06787109375
2201.374267578125
2217.72900390625
2236.90380859375
2263.621337890625
2300.611572265625
2337.80419921875
2359.475341796875
2393.417724609375
2459.947509765625
2559.1845703125
2671.534912109375
2732.257568359375
2737.238037109375
2759.03564453125
2810.37060546875
107.09917449951172
105.69121551513672
103.63786315917969
102.5104751586914
103.20838928222656
103.45846557617188
1606.6290283203125
1642.4609375
1633.9556884765625
2584.880126953125
3805.632080078125
4110.4443359375
4079.36328125
4049.58349609375
4074.66650390625
4140.7626953125
4242.41748046875
4380.24267578125
4552.98779296875
4742.0244140625
4933.68212890625
5057.13232421875
4865.73828125
4758.65869140625
4703.50830078125
4674.431640625
4663.03857421875
4666.47265625
4681.99755859375
4706.90869140625
4741.58544921875
4785.2373046875
4834.7646484375
4888.14697265625
4944.3134765625
5000.18115234375
5054.4365234375
5106.29736328125
5154.66748046875
5198.8095703125
5237.69970703125
5269.654296875
5293.283203125
5307.091796875
5310.3623046875
5303.751953125
5288.693359375
5266.689453125
5239.93701171875
5208.19091796875
5171.92919921875
5131.72509765625
5088.94482421875
5044.3974609375
4998.91943359375
4951.87890625
4902.92431640625
4851.822265625
4798.86865234375
4744.458984375
