1760.7200927734375
1341.5208740234375
1081.2000732421875
936.06201171875
910.206298828125
874.5917358398438
840.1950073242188
811.1885986328125
783.6489868164062
756.9464721679688
730.6548461914062
705.1925659179688
680.2621459960938
655.9619140625
632.2842407226562
614.8458862304688
598.4125366210938
580.2630615234375
560.7520751953125
544.624755859375
527.5816650390625
517.11181640625
500.99798583984375
482.70440673828125
463.8765563964844
445.129638671875
426.7541198730469
411.06280517578125
397.041015625
390.3371276855469
387.8497314453125
384.7194519042969
122.34262084960938
124.9365463256836
125.36368560791016
125.79736328125
126.19298553466797
126.53753662109375
369.7242126464844
411.55682373046875
393.49542236328125
374.5293273925781
372.58154296875
371.13421630859375
369.5950012207031
371.64739990234375
373.2801513671875
370.43084716796875
364.9355163574219
360.30780029296875
360.78814697265625
367.7670593261719
380.729736328125
398.2673645019531
418.7246398925781
441.19537353515625
471.2015075683594
502.33251953125
533.6885375976562
565.0444946289062
595.5989379882812
624.8907470703125
652.3685302734375
677.8880004882812
701.6500854492188
723.6644897460938
744.2791748046875
754.56005859375
764.0127563476562
780.6219482421875
794.959228515625
806.3702392578125
814.8128662109375
820.4351806640625
823.4300537109375
824.1680908203125
822.8722534179688
819.7243041992188
814.98974609375
809.0816040039062
802.0956420898438
794.1244506835938
785.3673095703125
775.9031372070312
765.9906616210938
755.7261962890625
745.13916015625
734.271484375
723.1673583984375
711.9688110351562
700.6661376953125
689.1649169921875
677.6182861328125
