1877.9873046875
1482.2515869140625
1189.0838623046875
1002.722412109375
941.190673828125
917.5643310546875
887.7982788085938
857.6110229492188
827.618896484375
797.9595947265625
769.0912475585938
742.0078735351562
716.67236328125
692.275634765625
668.332763671875
644.7154541015625
622.10595703125
599.2819213867188
579.2301635742188
572.77685546875
563.7282104492188
551.1751098632812
535.7424926757812
518.4451904296875
500.273193359375
481.9038391113281
463.8463439941406
446.49664306640625
430.9552001953125
425.1370849609375
424.6958923339844
422.1186218261719
126.14088439941406
128.07437133789062
129.16058349609375
129.87440490722656
130.38052368164062
130.7454833984375
440.66748046875
382.5558166503906
411.81402587890625
426.6907653808594
445.9158935546875
450.2707214355469
442.44873046875
429.1058044433594
414.2961120605469
400.03662109375
387.74517822265625
377.5187072753906
369.47125244140625
363.24676513671875
358.12298583984375
353.884765625
350.6215515136719
349.0511474609375
353.27569580078125
364.55145263671875
376.40277099609375
385.952880859375
394.76080322265625
403.2507629394531
412.15631103515625
422.08245849609375
432.85211181640625
444.2793273925781
456.348876953125
468.5372619628906
482.43658447265625
498.6516418457031
518.1879272460938
540.2723388671875
563.0823974609375
585.5238647460938
607.8779907226562
631.0029296875
654.3622436523438
677.210693359375
699.5757446289062
720.26025390625
738.8222045898438
755.2071533203125
769.3785400390625
781.56396484375
791.724853515625
799.8248291015625
805.99267578125
810.4696044921875
813.41552734375
815.0007934570312
815.4086303710938
814.7122192382812
