2079.01416015625
2047.7447509765625
2013.3394775390625
1996.03955078125
2044.86376953125
2047.4306640625
2080.18603515625
2102.269775390625
2118.4677734375
2146.623046875
2167.876220703125
2195.485107421875
2236.072509765625
2274.562744140625
2306.248291015625
2339.938232421875
2372.51123046875
2405.256103515625
2444.5048828125
2499.85986328125
2573.711181640625
2664.76416015625
2773.9189453125
2895.0869140625
3023.3310546875
3156.397705078125
3289.634521484375
3425.421630859375
3567.990478515625
3715.818115234375
3863.629150390625
4018.7490234375
147.852294921875
132.6697235107422
130.8896942138672
131.10328674316406
131.61483764648438
131.90528869628906
3226.634765625
3639.411865234375
3880.412353515625
4113.2080078125
4380.81884765625
4679.9052734375
4944.8466796875
5195.79931640625
5428.5986328125
5677.1708984375
5954.3779296875
6244.39892578125
6585.478515625
6931.21728515625
7289.5
7669.40625
8079.78759765625
8380.2978515625
8557.5908203125
8743.9443359375
8945.1396484375
9204.9462890625
9466.7763671875
9651.1787109375
9616.0107421875
9599.8955078125
9570.9111328125
9587.9677734375
9281.7333984375
8481.0341796875
7907.85498046875
7530.54541015625
7152.39599609375
6898.7294921875
6683.09423828125
6472.9443359375
6274.50244140625
6083.4384765625
5899.58349609375
5720.3232421875
5544.35205078125
5374.91015625
5212.498046875
5057.62255859375
4909.544921875
4765.78857421875
4629.1220703125
4499.896484375
4372.064453125
4248.4228515625
4129.29248046875
4013.889404296875
3901.814697265625
3794.366943359375
3691.57080078125
