2080.42529296875
2052.414794921875
2016.7373046875
1988.9521484375
2056.9384765625
2086.472900390625
2079.80859375
2091.2158203125
2114.223876953125
2134.79638671875
2139.747314453125
2158.206787109375
2193.727294921875
2233.5986328125
2272.3173828125
2302.875
2338.1533203125
2371.741943359375
2401.256591796875
2431.424072265625
2463.40869140625
2501.953125
2555.01025390625
2628.916259765625
2722.5908203125
2830.661376953125
2950.724365234375
3076.664794921875
3209.193359375
3349.377685546875
3498.9169921875
3660.9501953125
157.53814697265625
155.65956115722656
154.5705108642578
147.75238037109375
141.90020751953125
137.24169921875
2382.3984375
2818.806884765625
3127.258056640625
3546.457275390625
3903.01220703125
4233.58203125
4560.3212890625
4884.3955078125
5206.58203125
5530.92724609375
5856.28564453125
6185.48828125
6565.95849609375
6992.216796875
7412.494140625
7801.703125
8103.7236328125
8392.8369140625
8637.697265625
8817.0771484375
8945.654296875
9075.783203125
9150.826171875
9215.046875
8939.34765625
8338.3017578125
7910.9384765625
7548.35302734375
7222.923828125
6942.333984375
6699.82470703125
6472.0517578125
6246.46875
6021.0205078125
5795.25927734375
5573.1806640625
5361.5390625
5169.123046875
4986.81201171875
4812.689453125
4651.52734375
4504.3642578125
4372.25341796875
4256.087890625
4146.5029296875
4046.365966796875
3949.53369140625
3854.427001953125
3760.038330078125
3665.66259765625
3570.565185546875
3474.391845703125
3382.27099609375
3294.66015625
3206.068115234375
