2077.267578125
2048.48876953125
2021.9140625
2000.3223876953125
2028.5562744140625
2036.5611572265625
2032.3712158203125
2048.67333984375
2084.08935546875
2135.025146484375
2178.2880859375
2213.058837890625
2254.025634765625
2327.878173828125
2451.1767578125
2616.444580078125
2813.506103515625
3034.253662109375
3274.74755859375
3529.20263671875
3796.92138671875
4080.083740234375
4380.11962890625
4697.04833984375
5031.57421875
5383.0673828125
5754.8984375
6156.1259765625
6599.02001953125
7077.5859375
7592.32373046875
8203.98046875
395.30908203125
401.0592346191406
415.83148193359375
430.3448181152344
443.86749267578125
456.51080322265625
9524.1708984375
9612.0625
9305.19140625
9196.2158203125
9321.28125
9483.8486328125
9581.123046875
9954.2763671875
10366.197265625
10791.6396484375
11218.6142578125
11640.3896484375
12059.830078125
12473.6611328125
12869.77734375
13241.517578125
13576.8623046875
13872.48828125
14106.0625
14278.15234375
14394.88671875
14463.025390625
13886.9228515625
13218.5927734375
12610.3388671875
12036.1513671875
11486.0771484375
10957.3740234375
10448.4033203125
9959.45703125
9490.3466796875
9044.3291015625
8624.70703125
8227.25390625
7848.78125
7486.7353515625
7141.2685546875
6812.71142578125
6498.4287109375
6197.5849609375
5909.8017578125
5634.310546875
5371.9951171875
5121.86279296875
4883.24658203125
4656.28662109375
4441.3056640625
4238.13525390625
4045.921630859375
3863.63818359375
3690.98291015625
3527.554443359375
3375.00341796875
3231.8935546875
3096.406005859375
