2085.0
2059.0380859375
2021.6163330078125
1992.331298828125
2108.504150390625
2101.609375
2085.37060546875
2082.550048828125
2081.482177734375
2081.65966796875
2094.004638671875
2062.755126953125
1981.9588623046875
1918.2088623046875
1889.628662109375
1852.6121826171875
1815.22265625
1785.36328125
1765.9781494140625
1754.7105712890625
1746.4505615234375
1738.85107421875
1730.4649658203125
1719.8900146484375
1718.0670166015625
1721.086181640625
1724.5498046875
1730.4678955078125
1755.794921875
1783.1064453125
1827.5985107421875
1923.8360595703125
112.85222625732422
116.88639831542969
118.05332946777344
118.96034240722656
119.54529571533203
119.86111450195312
1703.107421875
2245.876953125
2192.138916015625
2169.97607421875
2170.948974609375
2228.30517578125
2308.803955078125
2392.299560546875
2466.94775390625
2527.767822265625
2562.21728515625
2577.947265625
2612.378173828125
2637.740234375
2653.7099609375
2660.880859375
2659.3212890625
2649.61328125
2632.293212890625
2607.819091796875
2578.64453125
2547.229736328125
2514.985595703125
2481.967529296875
2447.732177734375
2430.258056640625
2412.20166015625
2374.638916015625
2335.309326171875
2294.266845703125
2251.790283203125
2208.25
2164.034423828125
2119.437255859375
2074.765380859375
2030.1962890625
1985.98779296875
1942.2889404296875
1899.2232666015625
1856.913818359375
1815.4620361328125
1775.0528564453125
1735.781982421875
1697.76318359375
1660.8951416015625
1625.116455078125
1590.423583984375
1556.7064208984375
1523.9688720703125
1492.1854248046875
1461.3291015625
1431.4276123046875
1402.512451171875
1374.5958251953125
1347.7259521484375
1321.9638671875
1297.353759765625
