2058.326416015625
2025.23681640625
1998.135986328125
2063.669677734375
2080.119384765625
2063.787841796875
2051.82421875
2042.23974609375
2038.4443359375
2046.2445068359375
2054.835693359375
2091.383056640625
2106.469970703125
2107.931884765625
2121.574462890625
2147.292236328125
2180.66552734375
2227.164306640625
2302.3388671875
2406.399169921875
2530.88623046875
2673.25830078125
2829.714599609375
2999.15625
3181.907958984375
3377.629638671875
3584.454345703125
3802.263671875
4031.01904296875
4272.0009765625
4528.26806640625
4800.95947265625
167.54017639160156
180.22503662109375
204.27032470703125
225.15499877929688
242.1808624267578
256.59930419921875
5969.63134765625
6321.14892578125
6540.9345703125
6792.97314453125
7084.55224609375
7403.42724609375
7768.1748046875
8168.69189453125
8594.4580078125
9035.056640625
9504.130859375
10029.53125
10579.171875
11159.833984375
11751.6767578125
12348.29296875
12958.919921875
13570.7041015625
14181.2490234375
14789.646484375
14786.3583984375
14703.73828125
14612.63671875
14506.021484375
14385.1123046875
14246.1708984375
14090.1455078125
13918.9345703125
13733.9072265625
13536.462890625
13327.6416015625
13110.857421875
12885.65625
12651.5400390625
12409.4951171875
12160.8544921875
11906.9580078125
11645.484375
11380.5478515625
11113.5458984375
10845.2529296875
10578.1416015625
10313.759765625
10052.84765625
9796.0810546875
9543.7236328125
9295.71875
9049.02734375
8802.2685546875
8566.6279296875
8337.7919921875
8114.873046875
7899.84814453125
7690.75048828125
