2045.9591064453125
1997.6336669921875
1460.1669921875
1388.89697265625
1323.71826171875
1272.475341796875
1230.3231201171875
1193.65087890625
1163.1104736328125
1145.7574462890625
1127.2669677734375
1105.7982177734375
1088.9443359375
1070.0601806640625
1053.060546875
1038.144287109375
1021.0479125976562
1002.822509765625
983.9903564453125
966.1885986328125
952.693603515625
939.7499389648438
925.5582275390625
909.8621826171875
893.7332153320312
881.833740234375
874.4717407226562
864.119140625
852.751708984375
843.5397338867188
835.9860229492188
828.696044921875
119.55628967285156
120.25640869140625
120.73020935058594
121.1704330444336
121.55567169189453
121.96782684326172
846.6778564453125
777.0750122070312
782.2823486328125
806.2216186523438
812.18896484375
827.8460083007812
840.8251342773438
848.2819213867188
855.3893432617188
862.6466674804688
873.9393310546875
890.1936645507812
909.5963745117188
929.6047973632812
950.513427734375
971.4823608398438
992.2952880859375
1014.7755737304688
1037.6607666015625
1059.8966064453125
1082.3681640625
1104.89697265625
1127.0911865234375
1147.624755859375
1166.5078125
1184.0821533203125
1200.3548583984375
1215.2877197265625
1228.929443359375
1241.5806884765625
1253.1339111328125
1263.44482421875
1272.3704833984375
1279.7987060546875
1285.62646484375
1289.9569091796875
1293.126953125
1295.89697265625
1297.180908203125
1296.8375244140625
1294.8642578125
1291.346435546875
1286.5302734375
1280.876220703125
1274.2156982421875
1266.5531005859375
1258.031982421875
1248.7496337890625
1238.8306884765625
1228.3616943359375
1217.366455078125
1205.888427734375
1193.9847412109375
1181.712158203125
