2064.788818359375
2026.75537109375
1991.70654296875
2076.32666015625
2088.419189453125
2085.4765625
2117.380126953125
2159.648193359375
2186.267578125
2215.0283203125
2223.662353515625
2227.810302734375
2238.999267578125
2251.688232421875
2266.27294921875
2283.951904296875
2304.52734375
2330.346923828125
2364.820556640625
2407.486572265625
2475.495361328125
2555.302001953125
2644.386962890625
2744.704833984375
2848.6708984375
2951.34521484375
3050.69775390625
3147.28564453125
3240.69775390625
3330.755615234375
3417.2568359375
3501.10791015625
113.00550842285156
116.04814910888672
117.42866516113281
118.26538848876953
118.84202575683594
119.2686538696289
2637.102783203125
3162.112548828125
3418.56103515625
3614.318359375
3788.991455078125
3951.2099609375
4099.63427734375
4240.38427734375
4384.9072265625
4517.75048828125
4641.716796875
4789.837890625
4958.02783203125
5129.96533203125
5286.24560546875
5398.2119140625
5463.40966796875
5506.880859375
5572.322265625
5663.07177734375
5780.3701171875
5888.10107421875
5965.40234375
6127.74267578125
6407.6826171875
6519.98486328125
6234.72265625
5820.69384765625
5452.04443359375
5088.83544921875
4746.8603515625
4547.55224609375
4363.1455078125
4180.4580078125
3983.57080078125
3780.695556640625
3568.3359375
3382.99462890625
3188.976318359375
2988.137451171875
2779.14697265625
2556.24365234375
2417.5517578125
2299.6796875
2226.350341796875
2164.098388671875
2095.027099609375
2028.34326171875
1965.6669921875
1907.11328125
1853.74267578125
1803.5169677734375
1754.7060546875
1706.6146240234375
