2077.75146484375
2043.097412109375
2005.642333984375
2045.7535400390625
2076.19873046875
2061.2255859375
2052.4765625
2046.465576171875
2044.3343505859375
2041.9542236328125
2052.388916015625
2067.409423828125
2090.54150390625
2116.81884765625
2139.031005859375
2159.6474609375
2187.681396484375
2217.18994140625
2253.91748046875
2315.102294921875
2393.635009765625
2486.260498046875
2598.399658203125
2734.27880859375
2913.260009765625
3126.11083984375
3227.77490234375
3023.1982421875
2799.17236328125
2555.954833984375
2443.606201171875
2513.77783203125
106.89820861816406
108.454345703125
109.69474792480469
110.70267486572266
111.519775390625
112.21844482421875
1876.54443359375
2264.947265625
2347.644775390625
2428.874755859375
2529.485595703125
2628.230712890625
2722.04052734375
2803.55859375
2862.436279296875
2895.858154296875
2906.06640625
2892.6513671875
2860.44482421875
2817.181396484375
2768.847412109375
2721.188232421875
2677.076416015625
2632.588134765625
2588.404541015625
2545.18115234375
2502.798095703125
2462.631103515625
2425.3916015625
2391.17529296875
2358.25341796875
2326.654296875
2295.525146484375
2263.56494140625
2230.3857421875
2196.2529296875
2162.033447265625
2128.869140625
2096.195068359375
2064.538330078125
2033.1923828125
2001.8529052734375
1970.5704345703125
1938.8837890625
1906.93408203125
1874.7891845703125
1842.4427490234375
1809.9720458984375
1777.649658203125
1745.658447265625
1714.1514892578125
1683.116943359375
1652.57177734375
1622.539306640625
1592.91357421875
1563.5738525390625
1534.615966796875
1506.0576171875
1478.1151123046875
1450.5008544921875
