2074.40283203125
2043.8125
2017.5667724609375
2000.093505859375
2010.8431396484375
2061.00634765625
2078.169921875
2112.07568359375
2130.387451171875
2138.71142578125
2154.81884765625
2194.083984375
2234.71826171875
2260.4609375
2287.75146484375
2315.495361328125
2343.821044921875
2378.11181640625
2428.05224609375
2495.7373046875
2584.161865234375
2693.30859375
2819.882080078125
2963.526123046875
3120.399169921875
3293.098388671875
3489.619384765625
3709.899169921875
3948.439453125
4199.90234375
4459.96533203125
4722.8779296875
4986.7919921875
172.3936309814453
152.1087646484375
153.23663330078125
158.0466766357422
162.98834228515625
166.974853515625
4430.9853515625
4721.3837890625
4804.240234375
4832.5849609375
4938.27978515625
5162.755859375
5466.31787109375
5834.169921875
6286.36767578125
6844.0400390625
7396.17626953125
7905.86376953125
8326.0361328125
8662.55859375
8923.5068359375
9110.8125
9226.4326171875
9316.08203125
9367.5380859375
9397.8232421875
9452.6123046875
9477.2021484375
9491.9951171875
9514.62890625
9548.2451171875
9575.8876953125
9149.9814453125
8634.16015625
8187.810546875
7792.953125
7440.123046875
7114.01171875
6805.05712890625
6506.84423828125
6220.2333984375
5950.18603515625
5692.158203125
5447.5927734375
5219.02783203125
5001.25146484375
4797.17431640625
4610.19580078125
4433.49853515625
4262.9990234375
4102.2294921875
3954.9248046875
3817.746337890625
3685.275634765625
3557.01123046875
3432.089599609375
3312.9931640625
3202.199462890625
3100.365966796875
3007.3681640625
2920.21240234375
