2041.01318359375
2002.764404296875
2108.363525390625
2214.185791015625
2305.05078125
2369.72705078125
2408.0205078125
2428.779541015625
2447.82958984375
2443.84716796875
2430.471435546875
2412.240966796875
2400.818359375
2398.719482421875
2404.528564453125
2418.29248046875
2440.67041015625
2474.346435546875
2524.1953125
2597.088134765625
2694.776611328125
2816.91162109375
2962.19189453125
3128.43798828125
3314.162109375
3518.1494140625
3740.52734375
3977.427490234375
4227.95751953125
4488.677734375
4762.01171875
5039.7197265625
201.0750274658203
194.8016357421875
200.56454467773438
204.3126678466797
206.3559112548828
206.38563537597656
4453.26025390625
5707.19873046875
6684.46875
7319.60888671875
7407.8251953125
7475.28125
7532.041015625
7598.69921875
7682.3173828125
7771.08056640625
7860.33984375
7958.96630859375
8058.8720703125
8153.4423828125
8240.16796875
8316.23046875
8378.427734375
8423.787109375
8450.8974609375
8458.447265625
8456.2109375
8448.7783203125
8417.873046875
8369.78125
8306.1064453125
8229.1181640625
8140.00634765625
8038.955078125
7984.7763671875
7927.7412109375
7805.50048828125
7674.7890625
7534.95654296875
7388.69189453125
7237.0458984375
7080.99169921875
6921.7763671875
6760.44873046875
6598.3251953125
6436.3876953125
6275.24365234375
6115.41357421875
5957.50634765625
5802.2119140625
5649.6640625
5500.46337890625
5354.59130859375
5211.81689453125
5072.35791015625
4936.3837890625
4803.93701171875
4676.77490234375
4552.947265625
4432.48486328125
4314.59765625
4199.34033203125
