2085.000732421875
2067.975830078125
2032.1883544921875
2000.4493408203125
2035.2222900390625
2064.35009765625
2086.760009765625
2077.848876953125
2075.298828125
2090.025634765625
2129.1806640625
2175.657470703125
2205.8037109375
2216.310791015625
2214.528076171875
2244.446044921875
2266.20751953125
2285.663330078125
2319.569580078125
2372.282470703125
2417.37939453125
2478.189697265625
2568.348388671875
2673.282958984375
2731.31494140625
2820.37646484375
2877.57861328125
2919.38427734375
2975.589599609375
3066.85107421875
3179.1513671875
3319.276611328125
112.041015625
91.22136688232422
89.59215545654297
89.90765380859375
90.1712646484375
90.17013549804688
1419.8909912109375
1480.066162109375
1587.12548828125
4193.4619140625
5320.2451171875
5651.6513671875
5776.77490234375
5879.76220703125
5950.61865234375
5687.09326171875
5570.24853515625
5524.26708984375
5511.5205078125
5516.826171875
5533.138671875
5556.80078125
5583.59423828125
5611.29638671875
5638.61474609375
5663.80859375
5686.64306640625
5706.31103515625
5722.15673828125
5733.1923828125
5739.50537109375
5740.20703125
5734.7646484375
5723.59375
5707.107421875
5685.52490234375
5659.11669921875
5628.97119140625
5592.7294921875
5550.52294921875
5503.8349609375
5454.10888671875
5401.65576171875
5346.44189453125
5288.92724609375
5229.64697265625
5168.91943359375
5106.7021484375
5043.13134765625
4978.23046875
4912.1435546875
4845.40185546875
4777.9755859375
4709.8271484375
4641.0458984375
4571.6728515625
4501.951171875
4432.1279296875
4362.37939453125
4292.69921875
