2058.456298828125
2014.13671875
2033.3028564453125
2114.125
2097.942138671875
2122.804931640625
2155.907470703125
2164.197265625
2163.208251953125
2171.45751953125
2180.44921875
2190.166015625
2197.973388671875
2211.742431640625
2237.504150390625
2264.394287109375
2293.11181640625
2322.043212890625
2375.734619140625
2452.79541015625
2549.541015625
2662.06982421875
2791.850341796875
2937.81494140625
3091.939697265625
3250.53173828125
3415.854736328125
3587.2646484375
3764.153564453125
3947.173095703125
4138.8310546875
4339.3388671875
114.60112762451172
116.73905181884766
123.66509246826172
144.1754608154297
158.1575469970703
167.39605712890625
4238.53857421875
4498.74072265625
4657.1201171875
4749.05712890625
4843.68896484375
5064.67578125
5184.2158203125
5313.25732421875
5600.4462890625
5918.9794921875
6267.51708984375
6594.99609375
6908.74755859375
7186.23291015625
7423.08349609375
7607.97216796875
7750.43017578125
7871.61376953125
7985.90087890625
8105.08203125
8017.5302734375
7633.05126953125
7309.2744140625
7001.095703125
6705.837890625
6564.48388671875
6428.7724609375
6170.5615234375
5915.53271484375
5675.77587890625
5441.166015625
5194.474609375
4949.27880859375
4732.0908203125
4534.48095703125
4348.02783203125
4172.07080078125
4000.333984375
3828.53271484375
3658.27783203125
3495.951416015625
3336.7470703125
3174.996826171875
3018.369873046875
2865.2568359375
2725.578369140625
2597.20654296875
2472.056396484375
2349.591796875
2229.4111328125
2112.733642578125
2011.884033203125
1918.6396484375
1835.485595703125
1757.6436767578125
1684.754150390625
1615.3458251953125
