2062.758544921875
2039.6612548828125
2018.284423828125
1999.77587890625
2042.5753173828125
2033.7012939453125
2057.97265625
2051.035400390625
2066.083984375
2095.6875
2140.67333984375
2202.597900390625
2281.298095703125
2375.012451171875
2485.36181640625
2622.4970703125
2785.28271484375
2971.704345703125
3177.644287109375
3400.136962890625
3637.836669921875
3889.130859375
4153.88623046875
4432.90771484375
4726.0048828125
5034.7158203125
5351.6435546875
5680.4111328125
6037.697265625
6417.79052734375
6821.50048828125
7253.99267578125
351.34173583984375
340.71966552734375
344.052001953125
349.5624084472656
355.3274841308594
361.19573974609375
8010.72412109375
9059.0830078125
9779.2734375
10459.78515625
11155.03125
11850.8974609375
12536.7177734375
13215.7197265625
13885.26953125
14552.671875
15221.5087890625
15893.4580078125
16564.900390625
17235.671875
17901.326171875
18560.794921875
18340.28515625
18016.671875
17701.697265625
17381.57421875
17052.78125
16714.927734375
16542.2890625
16367.4140625
16013.2822265625
15653.72265625
15289.30078125
14919.9990234375
14549.462890625
14178.1015625
13806.8525390625
13436.5673828125
13067.8564453125
12702.6357421875
12342.1328125
11988.861328125
11644.978515625
11310.0029296875
10985.1416015625
10669.7236328125
10363.078125
10064.287109375
9771.53125
9492.5302734375
9226.125
8969.5166015625
8721.9482421875
8483.9013671875
8254.775390625
8034.8828125
7823.0078125
7618.5283203125
7421.4052734375
7231.34912109375
7047.72900390625
