2016.21044921875
2711.03759765625
3139.249755859375
2843.87353515625
2647.637939453125
2535.36962890625
2471.2783203125
2433.419189453125
2415.602783203125
2415.8505859375
2427.0634765625
2441.34716796875
2455.919189453125
2465.1123046875
2468.964111328125
2477.444091796875
2431.151611328125
2398.681640625
2379.865234375
2372.38818359375
2374.30419921875
2389.824462890625
2418.9150390625
2457.46875
2500.93994140625
2546.297607421875
2591.079833984375
2632.738525390625
2670.7255859375
2704.76123046875
2734.556884765625
2760.019287109375
107.82972717285156
94.03921508789062
95.30619812011719
94.78707885742188
95.3290023803711
95.9297103881836
2391.380615234375
3194.9638671875
2999.89697265625
2910.4296875
2878.164306640625
2866.259765625
2869.961669921875
2872.594482421875
2874.371826171875
2873.89013671875
2871.947509765625
2869.0927734375
2868.435791015625
2865.166015625
2864.366943359375
2854.894287109375
2831.330078125
2793.521240234375
2740.907470703125
2684.473876953125
2625.0712890625
2558.639404296875
2489.912841796875
2421.4560546875
2353.385498046875
2285.61474609375
2218.102783203125
2151.6044921875
2087.9970703125
2028.3216552734375
1971.979248046875
1910.6474609375
1848.7879638671875
1789.2010498046875
1732.8016357421875
1679.3408203125
1628.088134765625
1578.9000244140625
1531.7679443359375
1486.472900390625
1443.55322265625
1402.3966064453125
1362.26708984375
1321.9732666015625
1281.7293701171875
1242.36767578125
1204.3856201171875
1167.938720703125
1133.0858154296875
1099.8115234375
1067.800537109375
1036.7313232421875
1006.30126953125
976.1197509765625
