2085.155029296875
2065.410888671875
2037.6104736328125
2013.771484375
1997.0196533203125
1989.2896728515625
2048.3603515625
2052.61669921875
2057.0224609375
2076.5712890625
2114.72265625
2139.150146484375
2163.0263671875
2192.84521484375
2231.325927734375
2268.63037109375
2304.11572265625
2338.761962890625
2372.262451171875
2406.0009765625
2445.522705078125
2495.300537109375
2555.0009765625
2624.911865234375
2705.64013671875
2797.46728515625
2898.8271484375
3007.936279296875
3123.86865234375
3245.532958984375
3372.286865234375
3504.59326171875
128.79165649414062
120.33804321289062
121.28153991699219
121.97039031982422
122.48308563232422
122.87825012207031
2722.872802734375
3133.42822265625
3360.960693359375
3533.739990234375
3688.160888671875
3844.7900390625
4014.8427734375
4198.59326171875
4398.36572265625
4605.18408203125
4806.037109375
4998.17236328125
5182.6806640625
5368.42041015625
5578.63427734375
5781.8134765625
5981.951171875
6193.4990234375
6410.89306640625
6633.19580078125
6855.48779296875
7095.27587890625
7331.7236328125
7526.14501953125
7697.12939453125
7851.99560546875
7975.56494140625
8082.95703125
8161.21240234375
8219.359375
8260.5244140625
8296.6572265625
8314.7041015625
8313.3056640625
8284.0390625
8234.541015625
8178.71826171875
8124.36474609375
7860.5146484375
7523.982421875
7228.9169921875
6956.76611328125
6702.16943359375
6465.89892578125
6246.05419921875
6037.900390625
5844.3466796875
5663.23974609375
5489.6123046875
5317.03369140625
5144.56689453125
4975.29638671875
4810.71044921875
4651.0205078125
