2084.780517578125
2051.285888671875
2016.3211669921875
1986.360107421875
2040.933349609375
2063.794189453125
2114.698974609375
2171.832763671875
2249.26416015625
2333.64794921875
2421.02978515625
2511.404052734375
2623.280029296875
2780.30322265625
2976.315185546875
3199.518310546875
3440.043701171875
3692.62255859375
3954.956298828125
4218.5693359375
4484.3759765625
4755.25537109375
5037.4921875
5334.50146484375
5649.24609375
5985.70849609375
6386.62109375
6823.95703125
7333.34326171875
7872.1650390625
8421.4208984375
9002.4453125
368.7555847167969
348.37213134765625
344.07708740234375
346.30548095703125
351.5753173828125
357.7336730957031
8126.39013671875
8931.2353515625
9450.8203125
9857.662109375
10295.6484375
10783.01953125
11297.1220703125
11833.3583984375
11206.07421875
10639.6240234375
10125.1474609375
9634.9775390625
9167.6630859375
8722.6025390625
8299.5478515625
7896.4833984375
7511.80517578125
7144.37841796875
6796.5107421875
6469.80859375
6163.5927734375
5875.8515625
5604.53271484375
5349.24267578125
5109.59765625
4884.79541015625
4673.7822265625
4475.37646484375
4288.23291015625
4111.01318359375
3942.69384765625
3781.93701171875
3628.4033203125
3482.83935546875
3344.832275390625
3214.171630859375
3090.71630859375
2973.647705078125
2862.602294921875
2756.9873046875
2656.160888671875
2559.660400390625
2467.343994140625
2378.83642578125
2293.865966796875
2212.498046875
2134.46826171875
2059.66162109375
1988.047607421875
1919.41015625
1853.5469970703125
1790.0172119140625
1728.304443359375
1668.3704833984375
