2065.884033203125
2024.8931884765625
1988.5618896484375
2053.67822265625
2188.162841796875
2145.843505859375
2000.988525390625
1871.9696044921875
1785.3194580078125
1737.1297607421875
1693.03759765625
1654.9810791015625
1624.409912109375
1600.233154296875
1580.20068359375
1561.8250732421875
1541.9869384765625
1528.30712890625
1523.385009765625
1523.727783203125
1541.6494140625
1565.5728759765625
1617.102783203125
1686.9302978515625
1746.598388671875
1816.4342041015625
1897.4356689453125
1977.9442138671875
2053.215087890625
2119.634521484375
2175.7734375
2203.10791015625
2223.92626953125
2260.357666015625
230.72666931152344
238.8707275390625
300.6324462890625
359.9021301269531
405.2974853515625
436.7317199707031
2650.050048828125
2553.0283203125
2447.022216796875
2391.84765625
2281.649169921875
2219.670654296875
2148.884521484375
2130.09375
2119.856201171875
2128.066650390625
2138.672607421875
2144.576416015625
2157.863037109375
2164.598876953125
2165.482177734375
2158.927001953125
2145.833984375
2127.244140625
2104.2333984375
2077.689453125
2048.292724609375
2016.80908203125
1983.9080810546875
1950.0029296875
1915.44677734375
1880.8819580078125
1846.4498291015625
1812.296630859375
1778.59619140625
1745.501220703125
1713.08984375
1681.66259765625
1651.0733642578125
1621.3599853515625
1592.46728515625
1564.3653564453125
1537.046142578125
1510.46484375
1484.5909423828125
1459.459716796875
1434.9210205078125
1410.9937744140625
1387.6593017578125
1364.917236328125
1342.9517822265625
1321.58447265625
1300.8402099609375
1280.689453125
1261.1307373046875
1242.1556396484375
1223.8055419921875
1206.0791015625
1188.958251953125
1172.40283203125
1156.367431640625
1140.812744140625
1125.6947021484375
1110.987548828125
1096.6904296875
