2052.96923828125
2000.229248046875
2077.52490234375
2068.54345703125
2041.256591796875
2027.3846435546875
2041.176513671875
2064.303466796875
2083.326171875
2138.659912109375
2203.02587890625
2269.677001953125
2347.236572265625
2457.152587890625
2608.267578125
2804.668212890625
3037.6484375
3297.337646484375
3582.13134765625
3886.5986328125
4216.7783203125
4578.32470703125
4984.49658203125
5418.62646484375
5629.61279296875
5512.31494140625
5392.63134765625
5265.86474609375
5129.5380859375
4985.93359375
4870.24658203125
4768.6015625
357.9472351074219
379.27581787109375
392.59674072265625
390.636962890625
380.07470703125
365.85137939453125
4739.78515625
4466.5703125
4218.43212890625
4058.4306640625
3916.433349609375
3783.5546875
3642.448486328125
3494.275634765625
3338.61279296875
3176.877685546875
3010.830810546875
2847.834228515625
2698.60888671875
2561.755859375
2435.547607421875
2318.38330078125
2208.92919921875
2106.28662109375
2009.98876953125
1919.5223388671875
1834.435791015625
1754.537353515625
1679.5111083984375
1609.0172119140625
1542.775390625
1480.4791259765625
1421.803466796875
1366.460693359375
1314.2652587890625
1264.9368896484375
1218.3870849609375
1174.4129638671875
1132.784912109375
1093.31298828125
1055.7886962890625
1020.0614013671875
986.063232421875
953.658935546875
922.7528076171875
893.225341796875
864.976318359375
837.934814453125
812.0460205078125
787.263916015625
763.4434204101562
740.4352416992188
718.1799926757812
696.7371215820312
676.1233520507812
656.3356323242188
637.3139038085938
618.9732055664062
601.1983032226562
583.8944091796875
