2043.8125
2009.5986328125
1996.5400390625
2090.61376953125
2109.911865234375
2110.83154296875
2100.109130859375
2096.1357421875
2093.47119140625
2092.889892578125
2092.88525390625
2092.88232421875
2092.881591796875
2092.881103515625
2092.880859375
2092.880615234375
2092.880615234375
2092.880615234375
2092.880615234375
2092.880615234375
2092.880615234375
2092.880615234375
2092.880615234375
2092.880615234375
2092.880615234375
2092.880615234375
2092.880615234375
2092.880615234375
2092.880615234375
