2065.2958984375
2027.1224365234375
1999.5694580078125
1992.08154296875
2037.0220947265625
2071.966552734375
2103.569091796875
2110.214599609375
2113.177978515625
2113.757080078125
2113.761474609375
2113.764404296875
2113.764892578125
2113.765380859375
2113.765625
2113.765869140625
2113.76611328125
2113.76611328125
2113.76611328125
2113.76611328125
2113.76611328125
2113.76611328125
2113.76611328125
2113.76611328125
2113.76611328125
2113.76611328125
2113.76611328125
2113.76611328125
2113.76611328125
