2085.028564453125
2057.435546875
2029.6031494140625
2006.0040283203125
1997.5035400390625
2008.62060546875
2083.22265625
2093.905517578125
2137.812255859375
2237.276123046875
2356.203857421875
2488.284912109375
2660.099853515625
2867.91455078125
3101.40234375
3348.9326171875
3603.898681640625
3868.8115234375
4146.6455078125
4435.205078125
4732.21142578125
5033.8896484375
5349.669921875
5683.046875
6027.5029296875
6408.7099609375
6854.96826171875
7343.67626953125
7924.10009765625
8506.884765625
9150.3212890625
9833.33984375
456.79266357421875
450.54730224609375
448.0508728027344
445.510986328125
443.4154968261719
441.15277099609375
8426.5390625
9119.3251953125
9820.955078125
10523.4931640625
11182.748046875
11805.578125
12394.0830078125
12953.427734375
13490.84765625
14024.7314453125
14537.6162109375
13602.279296875
12777.2509765625
12059.32421875
11408.9677734375
10811.6796875
10260.087890625
9749.10546875
9274.0576171875
8831.0986328125
8417.048828125
8028.6611328125
7663.75830078125
7320.154296875
6996.56103515625
6692.2412109375
6406.3759765625
6137.96630859375
5886.0107421875
5649.34130859375
5426.36767578125
5216.18994140625
5017.6865234375
4829.89599609375
4651.95166015625
4482.97802734375
4322.291015625
4169.4775390625
4023.95361328125
3885.22998046875
3752.8330078125
3626.29150390625
3505.492431640625
3390.03564453125
3279.476806640625
3173.486083984375
3071.93896484375
2974.849853515625
2882.27880859375
2793.672119140625
2708.709716796875
2627.15576171875
2548.777099609375
2473.38427734375
