2055.1337890625
2013.398681640625
2086.33154296875
2226.65283203125
2187.76416015625
2212.536865234375
2291.33203125
2340.895263671875
2392.322998046875
2439.294189453125
2491.22021484375
2557.55224609375
2642.873291015625
2753.783203125
2892.843017578125
3059.282958984375
3248.950927734375
3459.307373046875
3684.807861328125
3919.726318359375
4162.0654296875
4415.30810546875
4676.244140625
4954.78271484375
5240.8125
5545.07861328125
5881.6708984375
6244.96728515625
6623.4072265625
7079.22900390625
7529.478515625
8090.0849609375
282.7512512207031
231.71249389648438
229.4306182861328
239.6156768798828
253.1186981201172
267.0864562988281
7523.69287109375
9280.580078125
9856.46484375
9738.1650390625
9714.37109375
9707.181640625
9688.47265625
9647.041015625
9579.5556640625
9487.2822265625
9373.36328125
9238.7490234375
9083.1513671875
8906.6005859375
8712.08203125
8506.4736328125
8294.013671875
8076.5947265625
7855.02001953125
7630.13916015625
7402.24658203125
7172.7490234375
6943.5673828125
6716.8583984375
6494.302734375
6277.06005859375
6065.04296875
5858.8466796875
5658.61865234375
5464.673828125
5277.29248046875
5096.576171875
4923.08447265625
4757.07763671875
4598.453125
4446.8984375
4301.06689453125
4162.10498046875
4029.944091796875
3903.8046875
3783.53564453125
3668.68310546875
3558.801025390625
3453.463134765625
3352.17529296875
3255.61669921875
3163.43115234375
3075.2685546875
2990.739501953125
2909.607177734375
2831.74169921875
2756.96044921875
2685.187744140625
2616.21435546875
