2065.38525390625
2042.5489501953125
2021.607421875
2002.9134521484375
2020.1226806640625
2050.709228515625
2059.598876953125
2060.9853515625
2052.4453125
2072.882568359375
2117.539306640625
2202.55810546875
2284.60009765625
2376.77001953125
2486.011474609375
2618.526123046875
2769.889404296875
2935.85595703125
3116.032470703125
3307.23583984375
3507.2802734375
3717.25732421875
3940.095458984375
4176.595703125
4425.20947265625
4691.4931640625
4972.97802734375
5268.67138671875
5571.0068359375
5901.16650390625
6237.81884765625
6588.26220703125
281.0992431640625
271.0400085449219
280.4250183105469
291.6966857910156
301.9552307128906
310.8096618652344
6867.09912109375
7677.58984375
8251.41796875
8749.736328125
9281.76171875
9860.8681640625
10452.8134765625
11044.951171875
11649.45703125
12260.5009765625
12867.9794921875
13469.3466796875
14067.35546875
14663.3076171875
15206.294921875
14826.1796875
14485.892578125
14147.6826171875
13802.7939453125
13449.6083984375
13087.173828125
12715.560546875
12340.369140625
11965.3271484375
11593.099609375
11225.736328125
10864.1162109375
10508.9931640625
10161.814453125
9823.6328125
9495.240234375
9177.73828125
8871.55859375
8577.091796875
8294.4326171875
8023.431640625
7763.751953125
7514.92919921875
7276.60205078125
7048.30029296875
6829.63134765625
6620.1337890625
6419.2646484375
6226.80517578125
6041.88037109375
5864.17529296875
5693.48486328125
5529.595703125
5372.4892578125
5221.63037109375
5076.6875
4937.3876953125
4803.54736328125
4674.908203125
