2071.426513671875
2025.4222412109375
1992.04296875
2080.6123046875
2056.774169921875
2047.78173828125
2043.8082275390625
2066.913330078125
2113.373046875
2165.97705078125
2211.661376953125
2262.861083984375
2338.259521484375
2447.182373046875
2581.765869140625
2760.11865234375
2978.979248046875
3274.76025390625
3532.30078125
3478.344970703125
3446.99951171875
3429.14453125
3409.350830078125
3382.335205078125
3343.02783203125
3342.23193359375
3391.650634765625
3439.71728515625
3493.919189453125
3531.034423828125
3534.189697265625
3508.08984375
303.63006591796875
363.5992126464844
402.9204406738281
402.2289123535156
381.9389343261719
347.9967956542969
3229.419189453125
3005.411376953125
2897.01123046875
2872.971923828125
2863.028076171875
2854.086669921875
2837.241455078125
2808.3251953125
2767.11181640625
2715.83251953125
2655.895751953125
2590.286376953125
2519.66748046875
2444.977294921875
2367.2607421875
2288.33349609375
2209.236572265625
2130.46240234375
2052.4912109375
1975.935302734375
1901.671875
1830.57275390625
1762.6121826171875
1697.7607421875
1635.88818359375
1576.9639892578125
1521.004638671875
1467.8944091796875
1417.5845947265625
1369.8905029296875
1324.6494140625
1281.6839599609375
1240.8687744140625
1202.1175537109375
1165.307861328125
1130.3876953125
1097.1065673828125
1065.141357421875
1034.4544677734375
1004.9165649414062
976.43798828125
949.0061645507812
922.532958984375
896.91455078125
872.1212768554688
848.1783447265625
825.1354370117188
802.9221801757812
781.4713134765625
760.673095703125
740.4942016601562
720.8815307617188
701.7523193359375
683.0752563476562
