2068.98974609375
2037.1536865234375
1996.010986328125
2078.511962890625
2126.861572265625
2195.73828125
2210.96533203125
2200.449951171875
2201.039306640625
2226.91650390625
2268.4912109375
2299.34765625
2321.8125
2336.42431640625
2354.230712890625
2378.023681640625
2404.88623046875
2435.892333984375
2472.596435546875
2532.14404296875
2627.15771484375
2748.518798828125
2885.47705078125
3029.502197265625
3176.68359375
3325.911865234375
3475.158447265625
3636.795654296875
3820.287353515625
4024.39599609375
4242.14697265625
4465.94140625
154.26632690429688
144.2746124267578
150.7056884765625
159.4279022216797
166.76834106445312
171.76902770996094
4229.46923828125
4724.12890625
4837.31494140625
4893.60498046875
4994.4267578125
5170.0244140625
5403.73291015625
5714.71337890625
6047.68701171875
6379.94482421875
6704.6484375
7013.54248046875
7309.42919921875
7600.60888671875
7572.51611328125
7450.5810546875
7350.72802734375
7253.53466796875
7152.13671875
7041.07861328125
6916.0166015625
6850.23974609375
6781.0166015625
6635.388671875
6482.68701171875
6315.67041015625
6134.67236328125
5943.82421875
5748.818359375
5553.94140625
5359.59228515625
5167.23779296875
4979.0439453125
4790.52783203125
4598.96728515625
4409.9765625
4227.94677734375
4054.458984375
3886.871826171875
3725.44140625
3577.505859375
3443.419921875
3319.073974609375
3193.54248046875
3068.731201171875
2948.35986328125
2831.429443359375
2716.067626953125
2607.7041015625
2505.44287109375
2409.9912109375
2321.762451171875
2240.46923828125
2165.022216796875
2096.1767578125
