2026.475830078125
1915.1798095703125
1675.51611328125
1610.3040771484375
1524.8709716796875
1456.466064453125
1421.2872314453125
1391.235595703125
1371.6175537109375
1359.4273681640625
1345.89599609375
1333.1739501953125
1327.3359375
1325.3358154296875
1322.6309814453125
1320.2646484375
1319.781982421875
1324.8544921875
1337.9580078125
1361.6014404296875
1396.6956787109375
1442.2530517578125
1495.931640625
1555.8177490234375
1622.40771484375
1692.5576171875
1762.160888671875
1831.267578125
1900.142822265625
1967.6153564453125
2032.0721435546875
2092.3046875
255.4768829345703
255.4432373046875
271.04644775390625
287.74957275390625
303.4066162109375
317.9067077636719
2458.943115234375
2522.08984375
2575.703125
2642.114501953125
2693.235595703125
2739.01416015625
2789.409423828125
2834.301025390625
2870.7255859375
2897.324951171875
2914.43115234375
2922.586669921875
2922.583251953125
2915.1240234375
2900.27685546875
2878.665771484375
2850.672607421875
2817.033203125
2779.11865234375
2738.000732421875
2693.0
2644.318359375
2592.3193359375
2537.4013671875
2509.167724609375
2480.3388671875
2421.42431640625
2361.29931640625
2299.911865234375
2238.301025390625
2176.5
2115.203857421875
2054.4765625
1994.5045166015625
1935.4591064453125
1877.3011474609375
1817.9354248046875
1760.17529296875
1703.70849609375
1648.59912109375
1595.01025390625
1542.97314453125
1492.796630859375
1444.8741455078125
1398.8701171875
1354.7601318359375
1312.5604248046875
1272.1754150390625
1233.52685546875
1196.4144287109375
1160.7581787109375
1126.5133056640625
1093.6885986328125
1062.1846923828125
1031.941650390625
