2042.5223388671875
2004.3009033203125
2106.68798828125
2222.677978515625
2320.4921875
2378.342529296875
2412.531494140625
2430.114501953125
2445.4716796875
2438.50439453125
2423.90283203125
2403.537353515625
2389.5107421875
2384.66845703125
2388.1474609375
2399.081298828125
2417.16455078125
2444.062255859375
2482.76904296875
2540.235107421875
2619.99658203125
2722.84375
2847.8232421875
2993.322265625
3157.380126953125
3338.782958984375
3536.782958984375
3751.868408203125
3980.001953125
4220.771484375
4470.51123046875
4732.9619140625
181.7727813720703
173.53897094726562
180.00164794921875
185.2174530029297
187.56634521484375
189.26950073242188
4090.591064453125
5288.44775390625
6225.291015625
6931.783203125
7195.70849609375
7246.7685546875
7291.37109375
7340.13232421875
7408.93701171875
7499.76416015625
7610.87744140625
7722.83203125
7837.0458984375
7955.63818359375
8074.751953125
8188.8583984375
8292.373046875
8383.1728515625
8458.1923828125
8515.4453125
8554.3603515625
8573.517578125
8573.23828125
8554.0302734375
8517.05859375
8464.119140625
8397.4091796875
8318.576171875
8228.3017578125
8126.85009765625
8015.06640625
7894.255859375
7764.77490234375
7627.615234375
7484.08984375
7335.85498046875
7184.0654296875
7029.59423828125
6873.431640625
6716.74609375
6559.95166015625
6481.4521484375
6403.0107421875
6247.64208984375
6094.216796875
5943.40576171875
5795.0673828125
5649.08837890625
5505.84228515625
5365.43408203125
5230.23095703125
5097.9619140625
4968.3857421875
4840.5
4713.736328125
