2082.935546875
2059.66357421875
2034.2587890625
2014.898193359375
2001.2005615234375
2008.0458984375
2009.2738037109375
2030.32861328125
2058.48876953125
2094.795166015625
2110.89697265625
2125.263916015625
2139.688720703125
2164.0126953125
2199.307373046875
2249.40185546875
2312.23828125
2393.530029296875
2497.197265625
2627.96435546875
2783.864990234375
2957.72802734375
3144.456298828125
3341.592041015625
3548.25439453125
3766.382080078125
3998.432861328125
4247.20458984375
4512.841796875
4794.88818359375
5091.7294921875
5406.56689453125
266.9045715332031
297.47528076171875
315.58453369140625
328.0472412109375
338.9699401855469
349.4945983886719
6382.37548828125
6562.0517578125
6619.10302734375
6774.7802734375
7031.9384765625
7365.57470703125
7737.7431640625
8137.6591796875
8572.416015625
9036.0390625
9487.9716796875
9957.9951171875
10448.185546875
10938.138671875
11438.2314453125
11943.78125
12451.7099609375
12950.951171875
13430.80078125
13895.05859375
14345.9501953125
14788.4345703125
15225.701171875
15650.2294921875
16058.2177734375
16447.45703125
16801.080078125
17144.71875
17452.31640625
17730.62109375
17974.951171875
18188.3359375
18382.5546875
18532.142578125
18649.08203125
18730.703125
18771.1875
18771.0859375
18725.970703125
18642.884765625
18522.115234375
17968.0546875
17165.40234375
16466.349609375
15811.2568359375
15188.208984375
14593.7646484375
14025.263671875
13477.9755859375
12947.0322265625
12434.4775390625
11941.3271484375
11466.9765625
11010.9912109375
