2081.49755859375
2054.867431640625
2020.1435546875
1992.0263671875
2038.4951171875
2087.630126953125
2082.053466796875
2083.95751953125
2096.74169921875
2126.9990234375
2141.64111328125
2148.436767578125
2168.345947265625
2204.412353515625
2245.534423828125
2286.732421875
2317.98828125
2351.988037109375
2382.9072265625
2410.6572265625
2439.845458984375
2471.705078125
2509.21435546875
2558.905029296875
2625.757568359375
2711.51318359375
2810.31396484375
2921.22265625
3038.674560546875
3162.7490234375
3294.537841796875
3433.8125
147.40780639648438
144.58840942382812
143.16522216796875
139.3049774169922
134.64866638183594
130.82688903808594
2168.29931640625
2775.24365234375
3183.389404296875
3518.35791015625
3832.373291015625
4134.91943359375
4434.07373046875
4735.0625
5034.9453125
5333.09326171875
5625.98583984375
5915.833984375
6251.39208984375
6624.5283203125
7025.6240234375
7352.92822265625
7643.677734375
7909.48388671875
8158.6103515625
8418.892578125
8590.0390625
8763.482421875
8877.5849609375
8945.1748046875
9043.9306640625
9009.36328125
8317.2001953125
8051.4990234375
7824.0205078125
7487.45654296875
7194.06494140625
6917.7646484375
6649.87890625
6386.63525390625
6132.85498046875
5899.9765625
5686.87744140625
5483.94189453125
5291.15087890625
5108.19921875
4939.9853515625
4787.892578125
4661.8525390625
4547.22412109375
4445.51220703125
4346.2392578125
4247.8994140625
4149.50341796875
4050.303466796875
3951.647705078125
3852.6650390625
3756.180419921875
3665.7060546875
3573.423095703125
3485.37744140625
