2085.0
2070.404052734375
2038.1422119140625
2013.3800048828125
1997.740478515625
2049.48876953125
2107.123291015625
2093.158447265625
2085.25927734375
2080.96728515625
2077.105224609375
2080.108642578125
2082.303955078125
2083.9228515625
2093.154541015625
2127.109619140625
2067.254150390625
2006.2454833984375
1948.90869140625
1915.0418701171875
1896.53857421875
1877.3388671875
1858.781005859375
1838.520751953125
1819.2373046875
1801.7529296875
1787.1693115234375
1778.17724609375
1771.5831298828125
1765.206298828125
1760.0726318359375
1755.0557861328125
117.43313598632812
117.62242126464844
118.05268096923828
118.4329605102539
118.73751068115234
118.97438049316406
1697.9857177734375
1698.642578125
1777.4637451171875
1782.87841796875
1781.8046875
1784.0091552734375
1790.9517822265625
1801.2777099609375
1846.5411376953125
1904.73486328125
1959.3775634765625
2018.4136962890625
2077.8916015625
2132.697998046875
2181.84716796875
2227.606201171875
2272.27685546875
2315.707275390625
2356.2822265625
2392.40380859375
2423.678955078125
2450.681884765625
2473.794189453125
2493.006591796875
2509.08984375
2523.271240234375
2536.0205078125
2546.5751953125
2554.40478515625
2559.279541015625
2561.26806640625
2560.369140625
2556.76318359375
2550.74072265625
2542.54833984375
2532.986328125
2521.889404296875
2509.709716796875
2496.753662109375
2483.96484375
2471.8857421875
2458.899169921875
2445.37060546875
2430.931396484375
2415.465087890625
2398.80908203125
2380.97314453125
2362.070068359375
2342.06591796875
2321.014892578125
2299.016845703125
2276.113525390625
2252.451416015625
2228.14208984375
