2085.000732421875
2061.300048828125
2026.8111572265625
2006.6578369140625
2037.128662109375
2040.8104248046875
2081.915771484375
2074.87353515625
2085.0205078125
2110.046875
2163.407958984375
2173.09423828125
2166.242919921875
2166.49365234375
2187.719970703125
2219.345947265625
2248.05517578125
2272.4365234375
2292.482421875
2320.889404296875
2363.356201171875
2427.74365234375
2517.883056640625
2635.25634765625
2758.364501953125
2867.9404296875
2863.702880859375
2863.375244140625
2882.070556640625
2949.55517578125
3032.002197265625
3109.783447265625
85.9836654663086
82.05842590332031
83.22661590576172
83.52286529541016
83.88499450683594
84.33392333984375
1370.16015625
1451.065185546875
1537.10498046875
3970.584716796875
5269.91015625
5371.697265625
4685.4375
4380.2353515625
4248.9501953125
4181.49755859375
4145.70947265625
4130.81640625
4134.88818359375
4157.7392578125
4196.14697265625
4244.6025390625
4294.99853515625
4339.79931640625
4374.58154296875
4399.8203125
4416.8623046875
4430.9609375
4449.4443359375
4473.87353515625
4500.72216796875
4522.37451171875
4535.849609375
4539.92236328125
4533.78466796875
4516.95703125
4490.8330078125
4454.5029296875
4409.03759765625
4356.240234375
4297.32568359375
4233.4853515625
4165.54345703125
4094.23193359375
4020.73681640625
3945.8076171875
3867.6103515625
3789.345458984375
3711.38330078125
3633.697265625
3555.89208984375
3478.07568359375
3400.71875
3324.2880859375
3248.953369140625
3174.9931640625
3102.57763671875
3031.69287109375
2962.338623046875
2894.96630859375
