2059.27197265625
2026.20556640625
1998.7469482421875
2059.71923828125
2083.83203125
2067.08203125
2054.571044921875
2044.728271484375
2041.49267578125
2048.563232421875
2053.696533203125
2093.858642578125
2110.220947265625
2112.330810546875
2125.493896484375
2150.931884765625
2184.436767578125
2231.154052734375
2307.660888671875
2412.2529296875
2536.53466796875
2678.459716796875
2834.78857421875
3004.873779296875
3189.189697265625
3387.299072265625
3596.03662109375
3815.821533203125
4046.947021484375
4290.9052734375
4550.95703125
4827.755859375
168.81640625
179.33425903320312
202.5610809326172
223.40736389160156
240.73443603515625
255.603515625
6003.20458984375
6381.58984375
6615.12451171875
6877.00732421875
7171.912109375
7497.18505859375
7875.7890625
8280.7763671875
8701.10546875
9136.4375
9604.240234375
10133.896484375
10697.9423828125
11297.3623046875
11911.1650390625
12532.2646484375
13167.455078125
13804.2080078125
14439.451171875
15073.5849609375
15094.1533203125
15020.9130859375
14939.7861328125
14846.158203125
14733.7490234375
14600.8056640625
14449.234375
14281.5361328125
14099.380859375
13904.548828125
13701.255859375
13487.9638671875
13264.953125
13033.365234375
12792.990234375
12546.0771484375
12293.533203125
12034.94921875
11771.36328125
11505.2353515625
11238.28125
10971.7138671875
10706.6416015625
10443.923828125
10184.810546875
9929.583984375
9671.0400390625
9417.9794921875
9173.93359375
8936.3671875
8706.0224609375
8483.421875
8265.4775390625
8051.98681640625
