2069.13623046875
2040.928466796875
2003.0103759765625
2040.991455078125
2079.523193359375
2150.756103515625
2200.874267578125
2222.19873046875
2222.923828125
2215.455810546875
2223.303955078125
2262.364013671875
2301.50146484375
2338.021484375
2356.448974609375
2366.00537109375
2376.63037109375
2390.65185546875
2408.052001953125
2427.822509765625
2451.464111328125
2483.5595703125
2525.478759765625
2580.403076171875
2654.1923828125
2748.918701171875
2863.865966796875
2996.7412109375
3144.294189453125
3303.9140625
3472.3564453125
3645.85791015625
133.24737548828125
128.3157196044922
132.53106689453125
137.01390075683594
138.9223175048828
141.42117309570312
2996.66943359375
3664.94775390625
3983.203125
4159.40966796875
4299.2998046875
4446.47998046875
4612.61083984375
4797.814453125
4998.3955078125
5212.75732421875
5447.88916015625
5731.12060546875
6033.38427734375
6308.60986328125
6577.8564453125
6850.1025390625
7121.2734375
7394.35400390625
7668.8740234375
7956.763671875
8194.0703125
8072.470703125
7986.1396484375
7915.6240234375
7849.16650390625
7785.54443359375
7718.45849609375
7641.59619140625
7556.2373046875
7462.9736328125
7363.31396484375
7254.5498046875
7139.4638671875
7010.0185546875
6866.9853515625
6720.98876953125
6571.07568359375
6417.63623046875
6260.70947265625
6099.58349609375
5935.8388671875
5772.2294921875
5609.66162109375
5448.04736328125
5287.34423828125
5127.9306640625
4970.10205078125
4814.09912109375
4660.63671875
4510.248046875
4362.8994140625
4218.2470703125
4075.78125
3934.822509765625
