2069.081298828125
2040.6766357421875
2002.6441650390625
2041.1077880859375
2080.328857421875
2153.352294921875
2203.060791015625
2224.310546875
2224.878173828125
2218.033447265625
2229.220458984375
2269.3935546875
2310.27099609375
2346.536376953125
2365.07373046875
2375.680908203125
2388.038818359375
2404.2958984375
2423.78857421875
2446.0478515625
2473.61767578125
2510.763916015625
2558.982666015625
2622.634765625
2707.2451171875
2813.73291015625
2940.6435546875
3084.423583984375
3241.69091796875
3408.49853515625
3580.093017578125
3753.85693359375
138.52243041992188
132.75718688964844
136.45091247558594
140.70030212402344
143.11756896972656
144.6295623779297
3083.231689453125
3762.230224609375
4078.01611328125
4247.61376953125
4381.50732421875
4523.65673828125
4685.638671875
4865.20654296875
5060.76708984375
5268.81298828125
5507.42236328125
5792.302734375
6070.365234375
6331.20703125
6596.55810546875
6859.03515625
7125.8994140625
7395.0478515625
7666.63623046875
7953.4345703125
7945.8359375
7838.48828125
7759.98291015625
7692.279296875
7624.701171875
7560.50244140625
7485.74267578125
7402.48583984375
7311.48828125
7212.9931640625
7109.15478515625
6996.06201171875
6875.22900390625
6742.228515625
6589.7265625
6432.40576171875
6271.423828125
6108.54150390625
5945.01904296875
5781.7490234375
5618.8828125
5456.8876953125
5296.6279296875
5138.25244140625
4982.35986328125
4829.2314453125
4678.453125
4529.64111328125
4382.55078125
4236.71484375
4091.75146484375
3947.4873046875
3803.7099609375
3663.252197265625
