2085.10693359375
2063.82275390625
2034.135498046875
2009.3143310546875
1992.1934814453125
2021.5966796875
2051.9990234375
2051.291015625
2050.461181640625
2082.001953125
2102.536865234375
2125.547607421875
2156.556396484375
2182.52880859375
2216.086669921875
2252.127685546875
2286.717041015625
2322.609375
2359.870849609375
2399.957763671875
2443.109619140625
2499.611083984375
2578.967529296875
2677.17041015625
2789.50341796875
2912.11328125
3041.6826171875
3174.974365234375
3310.0908203125
3446.275146484375
3581.65380859375
3714.527099609375
145.83010864257812
133.9759979248047
132.28489685058594
131.6111297607422
130.95556640625
130.12400817871094
2980.73583984375
3374.88330078125
3582.982666015625
3737.72705078125
3887.143310546875
4044.68359375
4211.65380859375
4386.154296875
4563.31005859375
4739.3984375
4913.61962890625
5086.59375
5268.17919921875
5475.744140625
5698.9619140625
5924.09033203125
6145.1767578125
6366.16015625
6591.04443359375
6798.38818359375
6982.3330078125
7148.498046875
7297.14501953125
7409.3720703125
7503.91162109375
7583.572265625
7654.9404296875
7707.625
7759.87841796875
7802.55078125
7833.80322265625
7866.76953125
7908.3134765625
7890.86962890625
7838.91796875
7827.662109375
7876.74072265625
7594.6318359375
7248.9404296875
6927.58349609375
6635.14697265625
6374.5703125
6138.12548828125
5916.501953125
5701.44091796875
5491.36328125
5286.47509765625
5090.15966796875
4895.9541015625
4701.47021484375
4507.13818359375
4314.9892578125
4126.5927734375
3936.0595703125
