2024.798095703125
2317.098388671875
2254.9912109375
2219.134521484375
2332.953369140625
2331.19189453125
2276.826416015625
2220.090087890625
2186.746826171875
2169.83154296875
2179.347412109375
2195.91455078125
2233.07177734375
2284.860595703125
2337.898681640625
2387.0546875
2431.10986328125
2471.304931640625
2513.029541015625
2557.579833984375
2604.98388671875
2659.038330078125
2726.353515625
2810.056640625
2909.723876953125
3022.72216796875
3147.041748046875
3280.333740234375
3420.304931640625
3565.807373046875
3715.501708984375
3870.0810546875
114.4322280883789
110.58251190185547
114.03996276855469
115.80035400390625
116.65115356445312
117.6050796508789
2557.9453125
3485.294677734375
4031.210205078125
4282.8701171875
4210.150390625
4175.1328125
4164.41650390625
4173.0634765625
4188.96630859375
4208.91162109375
4241.0576171875
4273.20263671875
4300.28369140625
4330.19970703125
4355.1474609375
4373.57470703125
4383.52783203125
4400.2138671875
4421.62060546875
4438.42236328125
4440.5126953125
4431.65478515625
4411.92431640625
4383.67578125
4349.873046875
4311.26416015625
4264.5849609375
4204.75244140625
4133.81298828125
4054.425048828125
3968.50048828125
3876.934814453125
3780.3828125
3679.9990234375
3576.589599609375
3471.0771484375
3364.591552734375
3258.2919921875
3152.288818359375
3047.704345703125
2945.015869140625
2844.265625
2746.100830078125
2651.68798828125
2561.055419921875
2474.01416015625
2390.440185546875
2309.91796875
2232.228515625
2157.406494140625
2085.38037109375
2016.0849609375
1949.3555908203125
1884.9368896484375
