2071.48974609375
2033.522216796875
1993.5302734375
2056.261962890625
2093.212158203125
2067.8837890625
2054.739990234375
2047.60009765625
2047.7607421875
2047.6619873046875
2081.241943359375
2111.80126953125
2135.0263671875
2159.113037109375
2181.144775390625
2198.39013671875
2211.242919921875
2231.365966796875
2262.9228515625
2303.14453125
2360.379638671875
2438.864990234375
2534.856689453125
2645.8037109375
2768.1982421875
2910.6611328125
3079.533203125
3273.533447265625
3490.600341796875
3728.793701171875
3983.576904296875
4258.90478515625
117.42432403564453
117.03569030761719
118.17375946044922
119.8800277709961
125.4378890991211
129.5991668701172
3690.6689453125
3923.259765625
4134.54931640625
4454.92236328125
4857.3359375
5330.5234375
5550.36962890625
5465.7109375
5400.73583984375
5331.3291015625
5230.7001953125
5106.53369140625
4980.91064453125
4858.97705078125
4720.24462890625
4570.8955078125
4419.72509765625
4256.89306640625
4090.07470703125
3928.3505859375
3765.632568359375
3605.702880859375
3447.031005859375
3289.8984375
3137.9677734375
2990.702392578125
2849.538330078125
2715.333740234375
2587.36474609375
2467.5078125
2364.224365234375
2270.06494140625
2181.47607421875
2098.757080078125
2020.4722900390625
1944.83935546875
1873.8470458984375
1807.144775390625
1744.009765625
1683.4259033203125
1622.39111328125
1561.407958984375
1500.759765625
1440.64697265625
1381.1575927734375
1322.1846923828125
1264.055908203125
1206.60498046875
1149.7711181640625
1093.9820556640625
1039.340576171875
985.558349609375
932.58544921875
886.5194091796875
