1753.16943359375
1320.26708984375
1050.7109375
917.3735961914062
890.0383911132812
855.7496948242188
823.5380859375
796.0230712890625
769.0324096679688
741.9605102539062
715.4276123046875
689.461181640625
663.8878173828125
639.0316772460938
620.1685791015625
602.758056640625
583.3447265625
562.75341796875
544.3658447265625
526.9773559570312
515.7913208007812
499.26763916015625
481.029541015625
462.0489807128906
443.0179748535156
424.24310302734375
408.4624328613281
393.9717712402344
388.9255676269531
386.4456787109375
383.4703063964844
380.3352966308594
121.55944061279297
124.13742065429688
124.59490966796875
125.0352783203125
125.43678283691406
125.78093719482422
345.8900451660156
407.2199401855469
385.25
369.63946533203125
377.3325500488281
390.1695861816406
392.7981872558594
387.0150146484375
378.46575927734375
373.513671875
376.16986083984375
385.7525634765625
401.0435485839844
420.7739562988281
442.5316162109375
470.76336669921875
503.156005859375
535.4168090820312
566.753173828125
596.7294311523438
624.9579467773438
651.0283203125
675.3079833984375
697.9024658203125
719.0486450195312
739.0709228515625
757.25732421875
773.177490234375
786.4169311523438
796.6216430664062
803.7179565429688
807.8469848632812
809.28564453125
808.2191772460938
804.9126586914062
799.697021484375
792.9108276367188
784.867431640625
775.9342651367188
766.255615234375
755.9959106445312
745.2842407226562
734.2392578125
722.8499755859375
711.1522827148438
699.2335815429688
687.1780395507812
675.030029296875
662.8350219726562
650.6699829101562
638.6321411132812
626.7589111328125
615.0637817382812
603.5759887695312
