2078.891845703125
2047.333740234375
2009.90771484375
1996.59033203125
2083.939697265625
2084.420654296875
2096.07470703125
2127.1025390625
2147.803466796875
2166.4326171875
2202.523681640625
2251.955322265625
2300.133056640625
2342.37939453125
2386.4599609375
2423.6953125
2461.0751953125
2501.036865234375
2551.5703125
2623.05712890625
2728.024658203125
2852.10205078125
2993.263916015625
3145.4521484375
3306.67578125
3473.856689453125
3651.205810546875
3838.113525390625
4039.47705078125
4259.76708984375
4503.400390625
4763.697265625
216.87770080566406
208.45770263671875
201.88998413085938
185.0149688720703
172.71694946289062
163.90179443359375
3238.439208984375
4205.6337890625
4845.5390625
5376.13134765625
5848.20068359375
6311.10302734375
6805.7568359375
7288.24365234375
7740.51806640625
8203.11328125
8655.3037109375
9028.046875
9317.4453125
9493.318359375
9182.0419921875
8438.7119140625
7936.19677734375
7547.2626953125
7208.8681640625
6896.7392578125
6592.39697265625
6291.92919921875
6005.138671875
5737.55029296875
5490.79931640625
5259.38525390625
5055.01416015625
4866.84912109375
4695.4892578125
4544.49462890625
4403.701171875
4272.75537109375
4146.16796875
4024.668212890625
3906.10400390625
3789.312255859375
3673.1201171875
3560.871337890625
3454.394775390625
3349.834228515625
3252.75048828125
3155.466796875
3060.578125
2967.415283203125
2876.322021484375
2790.577392578125
2707.752197265625
2629.86376953125
2557.403076171875
2488.125244140625
2420.880859375
2356.701904296875
2294.91845703125
2235.498291015625
