2025.4532470703125
2410.733642578125
2404.2822265625
2367.029541015625
2263.562744140625
2189.216064453125
2152.666259765625
2149.02294921875
2172.035400390625
2230.82666015625
2298.652099609375
2354.180908203125
2410.786865234375
2479.2216796875
2557.439453125
2645.184326171875
2751.156982421875
2883.877197265625
3045.162109375
3231.84912109375
3436.186279296875
3649.5673828125
3866.935791015625
4004.1943359375
4030.607177734375
4070.356201171875
4110.26904296875
4145.1005859375
4172.5830078125
4197.10302734375
4232.3037109375
4253.12353515625
146.9438934326172
119.02867126464844
123.20198822021484
151.43185424804688
174.90130615234375
192.59518432617188
4832.4765625
4451.40771484375
4264.04833984375
4194.4111328125
4159.24658203125
4151.869140625
4142.02880859375
4134.32421875
4139.85546875
4121.36181640625
4091.03515625
4052.70166015625
3995.74462890625
3916.602294921875
3819.2744140625
3708.213134765625
3586.932861328125
3457.6962890625
3322.526611328125
3184.413818359375
3046.167724609375
2907.701904296875
2773.61181640625
2644.54150390625
2521.18017578125
2403.960205078125
2292.85693359375
2187.628173828125
2088.56396484375
1996.041259765625
1909.739013671875
1828.8477783203125
1752.6998291015625
1680.9932861328125
1613.5748291015625
1550.5228271484375
1491.2486572265625
1434.9617919921875
1381.169189453125
1329.645751953125
1280.2369384765625
1232.7364501953125
1187.476318359375
1144.8037109375
1104.223388671875
1065.4722900390625
1028.370849609375
992.7860717773438
958.6471557617188
926.0040283203125
894.9014892578125
865.2547607421875
836.9539184570312
809.8805541992188
