2081.10546875
2054.855224609375
2029.0147705078125
2009.168701171875
1994.34814453125
2017.8763427734375
2040.05419921875
2059.218017578125
2096.084228515625
2114.140380859375
2147.0263671875
2184.410888671875
2235.377685546875
2296.8125
2384.538818359375
2508.91015625
2669.323974609375
2861.656494140625
3078.4326171875
3314.235595703125
3564.17333984375
3818.891357421875
4088.01416015625
4371.9677734375
4670.9189453125
4986.99853515625
5318.07373046875
5663.32421875
6025.3544921875
6401.005859375
6790.4541015625
7216.64697265625
347.2910461425781
374.8475341796875
397.7814636230469
408.89959716796875
415.22900390625
420.14227294921875
7993.5576171875
8639.994140625
8822.6513671875
8904.7490234375
9067.4892578125
9334.82421875
9678.7333984375
10077.7216796875
10510.5673828125
10956.6650390625
11398.265625
11825.7802734375
12239.11328125
12643.8525390625
13040.5126953125
13236.7265625
13432.8115234375
13821.8515625
14201.88671875
14576.5478515625
14944.4658203125
15299.107421875
15632.484375
15931.224609375
16185.9970703125
16298.9833984375
16398.595703125
16553.216796875
16648.017578125
16670.142578125
16600.466796875
16453.728515625
16226.8740234375
15946.4052734375
15623.4404296875
15271.94140625
14533.125
13812.6494140625
13171.5791015625
12574.0859375
12010.4833984375
11473.9638671875
10961.453125
10472.748046875
10009.1669921875
9566.423828125
9149.79296875
8762.07421875
8410.82421875
8075.470703125
7751.03857421875
7435.8349609375
7118.77490234375
6813.0908203125
6524.35693359375
6250.27978515625
