2081.8818359375
2056.2412109375
2031.7791748046875
2013.857177734375
2003.0224609375
2011.3843994140625
2008.1302490234375
2033.4722900390625
2064.294677734375
2107.311279296875
2143.288818359375
2191.667236328125
2247.689697265625
2317.642578125
2410.384765625
2536.201416015625
2700.502685546875
2892.8134765625
3106.85595703125
3339.1318359375
3587.864501953125
3847.88232421875
4121.18359375
4406.31396484375
4704.50146484375
5018.1201171875
5349.75732421875
5706.0419921875
6084.40380859375
6482.30322265625
6899.19384765625
7343.91552734375
458.37615966796875
507.2698669433594
521.7804565429688
521.0393676757812
515.4664916992188
509.00640869140625
7346.09814453125
8745.1875
9826.388671875
10524.8115234375
11063.396484375
11553.0966796875
12045.560546875
12552.0205078125
13066.2021484375
13579.0986328125
14085.349609375
14575.1357421875
15039.552734375
15472.375
15871.30859375
16226.716796875
16544.896484375
16821.8828125
17061.638671875
17268.384765625
17444.3125
17601.666015625
17724.443359375
17876.3515625
17852.359375
16814.9296875
16048.38671875
15381.2548828125
14775.9384765625
14215.626953125
13690.0947265625
13194.62109375
12725.7998046875
12278.9765625
11853.2705078125
11447.0478515625
11059.0732421875
10688.3232421875
10333.474609375
9993.2783203125
9666.84375
9353.5283203125
9052.8642578125
8764.123046875
8486.7255859375
8220.138671875
7963.81591796875
7717.28515625
7480.083984375
7251.88427734375
7032.26611328125
6820.6376953125
6616.556640625
6419.6962890625
