2078.545166015625
2043.569091796875
2005.9781494140625
1992.0736083984375
2078.925537109375
2125.437255859375
2217.571533203125
2305.118408203125
2396.287353515625
2493.613525390625
2591.779541015625
2699.567626953125
2829.767333984375
2990.00927734375
3179.377685546875
3391.189453125
3621.01953125
3864.540283203125
4122.85302734375
4397.9521484375
4686.16259765625
4990.03369140625
5318.8466796875
5673.7666015625
6063.9755859375
6464.86376953125
6958.7890625
7487.85986328125
8039.4873046875
8576.1083984375
9094.4150390625
9639.927734375
329.1708679199219
284.6054992675781
271.1526794433594
267.0595703125
267.97320556640625
271.47015380859375
6884.177734375
8115.55859375
8693.9404296875
9035.4990234375
9352.0244140625
9711.61328125
10137.4833984375
10620.525390625
11147.2255859375
11696.4560546875
12225.7099609375
12195.4931640625
11313.205078125
10653.5546875
10083.0
9567.0849609375
9093.6435546875
8656.32421875
8251.3798828125
7876.14794921875
7527.7490234375
7203.59716796875
6901.42041015625
6619.05322265625
6354.75830078125
6107.02001953125
5874.5009765625
5656.328125
5451.41552734375
5258.72314453125
5077.1455078125
4905.900390625
4744.29736328125
4591.61181640625
4447.1669921875
4310.32861328125
4180.529296875
4057.2216796875
3939.932373046875
3828.24267578125
3721.83203125
3620.562744140625
3523.861572265625
3431.332763671875
3342.66455078125
3257.60693359375
3175.889892578125
3097.2568359375
3021.45654296875
2948.267822265625
2877.47509765625
2808.864501953125
2742.283935546875
2677.64013671875
