2055.233154296875
2013.792724609375
2080.848388671875
2209.8193359375
2169.003173828125
2168.70556640625
2211.119384765625
2266.789306640625
2297.322021484375
2338.2861328125
2382.7373046875
2424.562255859375
2479.031005859375
2553.109375
2644.764892578125
2764.054931640625
2917.677490234375
3101.91796875
3312.283447265625
3544.338134765625
3790.775390625
4047.39794921875
4315.4716796875
4588.66015625
4873.60400390625
5174.12646484375
5485.40966796875
5814.89697265625
6165.85693359375
6544.04248046875
7040.23681640625
7613.15283203125
259.9715576171875
208.96951293945312
213.04046630859375
230.18548583984375
249.3049774169922
267.412109375
7470.46728515625
9306.986328125
9326.099609375
9098.23046875
8947.4619140625
8823.5751953125
8700.21484375
8567.68359375
8421.1611328125
8257.7998046875
8076.83837890625
7880.17431640625
7669.2099609375
7444.900390625
7212.0498046875
6976.734375
6743.23828125
6513.4873046875
6289.12109375
6070.92236328125
5859.056640625
5653.5546875
5454.6748046875
5262.1953125
5076.08544921875
4896.5205078125
4723.6904296875
4557.611328125
4398.17578125
4245.205078125
4098.4091796875
3957.521484375
3822.2744140625
3692.420654296875
3567.703125
3447.878173828125
3332.71533203125
3221.878173828125
3115.321533203125
3012.58642578125
2913.8251953125
2818.935791015625
2727.668212890625
2639.7880859375
2555.089111328125
2473.5048828125
2394.9375
2319.21630859375
2246.58984375
2176.763671875
2109.373779296875
2044.1798095703125
1981.2440185546875
1920.5211181640625
