2027.9874267578125
2397.492431640625
2435.857421875
2389.677978515625
2274.402587890625
2197.205322265625
2158.885498046875
2155.61474609375
2184.885986328125
2253.65966796875
2327.311767578125
2386.294921875
2448.631591796875
2524.037841796875
2609.009765625
2706.76318359375
2827.688232421875
2977.2236328125
3154.928466796875
3354.809326171875
3569.0234375
3789.2900390625
4002.73681640625
4019.092041015625
4056.62109375
4097.806640625
4134.9052734375
4164.83642578125
4190.55126953125
4225.0859375
4249.8828125
4271.4833984375
161.73789978027344
120.16327667236328
138.64044189453125
164.81231689453125
187.69924926757812
205.7681427001953
4914.73193359375
4488.66943359375
4276.6826171875
4195.81201171875
4168.96630859375
4141.97705078125
4118.1640625
4108.6279296875
4084.422607421875
4045.87744140625
3999.02197265625
3940.7958984375
3863.208984375
3767.639404296875
3657.054443359375
3534.17431640625
3401.2822265625
3262.379150390625
3120.78955078125
2977.16845703125
2835.655029296875
2699.744140625
2570.618408203125
2448.404296875
2332.88720703125
2223.76123046875
2121.230224609375
2025.478271484375
1935.6824951171875
1851.3160400390625
1771.9432373046875
1697.2388916015625
1627.0211181640625
1561.0185546875
1498.738037109375
1439.553955078125
1383.0491943359375
1329.171875
1277.795654296875
1228.762939453125
1181.984130859375
1138.1578369140625
1096.68994140625
1057.1336669921875
1019.3944702148438
983.4271240234375
949.2174072265625
916.7276611328125
885.8740844726562
856.5617065429688
828.6786499023438
802.071044921875
776.5856323242188
752.12109375
