2085.10302734375
2069.91455078125
2041.721435546875
2021.625732421875
2007.3363037109375
1995.5145263671875
2016.61865234375
2063.154052734375
2060.133544921875
2050.344482421875
2041.1217041015625
2040.2222900390625
2057.145751953125
2095.62353515625
2138.501953125
2176.2294921875
2217.939697265625
2257.378173828125
2299.949951171875
2347.598876953125
2403.506591796875
2473.558837890625
2558.46630859375
2660.078125
2775.1064453125
2900.101806640625
3032.27783203125
3170.06787109375
3311.871337890625
3457.46484375
3605.678466796875
3755.542724609375
150.66517639160156
134.85572814941406
132.0704803466797
131.86175537109375
131.94326782226562
131.82891845703125
3229.880126953125
3479.41162109375
3634.924560546875
3787.83837890625
3950.322021484375
4124.67724609375
4311.95654296875
4508.71875
4711.2490234375
4918.75927734375
5126.16357421875
5330.0068359375
5523.150390625
5711.60009765625
5905.08837890625
6104.8701171875
6290.39306640625
6478.994140625
6660.46923828125
6830.828125
7001.4423828125
7188.888671875
7357.49853515625
7520.9140625
7679.72607421875
7828.796875
7954.263671875
8054.13330078125
8133.349609375
8201.6845703125
8237.7041015625
8248.1669921875
8254.6015625
8255.6025390625
8245.1728515625
8241.576171875
8240.9423828125
8231.1279296875
8215.298828125
8204.361328125
8204.94140625
8217.919921875
8235.5810546875
8255.453125
8265.828125
8248.5205078125
8172.68017578125
8061.3173828125
7958.48046875
7718.01513671875
7429.9365234375
7174.27392578125
6936.44873046875
6712.4453125
6501.44775390625
