2077.899169921875
2044.45166015625
2007.6923828125
2029.571044921875
2083.63671875
2068.376953125
2060.968994140625
2054.937744140625
2055.465576171875
2057.917236328125
2063.47021484375
2081.741943359375
2081.68701171875
2102.077392578125
2122.384765625
2141.407958984375
2155.04833984375
2163.85888671875
2181.081298828125
2219.669189453125
2272.397216796875
2326.21533203125
2384.561279296875
2447.232421875
2530.495849609375
2636.639892578125
2778.55029296875
2969.759765625
3208.54296875
3299.360107421875
3200.656005859375
3094.897705078125
102.16216278076172
103.01895904541016
103.76243591308594
104.42609405517578
105.17729187011719
105.74105834960938
1779.5277099609375
2496.708984375
2445.318603515625
2584.590576171875
2662.9052734375
2706.9384765625
2736.571533203125
2762.00146484375
2774.88623046875
2764.8271484375
2736.84423828125
2693.162841796875
2641.477783203125
2585.281494140625
2525.2880859375
2465.89599609375
2410.76708984375
2359.220703125
2311.85693359375
2263.176513671875
2212.073486328125
2158.28662109375
2104.114013671875
2051.664306640625
2005.4837646484375
1963.5191650390625
1924.651611328125
1888.382080078125
1853.6783447265625
1818.866943359375
1782.56396484375
1744.7508544921875
1706.3543701171875
1666.6993408203125
1626.191650390625
1585.19189453125
1543.870849609375
1502.395263671875
1460.975830078125
1419.8026123046875
1379.2332763671875
1339.3717041015625
1300.3624267578125
1262.4520263671875
1225.792724609375
1190.3858642578125
1156.1593017578125
1123.0020751953125
1091.0262451171875
1060.04736328125
1030.1065673828125
1000.8889770507812
972.1293334960938
944.2582397460938
