2072.70068359375
2037.001708984375
1999.7069091796875
2028.4735107421875
2097.427734375
2190.31640625
2258.748046875
2328.6064453125
2426.71337890625
2546.217041015625
2683.876953125
2840.53857421875
3026.7041015625
3245.826904296875
3494.53759765625
3768.57666015625
4057.436279296875
4362.02490234375
4682.77490234375
5015.98583984375
5360.974609375
5719.0087890625
6095.64306640625
6536.796875
7072.6904296875
7650.4658203125
8243.935546875
8849.46875
9437.458984375
10015.0244140625
10616.7177734375
11218.16015625
483.2600402832031
439.2807922363281
433.0802001953125
431.3632507324219
430.446044921875
429.2675476074219
9450.8173828125
10749.2353515625
11607.177734375
11545.203125
10704.0498046875
9997.2822265625
9371.806640625
8777.1357421875
8196.208984375
7621.7451171875
7101.68408203125
6664.44287109375
6280.28515625
5933.56103515625
5616.71923828125
5325.86328125
5057.7685546875
4810.17724609375
4581.04150390625
4368.2470703125
4169.79833984375
3983.981201171875
3808.999267578125
3644.281005859375
3564.76708984375
3487.54296875
3342.30029296875
3206.154052734375
3078.31396484375
2958.180908203125
2845.17626953125
2738.724609375
2638.2587890625
2543.366455078125
2453.576416015625
2368.546142578125
2287.914306640625
2211.313232421875
2138.41552734375
2068.961181640625
2002.7109375
1939.439453125
1878.9681396484375
1821.0897216796875
1765.63720703125
1712.434326171875
1661.31005859375
1612.140625
1564.8109130859375
1519.2200927734375
1475.2706298828125
1432.87109375
1391.936279296875
1352.3939208984375
1314.18798828125
