2049.213134765625
2015.150390625
2011.9632568359375
2074.995361328125
2056.76953125
2044.5736083984375
2034.6514892578125
2033.449951171875
2028.87158203125
2054.75732421875
2083.516845703125
2090.452392578125
2107.07080078125
2160.08154296875
2225.443359375
2306.81396484375
2438.360595703125
2621.669921875
2842.798583984375
3088.12744140625
3354.637451171875
3643.8154296875
3965.71240234375
4319.8828125
4699.119140625
5092.1513671875
5490.29638671875
5902.970703125
6329.5302734375
6776.1181640625
7257.8017578125
7823.73486328125
343.489013671875
373.87017822265625
409.3750915527344
438.6111755371094
462.59283447265625
482.97808837890625
10294.3916015625
11028.8974609375
11574.8203125
12121.3349609375
12692.14453125
12603.296875
12416.5634765625
12227.6435546875
12022.4609375
11795.1396484375
11544.4599609375
11272.2138671875
10980.169921875
10669.79296875
10344.984375
10006.6044921875
9662.5419921875
9316.3486328125
8970.85546875
8628.2646484375
8290.390625
7959.310546875
7638.65673828125
7330.68994140625
7034.708984375
6750.60888671875
6479.7236328125
6220.4638671875
5972.43798828125
5735.564453125
5508.48193359375
5291.361328125
5083.83056640625
4885.53515625
4696.18896484375
4514.240234375
4338.29443359375
4170.939453125
4012.519287109375
3861.735595703125
3717.982177734375
3580.80078125
3449.273193359375
3323.126953125
3202.44091796875
3087.01953125
2977.080810546875
2871.990234375
2771.394287109375
2675.02587890625
2582.628173828125
2493.976318359375
2408.8623046875
2327.0986328125
