2085.0
2060.843505859375
2019.70654296875
1988.16650390625
2089.289794921875
2101.785400390625
2086.433349609375
2085.982177734375
2088.413818359375
2092.66162109375
2092.185302734375
2018.3575439453125
1939.7825927734375
1901.8232421875
1879.239013671875
1855.719970703125
1835.59423828125
1817.12890625
1800.3795166015625
1794.7440185546875
1790.11865234375
1782.7557373046875
1781.4112548828125
1789.170166015625
1820.1634521484375
1853.8697509765625
1888.3837890625
1919.0361328125
1944.9146728515625
1992.5831298828125
2057.06884765625
2112.4765625
110.64031219482422
113.71214294433594
115.10913848876953
115.76055145263672
119.40532684326172
149.51268005371094
2228.8037109375
2279.701171875
2182.822998046875
2140.46142578125
2130.6943359375
2141.333984375
2163.586669921875
2190.210205078125
2216.753662109375
2239.922607421875
2258.008544921875
2270.366455078125
2276.77685546875
2277.14111328125
2271.731689453125
2262.02197265625
2247.188232421875
2227.436767578125
2203.80322265625
2175.724609375
2143.61669921875
2108.327880859375
2070.798583984375
2048.86181640625
2032.2271728515625
1992.831787109375
1953.146484375
1913.3365478515625
1873.6131591796875
1834.1038818359375
1795.020263671875
1756.76513671875
1719.4134521484375
1682.855224609375
1646.932861328125
1611.836181640625
1577.6529541015625
1544.40869140625
1512.1275634765625
1480.88525390625
1450.6907958984375
1421.6510009765625
1393.554931640625
1366.280029296875
1339.8116455078125
1314.1248779296875
1289.280029296875
1265.3133544921875
1242.2193603515625
1219.9156494140625
1198.3807373046875
1177.5509033203125
1157.35888671875
1137.837646484375
1118.895751953125
