2085.061767578125
2057.067138671875
2025.3441162109375
1997.9658203125
1991.649658203125
2056.1162109375
2078.1181640625
2139.366455078125
2192.358154296875
2261.04541015625
2336.453125
2411.98828125
2483.896728515625
2564.43505859375
2663.903076171875
2784.19189453125
2924.130859375
3081.426025390625
3252.92724609375
3436.421142578125
3638.219482421875
3890.979736328125
4171.78271484375
4448.537109375
4711.1552734375
4964.19140625
5215.58837890625
5470.04052734375
5734.49169921875
6020.56591796875
6349.4794921875
6704.4453125
297.1073913574219
263.7947082519531
247.41659545898438
237.5717010498047
231.6151885986328
228.04013061523438
5493.37255859375
6330.90478515625
6888.5791015625
7343.2099609375
7744.92724609375
8155.66259765625
8594.7421875
9083.580078125
9604.916015625
10143.2451171875
10708.9208984375
11255.310546875
11763.41796875
11899.447265625
11266.7431640625
10729.53515625
10238.0302734375
9768.4169921875
9307.3994140625
8864.6875
8442.908203125
8041.564453125
7659.2548828125
7447.25732421875
7291.626953125
6944.88330078125
6614.625
6300.0830078125
6003.8115234375
5725.64599609375
5464.73486328125
5219.88671875
4989.01123046875
4770.25048828125
4562.4794921875
4365.00537109375
4177.40087890625
3998.609130859375
3828.2890625
3665.304931640625
3508.95458984375
3359.76904296875
3218.188720703125
3084.24462890625
2957.714111328125
2836.384033203125
2720.609619140625
2611.95458984375
2509.724853515625
2413.9677734375
2323.47216796875
2236.97998046875
2154.56494140625
2077.18896484375
2001.165283203125
