2052.5244140625
2016.714599609375
2065.317138671875
2056.076171875
2068.001708984375
2108.439697265625
2127.84228515625
2160.247802734375
2177.614990234375
2204.59130859375
2219.3388671875
2217.43359375
2215.3046875
2228.865966796875
2248.152587890625
2267.752685546875
2292.451904296875
2318.123046875
2348.63525390625
2382.832275390625
2418.3916015625
2456.64794921875
2495.997802734375
2539.106201171875
2592.272216796875
2664.874267578125
2755.360595703125
2856.689208984375
2961.93115234375
3069.18408203125
3181.37548828125
3299.05615234375
134.70611572265625
120.79008483886719
118.73851776123047
119.35845184326172
119.41038513183594
119.59549713134766
119.81734466552734
1998.802734375
2417.35009765625
2873.529052734375
3247.160400390625
3559.979736328125
3832.9111328125
4086.005615234375
4329.31005859375
4569.853515625
4809.19189453125
5066.265625
5320.88671875
5566.64599609375
5787.955078125
6023.0078125
6257.41162109375
6517.0234375
6812.4814453125
7182.828125
6857.11669921875
6484.9951171875
6179.181640625
5898.3984375
5642.4560546875
5418.80029296875
5205.02783203125
4990.73095703125
4788.58154296875
4600.888671875
4417.40625
4234.5009765625
4049.133056640625
3861.682373046875
3675.280517578125
3500.109619140625
3351.365478515625
3206.515869140625
3052.909423828125
2905.71337890625
2753.63818359375
2578.46923828125
2420.619140625
2314.10986328125
2229.10791015625
2141.538818359375
2038.4844970703125
1938.70556640625
1847.0372314453125
1785.3465576171875
1726.5396728515625
1671.218017578125
1640.751953125
1615.3807373046875
1591.6015625
