2070.75244140625
2040.7349853515625
2000.30908203125
2068.469970703125
2116.53076171875
2184.574951171875
2200.653076171875
2191.917724609375
2177.134765625
2179.20166015625
2199.647705078125
2232.77783203125
2257.59375
2276.56640625
2285.470458984375
2294.699951171875
2308.2978515625
2327.214111328125
2348.44580078125
2374.13916015625
2404.559326171875
2445.399658203125
2511.81689453125
2606.967041015625
2722.42333984375
2849.961669921875
2983.088623046875
3118.561767578125
3254.426513671875
3388.643310546875
3523.731201171875
3662.94775390625
134.57937622070312
127.80995178222656
127.32733917236328
127.67200469970703
128.16905212402344
128.6358184814453
3012.75830078125
3790.0595703125
4024.358642578125
4126.578125
4219.9931640625
4334.61572265625
4472.84130859375
4631.41796875
4809.6044921875
5003.79296875
5213.7431640625
5453.994140625
5759.283203125
6060.6611328125
6340.88330078125
6609.2333984375
6874.20849609375
7143.5986328125
7418.52734375
7691.9619140625
7572.05224609375
7470.6552734375
7374.240234375
7267.47021484375
7148.1162109375
7020.21337890625
6885.787109375
6748.1455078125
6609.39306640625
6464.87841796875
6312.123046875
6152.18017578125
5986.21728515625
5811.2041015625
5628.62353515625
5440.96484375
5251.58447265625
5064.689453125
4883.88623046875
4707.806640625
4537.5595703125
4374.76513671875
4215.66015625
4059.4970703125
3908.652587890625
3767.688720703125
3634.71533203125
3512.16259765625
3398.682373046875
3293.45556640625
3195.26953125
3101.845947265625
3011.051025390625
2918.62060546875
