2049.768310546875
2010.964111328125
2084.40576171875
2070.453125
2073.724853515625
2082.41845703125
2093.50634765625
2089.869873046875
2091.841552734375
2114.759765625
2123.350341796875
2123.28662109375
2120.198486328125
2125.94287109375
2135.6923828125
2145.40087890625
2161.312255859375
2174.438720703125
2186.80029296875
2203.761474609375
2226.4228515625
2249.01611328125
2268.0361328125
2285.9365234375
2305.0537109375
2326.494873046875
2350.744873046875
2381.334716796875
2419.686767578125
2469.775634765625
2536.98779296875
2613.849609375
120.16767120361328
118.76956176757812
118.67713928222656
118.92416381835938
119.24786376953125
119.73889923095703
1752.4295654296875
2138.53173828125
2555.161865234375
2874.20166015625
3107.707275390625
3286.8388671875
3434.4736328125
3566.65869140625
3695.070068359375
3824.321044921875
3956.296630859375
4096.8544921875
4250.06787109375
4420.00927734375
4600.21484375
4785.99072265625
4981.86474609375
5186.18603515625
5370.9296875
5520.70556640625
5668.2822265625
5821.43701171875
5961.6982421875
6099.2392578125
6239.31982421875
6383.18603515625
6507.3544921875
6369.501953125
6083.67626953125
5876.3369140625
5690.5947265625
5514.37744140625
5341.12451171875
5175.35009765625
5037.56005859375
4924.97900390625
4824.02880859375
4714.82666015625
4595.0517578125
4470.81884765625
4346.2236328125
4216.7509765625
4097.0673828125
3977.993896484375
3851.038330078125
3710.899169921875
3569.282958984375
3432.82421875
3304.69921875
3182.91064453125
3065.953857421875
2950.95703125
2841.7548828125
2742.313232421875
