2074.62548828125
2044.5750732421875
2012.2760009765625
2005.098876953125
2052.387939453125
2048.88232421875
2063.95703125
2097.22607421875
2117.765625
2140.273681640625
2157.0888671875
2180.5654296875
2209.3251953125
2249.49951171875
2292.675537109375
2343.076416015625
2398.786865234375
2457.037109375
2516.88330078125
2579.258056640625
2655.628662109375
2752.591552734375
2869.1572265625
3003.078857421875
3149.5966796875
3304.101806640625
3464.101318359375
3626.561767578125
3790.845947265625
3955.672607421875
4120.623046875
4284.04638671875
152.3395233154297
137.16656494140625
136.8220977783203
138.8160858154297
140.69998168945312
141.8457794189453
3486.87841796875
3904.5078125
4155.01806640625
4345.3037109375
4520.3056640625
4699.30712890625
4886.837890625
5079.72265625
5278.25048828125
5478.9521484375
5686.2373046875
5909.77734375
6132.02197265625
6350.703125
6557.3388671875
6738.27978515625
6912.05224609375
7057.3447265625
7176.64453125
7270.34033203125
7336.23974609375
7385.7099609375
7426.11279296875
7446.123046875
7445.572265625
7434.15380859375
7404.0859375
7359.2939453125
7321.28515625
6971.1142578125
6641.6669921875
6342.5791015625
6074.080078125
5841.4052734375
5620.224609375
5405.36376953125
5202.07177734375
5009.69970703125
4832.87841796875
4674.09716796875
4529.7822265625
4388.92138671875
4245.3203125
4107.4111328125
3971.703125
3836.837890625
3703.035400390625
3572.7998046875
3448.041015625
3328.68212890625
3218.121826171875
3116.262939453125
3024.0771484375
2939.773193359375
