2063.24853515625
2021.52783203125
2007.760009765625
2101.18603515625
2072.1875
2053.997802734375
2042.1580810546875
2034.8922119140625
2030.77685546875
2031.4254150390625
2049.357666015625
2056.943115234375
2062.541259765625
2067.7783203125
2079.408447265625
2098.539306640625
2131.4775390625
2159.28125
2181.89794921875
2208.522216796875
2238.5908203125
2274.441162109375
2328.611328125
2399.812744140625
2487.89013671875
2593.4375
2714.802001953125
2847.158447265625
2988.870849609375
3139.59228515625
3298.8486328125
3461.8408203125
118.6403579711914
120.69593811035156
121.45034790039062
121.96512603759766
122.36438751220703
122.66593933105469
2910.466552734375
3046.02734375
3161.7001953125
3343.539306640625
3580.204345703125
3859.600830078125
4180.337890625
4537.626953125
4914.89892578125
5291.1484375
5431.1513671875
5336.3310546875
5241.61083984375
5146.06884765625
5045.4638671875
4938.69091796875
4827.7265625
4714.6142578125
4600.48583984375
4482.71435546875
4363.17236328125
4254.86474609375
4155.89892578125
4056.04296875
3953.070068359375
3843.773193359375
3733.359375
3624.576416015625
3515.8955078125
3408.565185546875
3300.8291015625
3192.318603515625
3082.793212890625
2969.494873046875
2854.4130859375
2743.00390625
2639.981201171875
2541.67529296875
2445.72509765625
2349.918701171875
2253.150634765625
2154.146728515625
2057.005126953125
1963.8367919921875
1877.002685546875
1797.55859375
1720.2152099609375
1643.1610107421875
1558.78759765625
1465.595703125
1386.364501953125
1315.9478759765625
1242.3299560546875
1172.2979736328125
