2065.078369140625
2041.1119384765625
2018.246337890625
1997.45654296875
2036.827880859375
2050.018798828125
2065.24365234375
2061.30078125
2063.9609375
2090.49365234375
2117.541748046875
2150.000732421875
2191.7265625
2243.148681640625
2308.20263671875
2390.30078125
2491.606689453125
2609.844970703125
2741.734130859375
2887.335693359375
3046.765625
3221.361572265625
3412.032958984375
3619.91796875
3846.344482421875
4092.09912109375
4356.4697265625
4640.701171875
4946.22216796875
5268.64501953125
5608.21826171875
5967.52685546875
267.76898193359375
263.342529296875
274.32379150390625
286.6653137207031
298.2919616699219
309.4061584472656
6952.41064453125
7825.98486328125
8546.9384765625
9226.1376953125
9790.0947265625
10302.3173828125
10783.27734375
11239.37890625
11689.212890625
12146.4345703125
12626.6826171875
13134.091796875
13668.21875
14236.7724609375
14838.06640625
15465.0595703125
16112.5693359375
16783.552734375
17476.26171875
18190.740234375
18923.865234375
19669.607421875
20425.77734375
21188.876953125
21394.712890625
21128.849609375
20889.638671875
20647.236328125
20393.86328125
20127.275390625
19846.138671875
19551.71484375
19244.46484375
18925.58984375
18596.5546875
18259.50390625
17913.849609375
17562.69140625
17206.88671875
16849.8046875
16491.3515625
16132.265625
15766.578125
15397.1416015625
15035.943359375
14677.7421875
14322.3603515625
13973.068359375
13627.919921875
13287.3857421875
12951.951171875
12621.5068359375
12298.8740234375
11988.0087890625
