2051.115478515625
2006.459228515625
1455.425537109375
1335.4638671875
1280.3961181640625
1230.22021484375
1189.1614990234375
1159.725341796875
1132.994140625
1113.77490234375
1095.2828369140625
1073.864501953125
1051.3109130859375
1028.25390625
1006.3355102539062
990.90283203125
975.8733520507812
959.3518676757812
941.5956420898438
923.2171630859375
910.4723510742188
896.3536987304688
882.6323852539062
871.0228881835938
862.5783081054688
855.0650634765625
847.0227661132812
838.6480102539062
831.5148315429688
825.9186401367188
820.6943969726562
816.14453125
116.49554443359375
117.6566390991211
117.95481872558594
118.28913116455078
118.5905532836914
118.89692687988281
856.6915893554688
778.1927490234375
831.191650390625
866.3442993164062
896.2302856445312
908.5161743164062
915.8303833007812
928.3428344726562
945.0540771484375
965.7843627929688
990.49365234375
1018.7449340820312
1052.83056640625
1089.55859375
1127.126220703125
1164.61181640625
1201.0875244140625
1235.754638671875
1268.11376953125
1297.973876953125
1325.469482421875
1350.2159423828125
1371.6876220703125
1389.7144775390625
1404.356201171875
1415.77099609375
1424.1536865234375
1429.649658203125
1432.486328125
1432.96484375
1431.758544921875
1428.8409423828125
1424.286865234375
1418.947265625
1412.4403076171875
1404.7259521484375
1396.10205078125
1386.5478515625
1376.09716796875
1364.8104248046875
1352.6365966796875
1339.6978759765625
1326.194091796875
1312.193603515625
1297.75439453125
1282.9417724609375
1267.794677734375
1252.3638916015625
1236.7491455078125
1220.951416015625
1205.0159912109375
1188.9962158203125
1172.949462890625
1156.8543701171875
