2085.107421875
2064.38330078125
2035.1685791015625
2010.83544921875
1994.026611328125
2017.697509765625
2051.235107421875
2051.941650390625
2047.7596435546875
2079.156982421875
2098.99267578125
2117.801513671875
2146.95361328125
2173.57080078125
2203.9912109375
2240.4130859375
2276.310546875
2311.98486328125
2349.537109375
2388.8583984375
2432.812255859375
2491.798828125
2575.1767578125
2677.484130859375
2792.521728515625
2915.235107421875
3042.210693359375
3171.126708984375
3301.0791015625
3431.3203125
3558.980224609375
3681.7607421875
145.26995849609375
134.16830444335938
132.36825561523438
131.485107421875
130.5745086669922
129.51002502441406
2939.987060546875
3326.180419921875
3527.591796875
3681.637939453125
3833.201171875
3992.2763671875
4159.09814453125
4330.26220703125
4501.87841796875
4673.37548828125
4840.7646484375
5005.57275390625
5178.5166015625
5378.89599609375
5609.2578125
5833.001953125
6048.84375
6244.06787109375
6417.59033203125
6567.0029296875
6697.775390625
6819.1884765625
6940.29296875
7058.21044921875
7166.037109375
7277.091796875
7393.97119140625
7496.0478515625
7528.0849609375
7518.22314453125
7571.49072265625
7663.53076171875
7779.8955078125
7866.88037109375
7785.38134765625
7701.24951171875
7531.1162109375
7189.17919921875
6884.96923828125
6599.31005859375
6317.79150390625
6046.025390625
5774.06689453125
5505.39892578125
5247.1181640625
4977.87841796875
4697.05224609375
4420.814453125
4182.54443359375
3932.6591796875
3676.247802734375
3413.079833984375
3183.566162109375
3047.359130859375
