2016.7169189453125
2783.310546875
3315.831298828125
2875.271240234375
2656.396240234375
2571.505615234375
2533.254638671875
2518.491943359375
2523.3125
2540.42724609375
2553.867919921875
2527.193359375
2468.037841796875
2438.868896484375
2434.868408203125
2455.948486328125
2499.989990234375
2558.93408203125
2624.8056640625
2692.59130859375
2758.338623046875
2820.051025390625
2876.2333984375
2925.879638671875
2969.119140625
3008.07080078125
3046.22802734375
3070.429931640625
3091.68115234375
3103.55224609375
3106.710205078125
3127.01513671875
229.42282104492188
161.6116943359375
145.36041259765625
139.25518798828125
137.46502685546875
137.40272521972656
4182.921875
3620.79150390625
3313.868408203125
3218.365234375
3148.08740234375
3071.28857421875
2991.507080078125
2912.770751953125
2839.680419921875
2760.807373046875
2677.548095703125
2594.776123046875
2514.929443359375
2435.379638671875
2355.156494140625
2274.790771484375
2194.841796875
2115.180419921875
2036.08642578125
1957.7764892578125
1880.7332763671875
1805.109130859375
1731.1031494140625
1658.921875
1623.5140380859375
1588.4925537109375
1520.9453125
1456.2994384765625
1394.679931640625
1336.042724609375
1280.2689208984375
1227.20166015625
1176.6845703125
1128.5760498046875
1082.7567138671875
1039.0970458984375
997.4534912109375
957.6799926757812
919.6767578125
883.37353515625
848.7472534179688
815.738037109375
784.3201904296875
754.4077758789062
725.9013671875
698.71044921875
672.7391967773438
647.8973999023438
624.0889282226562
601.2238159179688
579.2884521484375
558.2532348632812
538.0858764648438
518.7506103515625
500.197021484375
