2075.737548828125
2034.0357666015625
1990.2510986328125
2058.68994140625
2084.72021484375
2072.590576171875
2071.69873046875
2073.429443359375
2082.748779296875
2103.952880859375
2135.818359375
2171.908447265625
2203.281005859375
2243.7919921875
2292.71826171875
2347.589599609375
2424.958984375
2539.944091796875
2659.3193359375
2790.371337890625
2977.26953125
3229.739501953125
3507.921875
3447.9306640625
3416.6103515625
3401.514404296875
3386.83642578125
3367.000244140625
3342.407958984375
3309.466552734375
3263.4609375
3289.3759765625
104.63874816894531
108.60701751708984
110.39898681640625
111.36405944824219
111.90709686279297
112.38993072509766
3007.8486328125
2902.589111328125
2760.282470703125
2805.88623046875
2883.483642578125
2960.739501953125
3014.6630859375
3035.282958984375
3026.650390625
2994.298828125
2939.016845703125
2864.181884765625
2778.08447265625
2684.68994140625
2587.638427734375
2489.999267578125
2394.006591796875
2301.97412109375
2213.96630859375
2130.010009765625
2049.78076171875
1972.6302490234375
1898.2039794921875
1826.717529296875
1758.08642578125
1692.265869140625
1629.8260498046875
1571.053466796875
1515.3865966796875
1462.4462890625
1411.5126953125
1362.0340576171875
1314.0101318359375
1268.4720458984375
1225.3179931640625
1184.8505859375
1147.315185546875
1112.8077392578125
1081.0059814453125
1051.2410888671875
1023.0491333007812
996.0983276367188
970.1770629882812
945.1220092773438
920.8732299804688
897.644775390625
875.4760131835938
854.2088623046875
833.8628540039062
814.3134765625
795.3296508789062
776.977783203125
759.2745361328125
742.2160034179688
