2085.291748046875
2053.514404296875
2018.7564697265625
1990.009521484375
2027.6829833984375
2061.36962890625
2085.427978515625
2125.12939453125
2180.544921875
2242.22021484375
2311.861572265625
2383.360107421875
2455.53271484375
2541.47265625
2667.752197265625
2830.739501953125
3020.570556640625
3230.2080078125
3451.946044921875
3685.408203125
3926.0009765625
4168.32275390625
4414.38720703125
4665.7392578125
4925.56884765625
5198.73486328125
5489.64111328125
5798.14013671875
6156.99853515625
6559.1328125
6992.53271484375
7512.939453125
328.2409362792969
309.4727478027344
305.3613586425781
306.4757080078125
309.4159851074219
312.97698974609375
6930.11376953125
7557.98193359375
7990.5166015625
8380.994140625
8805.2529296875
9268.6669921875
9786.52734375
10320.16796875
10868.3271484375
11404.83203125
11946.25
11414.716796875
10860.072265625
10355.328125
9873.34765625
9409.2734375
8964.6513671875
8539.3828125
8132.814453125
7743.912109375
7371.63818359375
7015.6865234375
6678.92138671875
6362.33642578125
6065.66162109375
5787.982421875
5527.61474609375
5283.0244140625
5052.5517578125
4835.0517578125
4628.63037109375
4432.15673828125
4246.12353515625
4071.02978515625
3906.24462890625
3750.375244140625
3602.41162109375
3462.069091796875
3328.64794921875
3201.46728515625
3079.45703125
2962.20458984375
2849.8642578125
2742.494140625
2640.142333984375
2542.5927734375
2449.481689453125
2360.503173828125
2274.77783203125
2191.898681640625
2111.42236328125
2033.993896484375
1959.9520263671875
1889.2755126953125
