2071.240478515625
2038.638671875
2009.6290283203125
1998.018798828125
2080.64453125
2065.7451171875
2048.79296875
2065.699951171875
2145.0556640625
2230.010498046875
2318.357177734375
2401.4384765625
2491.55078125
2617.689453125
2795.277587890625
3020.669189453125
3278.17822265625
3556.446533203125
3844.87255859375
4142.41162109375
4447.943359375
4757.21826171875
5070.16748046875
5386.265625
5707.15234375
6033.65478515625
6370.005859375
6726.9521484375
7147.83154296875
7685.73583984375
8152.64990234375
8633.7939453125
369.2729797363281
361.07415771484375
369.8856506347656
381.1684875488281
392.57379150390625
403.7437438964844
8950.791015625
9729.630859375
10032.244140625
10258.16796875
10343.5859375
10005.779296875
9746.396484375
9522.783203125
9306.38671875
9083.8369140625
8847.0234375
8596.330078125
8331.388671875
8051.48828125
7759.208984375
7456.18017578125
7143.830078125
6840.06884765625
6549.91259765625
6274.17724609375
6011.8955078125
5762.51953125
5526.78955078125
5301.55615234375
5087.32568359375
4882.19677734375
4685.50732421875
4497.6494140625
4382.09326171875
4310.67041015625
4134.9208984375
3969.346923828125
3812.787353515625
3664.552978515625
3523.980224609375
3390.47705078125
3263.617919921875
3142.960693359375
3028.10888671875
2918.869873046875
2814.72998046875
2715.478515625
2667.15673828125
2619.842041015625
2529.185791015625
2442.01513671875
2358.45263671875
2278.462890625
2201.800537109375
2128.36279296875
2058.03271484375
1990.6080322265625
1925.859375
1863.6912841796875
1803.9197998046875
1746.446044921875
