2042.8590087890625
2000.20361328125
2093.3984375
2068.687744140625
2073.240966796875
2083.341064453125
2083.115234375
2104.306884765625
2120.81787109375
2122.16650390625
2121.945556640625
2133.995849609375
2148.58935546875
2167.59033203125
2184.669189453125
2207.6572265625
2237.05224609375
2265.038330078125
2289.092529296875
2314.185546875
2343.314453125
2379.339111328125
2427.201416015625
2490.7919921875
2579.875244140625
2679.135009765625
2791.0498046875
2919.932861328125
3063.953125
3209.375
3353.5576171875
3503.056640625
132.34022521972656
119.02748107910156
117.8607406616211
117.14263153076172
116.40396881103516
115.9024429321289
2505.543701171875
3278.126953125
3706.417236328125
4002.26220703125
4262.8408203125
4534.5751953125
4817.283203125
5113.98046875
5416.15576171875
5705.08349609375
5964.88037109375
6177.94775390625
6378.00390625
6554.71875
6432.15869140625
6118.880859375
5855.84423828125
5614.14306640625
5404.205078125
5230.28662109375
5069.93115234375
4908.625
4736.47216796875
4554.7548828125
4354.5546875
4152.70849609375
3974.650146484375
3809.76171875
3652.56689453125
3500.03271484375
3351.547119140625
3208.6591796875
3070.5947265625
2935.53955078125
2808.469482421875
2689.570556640625
2576.486328125
2469.28271484375
2364.559326171875
2261.5986328125
2156.902099609375
2055.006591796875
1959.18310546875
1873.969970703125
1792.365478515625
1707.2227783203125
1618.4254150390625
1534.6612548828125
1449.3572998046875
1355.9754638671875
1265.795654296875
1198.49560546875
1150.3936767578125
1105.9058837890625
