2047.525146484375
2006.9466552734375
2076.558349609375
2056.92822265625
2124.17041015625
2184.9296875
2241.294921875
2289.9609375
2299.288330078125
2325.409912109375
2360.1650390625
2402.622314453125
2450.750244140625
2503.4921875
2561.984375
2626.412109375
2705.6953125
2817.4267578125
2952.675537109375
3102.673583984375
3265.6005859375
3443.68701171875
3638.492431640625
3840.639892578125
4050.165771484375
4264.72998046875
4486.259765625
4716.9443359375
4970.52880859375
5269.84033203125
5602.70166015625
5942.85693359375
268.1923828125
229.95462036132812
213.55079650878906
200.0514678955078
187.71725463867188
175.94674682617188
3665.17138671875
4256.6806640625
4725.82568359375
5198.11474609375
5775.93798828125
6373.9443359375
7098.4609375
7548.0498046875
7101.814453125
6772.28076171875
6487.705078125
6209.09814453125
5933.75390625
5670.2724609375
5411.87060546875
5158.85400390625
4913.65625
4677.6416015625
4451.63525390625
4235.15087890625
4030.08935546875
3837.3671875
3655.666748046875
3483.6025390625
3319.182861328125
3161.4365234375
3010.972900390625
2871.125244140625
2740.8828125
2619.5615234375
2505.83056640625
2397.652099609375
2294.09326171875
2194.666015625
2100.72119140625
2012.53271484375
1929.88818359375
1852.4263916015625
1779.020751953125
1709.9638671875
1647.15087890625
1588.0216064453125
1531.9012451171875
1478.205322265625
1426.814697265625
1377.9190673828125
1332.223388671875
1289.5831298828125
1249.408935546875
1211.310302734375
1175.111572265625
1140.6649169921875
1107.7100830078125
1075.9029541015625
