2071.496826171875
2038.8690185546875
2009.8941650390625
1994.92041015625
2083.199951171875
2068.49853515625
2051.79150390625
2070.602783203125
2152.746826171875
2242.24169921875
2335.8046875
2423.9404296875
2522.16015625
2664.615478515625
2859.75244140625
3100.572998046875
3371.220458984375
3658.484619140625
3956.128173828125
4262.22412109375
4576.3056640625
4893.5634765625
5214.4072265625
5538.8837890625
5869.48583984375
6207.1943359375
6559.5029296875
6947.59130859375
7458.53466796875
7973.083984375
8457.1396484375
8964.3408203125
379.44586181640625
370.0281982421875
378.1131591796875
388.87957763671875
399.8516540527344
410.59478759765625
9191.00390625
10006.8798828125
10341.853515625
10590.1298828125
10196.576171875
9869.2705078125
9605.7265625
9366.71875
9131.9248046875
8890.0869140625
8634.5830078125
8365.4248046875
8083.4326171875
7788.83154296875
7482.875
7166.521484375
6856.24169921875
6559.71630859375
6277.4521484375
6009.333984375
5754.5966796875
5514.0166015625
5284.25927734375
5065.48779296875
4857.30126953125
4658.0791015625
4467.85693359375
4350.9580078125
4278.7109375
4101.32177734375
3934.744873046875
3777.464111328125
3628.67724609375
3487.64794921875
3353.761962890625
3226.535400390625
3105.520751953125
2990.285400390625
2880.51416015625
2776.23828125
2677.03564453125
2582.237060546875
2491.418212890625
2404.21337890625
2320.877197265625
2241.3388671875
2165.368408203125
2092.62939453125
2022.8841552734375
1955.8848876953125
1891.4732666015625
1829.4725341796875
1769.749755859375
1712.1556396484375
1656.6103515625
