2085.00244140625
2056.380615234375
2025.7947998046875
2001.9207763671875
1990.9805908203125
2065.760986328125
2059.2529296875
2048.8212890625
2075.887939453125
2136.17919921875
2206.01806640625
2277.383056640625
2354.387451171875
2452.228515625
2590.4931640625
2769.411376953125
2976.265625
3203.568359375
3442.181640625
3690.755859375
3948.92041015625
4216.95654296875
4492.9287109375
4774.0927734375
5062.68798828125
5364.494140625
5677.08251953125
6002.97900390625
6350.12646484375
6741.71435546875
7139.34423828125
7574.6884765625
341.3495178222656
324.856201171875
319.8793640136719
318.3412170410156
317.84588623046875
317.3736572265625
6659.4970703125
7170.8505859375
7562.50048828125
7914.89794921875
8258.6142578125
8611.935546875
8999.5576171875
9447.8154296875
9921.3818359375
10389.12109375
10849.7666015625
11295.9228515625
11713.064453125
12067.759765625
12363.6298828125
12487.263671875
11710.7861328125
11067.138671875
10494.3857421875
9968.64453125
9478.751953125
9019.046875
8585.8046875
8177.34765625
7792.37158203125
7429.23681640625
7087.205078125
6765.38671875
6462.35791015625
6176.6474609375
5906.62451171875
5650.841796875
5408.1162109375
5177.830078125
4959.27197265625
4751.41259765625
4553.51171875
4364.74169921875
4184.0615234375
4011.4169921875
3846.7900390625
3690.153076171875
3541.05322265625
3398.806640625
3263.0302734375
3133.41845703125
3009.53125
2890.70751953125
2776.313232421875
2665.988037109375
2559.695556640625
2457.395263671875
2359.0966796875
2264.75732421875
