2073.952392578125
2037.5606689453125
1997.517578125
2021.443603515625
2063.41943359375
2111.051025390625
2150.434814453125
2187.152587890625
2236.1318359375
2306.51708984375
2363.746826171875
2417.3310546875
2474.56982421875
2554.153564453125
2673.93115234375
2825.859130859375
3004.431884765625
3204.329833984375
3420.81298828125
3647.38623046875
3884.51513671875
4132.9638671875
4390.57470703125
4658.73388671875
4947.94091796875
5252.31689453125
5582.6875
5917.28857421875
6249.61083984375
6628.91552734375
7060.17578125
7498.54736328125
280.27337646484375
245.16143798828125
235.5578155517578
234.02615356445312
235.10067749023438
237.7345428466797
6301.0537109375
6721.36083984375
6911.60595703125
7163.203125
7523.34765625
8004.74365234375
8542.6103515625
9112.4326171875
9638.6435546875
10104.7021484375
10534.072265625
10925.208984375
11279.8857421875
11595.7490234375
11865.908203125
11092.95703125
10478.0244140625
9948.552734375
9468.7255859375
9025.396484375
8611.91015625
8224.2333984375
7859.7509765625
7516.48291015625
7192.0390625
6885.17236328125
6595.34326171875
6322.09423828125
6064.71240234375
5822.43212890625
5594.36279296875
5379.95556640625
5178.1669921875
4987.70751953125
4806.818359375
4634.1328125
4468.94189453125
4310.50048828125
4158.51708984375
4012.716064453125
3872.96630859375
3739.165283203125
3611.271728515625
3488.51416015625
3369.5234375
3255.41455078125
3146.6123046875
3043.05419921875
2944.5234375
2850.374267578125
2760.04638671875
2673.224609375
2589.44091796875
2507.791259765625
