2013.97216796875
2356.694091796875
2178.181396484375
2292.154296875
2365.134033203125
2322.84228515625
2267.23486328125
2247.99658203125
2271.242431640625
2343.209716796875
2429.532470703125
2513.0966796875
2596.868408203125
2682.6142578125
2785.548583984375
2917.367431640625
3076.584716796875
3256.822509765625
3452.363037109375
3658.144287109375
3872.92529296875
4097.54736328125
4140.63720703125
4176.2939453125
4216.81494140625
4257.40478515625
4294.66943359375
4333.5908203125
4381.4189453125
4413.32275390625
4451.90673828125
4499.0400390625
260.03143310546875
280.7417907714844
308.5916442871094
328.54949951171875
339.6202087402344
345.3039855957031
5122.6591796875
4817.91015625
4766.642578125
4747.70166015625
4725.45849609375
4708.35107421875
4690.93408203125
4646.5107421875
4576.82861328125
4485.49658203125
4376.71240234375
4247.77197265625
4103.6982421875
3949.006103515625
3788.406982421875
3627.28369140625
3473.004638671875
3324.441162109375
3181.6015625
3043.65380859375
2909.38818359375
2781.310791015625
2660.922607421875
2546.7724609375
2437.89501953125
2333.638916015625
2233.554443359375
2138.375244140625
2048.8759765625
1964.773193359375
1885.3824462890625
1810.15283203125
1738.7269287109375
1670.8515625
1606.241455078125
1544.91552734375
1486.563232421875
1430.761962890625
1377.38330078125
1326.350830078125
1277.4884033203125
1230.603271484375
1185.5623779296875
1142.3421630859375
1100.9771728515625
1061.4373779296875
1023.59814453125
987.3240966796875
952.6967163085938
919.6869506835938
888.3228149414062
858.6052856445312
830.3663940429688
803.4112548828125
