2078.93896484375
2051.53271484375
2025.661376953125
2005.2249755859375
2021.1051025390625
2036.0902099609375
2034.486083984375
2037.794921875
2051.39453125
2080.512939453125
2127.289794921875
2160.818115234375
2184.296142578125
2213.8671875
2264.841796875
2350.09033203125
2472.7939453125
2626.945068359375
2805.6396484375
3002.8701171875
3215.81689453125
3438.8837890625
3670.681884765625
3912.472412109375
4165.61328125
4429.8076171875
4705.1796875
4992.31640625
5291.17333984375
5603.49658203125
5940.24072265625
6301.6611328125
297.7221984863281
299.0556335449219
308.9175109863281
319.0232849121094
328.58966064453125
337.79248046875
6937.15576171875
6962.83642578125
6879.00439453125
6937.13916015625
7151.06396484375
7500.1904296875
7923.1484375
8389.953125
8877.7265625
9376.4326171875
9871.287109375
10341.1552734375
10781.39453125
11192.3984375
11570.5615234375
11914.4765625
12231.873046875
12525.2900390625
12786.4052734375
13008.4814453125
13183.828125
13315.173828125
13401.9453125
13441.326171875
13444.966796875
13423.435546875
13377.2919921875
13310.2041015625
13076.0107421875
12445.1005859375
11888.69921875
11372.271484375
10883.73828125
10418.048828125
9971.3330078125
9540.908203125
9125.681640625
8724.1083984375
8335.38671875
7959.76953125
7601.07275390625
7259.88134765625
6936.0361328125
6628.38720703125
6336.083984375
6057.958984375
5793.7939453125
5542.4404296875
5303.55517578125
5077.14453125
4862.19580078125
4657.65625
4463.7197265625
4281.09814453125
