2085.0
2062.3310546875
2027.27490234375
1999.8426513671875
2058.454833984375
2110.0927734375
2092.2529296875
2083.143310546875
2081.7294921875
2081.648193359375
2084.290771484375
2095.035888671875
2080.989013671875
2003.943115234375
1936.5216064453125
1905.5491943359375
1874.9185791015625
1840.9923095703125
1807.7244873046875
1779.4058837890625
1761.1363525390625
1750.0213623046875
1739.914794921875
1731.385986328125
1725.4185791015625
1714.921142578125
1710.7236328125
1714.0596923828125
1717.9781494140625
1723.1109619140625
1732.843994140625
1762.02392578125
114.44966888427734
115.29685974121094
115.70622253417969
116.03053283691406
116.3178939819336
116.58415222167969
1452.5716552734375
1909.6865234375
2020.8759765625
2065.553466796875
2136.073486328125
2224.238037109375
2316.866943359375
2402.3056640625
2474.325927734375
2533.16845703125
2579.93994140625
2617.209228515625
2647.199951171875
2671.416259765625
2690.484130859375
2704.0302734375
2711.628662109375
2712.853759765625
2707.646728515625
2695.92724609375
2679.4814453125
2658.973876953125
2635.8798828125
2612.10693359375
2588.083251953125
2562.79833984375
2535.20068359375
2505.0224609375
2472.280029296875
2437.0205078125
2399.59130859375
2360.278076171875
2319.362060546875
2277.3896484375
2234.542724609375
2191.134033203125
2147.70703125
2104.367919921875
2061.301025390625
2018.7843017578125
1976.96484375
1935.8983154296875
1895.5772705078125
1856.4306640625
1818.3641357421875
1781.3330078125
1745.2381591796875
1710.0321044921875
1675.7010498046875
1642.2340087890625
1609.6474609375
1578.024169921875
1547.4361572265625
1517.9517822265625
