2064.43701171875
2040.390625
2017.49658203125
1996.65869140625
2040.566650390625
2047.3902587890625
2064.810791015625
2060.068359375
2066.31103515625
2091.794189453125
2114.20166015625
2143.447509765625
2183.431396484375
2236.318603515625
2303.91064453125
2388.47119140625
2491.303955078125
2610.141357421875
2742.40771484375
2888.548828125
3048.941162109375
3224.73974609375
3416.9423828125
3626.665283203125
3855.470458984375
4103.8115234375
4370.5546875
4657.560546875
4966.1220703125
5291.69287109375
5634.07666015625
5997.72998046875
269.52069091796875
267.1770935058594
279.32568359375
292.58245849609375
305.471435546875
317.65887451171875
7063.18212890625
7925.9208984375
8651.4248046875
9317.912109375
9865.5546875
10371.4716796875
10838.7841796875
11285.615234375
11728.9052734375
12184.3291015625
12663.15234375
13170.8671875
13700.7294921875
14265.3876953125
14862.7392578125
15485.986328125
16129.5859375
16794.853515625
17481.1796875
18188.83984375
18917.435546875
19661.1171875
20416.48046875
21179.361328125
21335.607421875
21077.640625
20842.650390625
20604.763671875
20355.962890625
20093.89453125
19817.28125
19526.740234375
19223.072265625
18907.697265625
18581.451171875
18247.486328125
17904.5703125
17555.998046875
17201.111328125
16845.62109375
16489.125
16131.8037109375
15762.84765625
15396.2470703125
15035.970703125
14678.171875
14323.8740234375
13974.431640625
13629.03515625
13289.767578125
12952.607421875
12621.060546875
12298.423828125
11987.1015625
