2075.087646484375
2045.6815185546875
2011.7388916015625
1994.093017578125
2061.652099609375
2059.96728515625
2075.32177734375
2096.7666015625
2103.11474609375
2117.63232421875
2132.614013671875
2144.0556640625
2152.39404296875
2170.2685546875
2191.882568359375
2215.74560546875
2250.661865234375
2291.573974609375
2333.75732421875
2375.0322265625
2414.201416015625
2453.939697265625
2500.91650390625
2561.281005859375
2637.03515625
2728.044677734375
2831.73388671875
2945.670166015625
3066.835205078125
3195.020751953125
3329.824951171875
3470.948486328125
125.13040161132812
124.6580581665039
124.93627166748047
125.29319763183594
125.6204833984375
125.9109878540039
2503.17724609375
3273.46533203125
3598.649658203125
3800.939453125
3979.76708984375
4165.83251953125
4367.1611328125
4582.8310546875
4808.23681640625
5038.77099609375
5271.853515625
5504.81201171875
5738.109375
5968.9873046875
6202.11767578125
6436.5205078125
6678.3837890625
6905.294921875
7107.36572265625
7300.68212890625
7495.19091796875
7681.68505859375
7854.630859375
8013.4111328125
8157.28662109375
8296.4814453125
8428.8740234375
8551.619140625
8655.646484375
8733.146484375
8770.490234375
8781.7705078125
8774.7294921875
8754.1025390625
8586.7138671875
8242.5224609375
7939.4638671875
7660.8779296875
7389.89892578125
7120.14599609375
6863.76904296875
6628.271484375
6399.08203125
6169.2099609375
5930.58154296875
5691.42724609375
5445.8662109375
5192.52294921875
4931.3974609375
4696.6103515625
4476.142578125
4273.0771484375
4097.2392578125
3938.227294921875
