2085.1123046875
2065.13232421875
2036.4013671875
2012.67138671875
1996.3543701171875
2014.7359619140625
2055.744140625
2047.023681640625
2035.998291015625
2042.108154296875
2066.45166015625
2078.200927734375
2101.84326171875
2117.938720703125
2133.8935546875
2151.594970703125
2175.838623046875
2194.90576171875
2211.092041015625
2228.36328125
2251.196533203125
2275.587158203125
2300.541748046875
2326.943359375
2357.293212890625
2403.71435546875
2465.75927734375
2539.404052734375
2624.61865234375
2719.308349609375
2821.766357421875
2932.636474609375
122.28276062011719
123.84721374511719
124.76754760742188
125.35939025878906
125.76446533203125
126.05940246582031
2124.24267578125
2669.34326171875
2944.8935546875
3147.583740234375
3332.00146484375
3517.61328125
3706.8984375
3898.415771484375
4088.784423828125
4272.70947265625
4449.0654296875
4620.06103515625
4788.39599609375
4953.80810546875
5115.43896484375
5274.2109375
5430.55859375
5593.111328125
5765.86962890625
5941.5615234375
6110.6923828125
6284.7841796875
6455.96875
6617.904296875
6772.66748046875
6933.5009765625
7088.830078125
7214.150390625
7331.48974609375
7423.8486328125
7488.96240234375
7544.37451171875
7596.505859375
7640.17822265625
7657.64599609375
7647.8662109375
7630.57861328125
7609.77294921875
7590.7099609375
7568.8232421875
7540.85791015625
7508.83837890625
7471.53955078125
7431.6552734375
7386.6494140625
7339.208984375
7073.66162109375
6793.20556640625
6540.376953125
6302.03857421875
6072.6923828125
5846.84765625
5617.3720703125
5396.7470703125
