1499.999755859375
1500.0
1499.9998779296875
1499.9921875
1500.0
1499.9998779296875
1500.0
1500.0
1500.0
1500.0
1500.0
1500.0
1500.0
1500.0
1500.0
1500.0
1500.0
1500.0
1500.0
1500.0
1500.0
1500.0
1500.0
1500.0
1500.0
1500.0
1500.0
1500.0
1500.0
1500.0
1469.1539306640625
1432.4998779296875
99.99246978759766
100.0
100.0
100.0
100.0
100.0
1500.0057373046875
1500.0
1408.6131591796875
1347.5987548828125
1306.741455078125
1270.03076171875
1233.6641845703125
1196.5965576171875
1158.9547119140625
1121.7039794921875
1084.2962646484375
1046.98486328125
1009.7283325195312
972.4714965820312
935.68505859375
899.724853515625
864.0220336914062
829.5980224609375
796.3522338867188
764.1201782226562
732.75146484375
702.3284912109375
672.8735961914062
644.7726440429688
618.1675415039062
592.98876953125
569.1358032226562
546.5846557617188
525.1746826171875
504.8678283691406
485.6014709472656
467.189208984375
449.5013122558594
432.57904052734375
416.4963684082031
401.1709899902344
386.4553527832031
372.246337890625
359.08453369140625
346.9598693847656
335.7522277832031
325.3337707519531
315.587646484375
306.38775634765625
297.65069580078125
289.32513427734375
281.29705810546875
273.6046142578125
266.2683410644531
259.320068359375
252.7555694580078
246.5586700439453
240.73532104492188
235.2831573486328
