1499.999755859375
1500.006103515625
1500.0
1500.0
1500.0
1500.0
1500.0
1500.0
1500.0
1500.0
1500.0
1500.0
1500.0
1500.0
1500.0
1500.0
1500.0
1500.0
1500.0
1500.0
1500.0
1500.0
1500.0
1492.5135498046875
1440.52490234375
1388.2587890625
1334.9835205078125
1280.5196533203125
1225.4400634765625
1172.576416015625
1121.3817138671875
1070.3502197265625
100.0
100.0
100.0
100.0
100.0
100.0
1124.9132080078125
1019.8082275390625
959.7098388671875
915.7730102539062
875.55419921875
849.149658203125
836.050537109375
794.3261108398438
752.0971069335938
709.6908569335938
667.713134765625
627.1647338867188
589.0868530273438
553.6702270507812
520.8235473632812
490.2443542480469
461.7427062988281
434.73870849609375
409.8704528808594
386.8655700683594
365.5802917480469
346.1406555175781
328.45440673828125
312.416015625
297.6495056152344
283.8293151855469
270.94091796875
259.100830078125
248.0721435546875
237.5930938720703
227.7571563720703
218.7476348876953
210.6428985595703
203.22398376464844
196.29739379882812
189.83926391601562
183.7141876220703
177.91993713378906
172.34242248535156
167.2667999267578
162.57421875
158.16456604003906
153.9617919921875
149.87376403808594
145.94290161132812
142.26419067382812
138.87274169921875
135.759033203125
132.914794921875
130.31655883789062
127.93365478515625
125.76416778564453
123.7845230102539
121.97366333007812
120.33148193359375
