1499.998046875
1500.0
1500.0
1500.0
1500.0
1500.0
1500.0003662109375
1500.0
1500.0
1500.0
1500.0
1500.0
1500.0
1500.0
1500.0
1500.0
1500.0
1500.0
1500.0
1500.0
1500.0
1500.0
1500.0
1500.0
1500.0
1500.0
1500.0
1500.0
1500.0
1500.0
1500.0
1500.0
100.0
100.0
100.0
100.0
100.0
100.0
1500.0
1500.0
1500.0
1500.0
1500.0
1500.0
1500.0
1500.0
1500.0
1500.0
1500.0
1500.0
1500.0
1500.0
1500.0
1500.0
1500.0
1500.0
1500.0
1500.0
1500.0
1500.0
1500.0
1500.0
1500.0
1500.0
1500.0
1500.0
1500.0
1500.0
1500.0
1500.0
1500.0
1500.0
1500.0
1500.0
1500.0
1500.0
1500.0
1472.5936279296875
1419.2880859375
1370.5811767578125
1330.0521240234375
1290.095947265625
1248.0308837890625
1205.263427734375
1166.1502685546875
1135.86083984375
1111.004638671875
1085.86962890625
1059.5394287109375
1031.786376953125
1002.7052001953125
972.2837524414062
940.4356079101562
