1500.0
1500.0
1500.0
1500.0
1500.0052490234375
1500.0
1500.0
1500.0
1500.0
1500.0
1500.0
1499.9134521484375
1492.772216796875
1453.0159912109375
1409.36083984375
1375.4786376953125
1342.49072265625
1310.1495361328125
1278.9600830078125
1248.6409912109375
1217.305419921875
1182.731689453125
1148.314697265625
1114.02783203125
1077.9951171875
1042.62939453125
1005.5645141601562
964.3529052734375
921.239501953125
877.0217895507812
836.8682861328125
797.2374267578125
100.0
100.0
100.0
100.0
100.0
100.0
1038.1446533203125
750.7788696289062
708.5955810546875
686.9343872070312
668.9159545898438
651.9013671875
634.6068725585938
616.7796020507812
598.5958251953125
580.4620971679688
562.6767578125
545.3521728515625
528.4484252929688
511.9527282714844
495.8432922363281
480.0857238769531
464.6786193847656
449.6108703613281
434.9326171875
420.69525146484375
406.9566955566406
393.7239074707031
380.9630126953125
368.6680908203125
356.839599609375
345.47528076171875
334.5487365722656
324.0996398925781
314.0531921386719
304.4020080566406
295.250732421875
286.5252685546875
278.3525085449219
270.5067138671875
263.01934814453125
255.88624572753906
249.07736206054688
242.5596466064453
236.31195068359375
230.32322692871094
224.58375549316406
219.07984924316406
213.80609130859375
208.75013732910156
203.9038848876953
199.2483367919922
194.77725219726562
190.4832763671875
186.35443115234375
182.3829803466797
178.56114196777344
174.88449096679688
171.3478240966797
167.9439239501953
