1500.0
1500.0
1500.0
1500.0
1500.0
1500.0
1500.0
1500.0
1500.0
1500.0
1500.0
1500.0
1500.0
1500.0
1500.0
1500.0
1500.0
1500.0
1500.0
1500.0
1500.0
1500.0
1500.0
1500.0
1500.0
1500.0
1500.0
1500.0
1500.0
1500.0
1500.0
1500.0
1500.0
100.0
100.0
100.0
100.0
100.0
100.0
1499.9984130859375
1499.99365234375
1500.0
1500.0
1500.0
1500.0
1500.0
1500.0
1500.0
1467.975830078125
1395.113037109375
1325.8038330078125
1258.47705078125
1192.8653564453125
1129.1380615234375
1068.3492431640625
1011.1222534179688
957.2135009765625
906.4605712890625
858.6837158203125
813.6902465820312
771.1001586914062
731.0270385742188
693.222412109375
658.15771484375
625.6653442382812
595.3811645507812
566.9922485351562
540.3348388671875
515.2063598632812
491.06927490234375
468.91314697265625
448.1078186035156
428.56536865234375
410.2960510253906
401.5014343261719
392.9963684082031
377.05682373046875
362.1551513671875
348.2214050292969
335.1781921386719
322.9790344238281
311.5663757324219
300.91082763671875
290.96575927734375
281.66070556640625
272.9458923339844
264.7953796386719
257.2010498046875
250.1352996826172
243.53944396972656
237.39688110351562
231.69606018066406
226.4215850830078
221.52830505371094
216.97801208496094
212.76486206054688
