1500.0
1500.0
1500.0
1500.0
1500.0
1500.0
1500.0
1500.0
1500.0
1500.0
1500.0
1500.0
1500.0
1500.0
1500.0
1500.0
1500.0
1500.0
1500.0
1500.0
1500.0
1500.0
1500.0
1500.0
1500.0
1500.0
1500.0
1500.0
1500.0
1500.0
1500.0
1500.0
1500.0
100.04685974121094
100.0
100.0
100.0
100.0
100.0
1500.0
1500.0
1500.0001220703125
1500.0
1500.0
1500.0
1500.0
1500.0
1500.0
1500.0
1500.0
1500.0
1500.0
1500.0
1500.0
1500.0003662109375
1500.0
1500.0
1500.0
1500.0
1500.0
1499.9998779296875
1500.0
1500.0
1499.9998779296875
1500.0
1499.9998779296875
1499.9998779296875
1500.0
1499.999755859375
1470.8729248046875
1416.100341796875
1364.260009765625
1313.685546875
1269.028076171875
1225.700439453125
1182.296630859375
1139.268798828125
1097.672607421875
1058.9171142578125
1025.383056640625
996.342041015625
970.1336059570312
945.0350952148438
921.2456665039062
897.3001708984375
873.727294921875
850.76025390625
829.5010375976562
807.6412353515625
786.2698974609375
765.3700561523438
743.6077270507812
721.20654296875
705.3682861328125
692.6725463867188
