1499.9998779296875
1496.5703125
1071.8502197265625
948.5612182617188
906.9212646484375
874.5118408203125
844.5084838867188
816.302978515625
790.39990234375
768.8809814453125
749.41650390625
730.2219848632812
710.738525390625
691.5146484375
673.110107421875
655.2437744140625
638.3134155273438
622.0949096679688
606.5640869140625
591.9449462890625
577.21826171875
561.8159790039062
545.6806640625
531.6210327148438
520.0255737304688
509.52197265625
498.2540283203125
485.9460144042969
472.8621520996094
458.8141784667969
443.9319763183594
427.6316833496094
100.0
100.0
100.0
100.0
100.0
100.0
674.600341796875
459.4349365234375
383.97283935546875
360.8211669921875
348.5721435546875
339.22998046875
330.7513122558594
322.5493469238281
314.36920166015625
306.2929992675781
299.36541748046875
292.29876708984375
285.1089172363281
277.78973388671875
270.36724853515625
262.8955383300781
255.42083740234375
248.00106811523438
240.63624572753906
233.3673095703125
226.2628631591797
219.35206604003906
212.66525268554688
206.22006225585938
200.0072021484375
194.02854919433594
188.29833984375
182.81201171875
177.5321044921875
172.47702026367188
167.62539672851562
162.9807586669922
158.694091796875
154.5717315673828
150.5955810546875
146.76193237304688
143.07278442382812
139.52061462402344
136.10069274902344
132.8064422607422
129.6296844482422
126.56131744384766
123.59429931640625
120.72544860839844
117.9552001953125
115.28565216064453
112.70952606201172
110.22053527832031
107.82052612304688
105.51201629638672
103.28173065185547
101.12654876708984
99.0451431274414
97.03662109375
