1499.9981689453125
1500.0
1500.0
1500.0
1500.0
1500.0
1500.0
1500.0
1500.0
1500.0
1500.0
1500.0
1500.0
1500.0
1500.0
1500.0
1500.0
1500.0
1500.0
1500.0
1500.0
1500.0
1500.0
1500.0
1500.0
1500.0
1500.0
1500.0
1500.0
1500.0
1500.0
1500.0
100.0
100.0
100.0
100.0
100.0
100.0
1500.0
1500.0
1500.0
1499.9998779296875
1500.0
1500.0
1500.0
1500.0
1500.0
1500.0
1464.159423828125
1393.349853515625
1325.6470947265625
1259.8428955078125
1195.59716796875
1133.387939453125
1073.794189453125
1017.45068359375
964.2511596679688
913.9539184570312
866.4322509765625
821.638427734375
779.1812744140625
739.1757202148438
701.4441528320312
683.2376098632812
665.74169921875
633.0972900390625
602.7103271484375
574.111083984375
547.1668701171875
521.30224609375
497.0545959472656
474.41943359375
453.16119384765625
433.16900634765625
414.4609069824219
396.9950866699219
380.6706848144531
365.3353271484375
351.0267028808594
337.6963806152344
325.2509765625
313.6240234375
302.78033447265625
292.6383056640625
283.15478515625
274.2914733886719
265.99932861328125
258.23284912109375
250.9640655517578
244.17446899414062
237.85386657714844
231.9629669189453
226.48316955566406
221.3771209716797
216.65676879882812
