1500.0
1500.0
1500.0
1500.0
1500.0
1500.0
1500.0
1500.0
1500.0
1500.0
1500.0
1499.9979248046875
1500.0
1500.0
1500.0
1500.0
1500.0
1500.0
1500.0
1500.0
1500.0
1500.0
1500.0
1500.0
1500.0
1500.0
1500.0
1500.0
1500.0
1500.0
1500.0
1500.0
1500.0
100.0
100.0
100.0
100.0
100.0
100.0
1499.999755859375
1500.0
1500.0
1500.0
1500.0
1500.0
1500.0
1500.0
1500.0
1500.0
1500.0
1500.0
1500.00244140625
1500.0
1500.0
1500.0
1500.0
1499.9998779296875
1500.0
1500.0
1499.9998779296875
1499.999755859375
1499.999755859375
1499.999755859375
1499.9993896484375
1499.9991455078125
1450.371826171875
1396.5155029296875
1347.2591552734375
1297.3233642578125
1247.29345703125
1198.3056640625
1152.2711181640625
1109.720458984375
1071.1485595703125
1037.791259765625
1008.0357666015625
980.653076171875
953.89453125
926.2680053710938
898.1583251953125
873.19482421875
848.77099609375
822.8799438476562
796.1373901367188
768.8125
742.0574340820312
724.532470703125
711.5785522460938
700.8442993164062
690.1820068359375
679.6642456054688
670.0490112304688
661.041015625
652.2866821289062
642.5198974609375
