1500.0
1500.0001220703125
1499.999755859375
1500.0
1500.0
1499.9998779296875
1500.0
1500.0
1500.0
1500.0
1500.0
1500.0
1500.0
1500.0
1500.0
1500.0
1482.932861328125
1466.6712646484375
1450.6270751953125
1433.83984375
1416.085205078125
1396.7772216796875
1375.2747802734375
1351.5240478515625
1325.8563232421875
1298.7061767578125
1270.68115234375
1242.25341796875
1213.63818359375
1184.9205322265625
1156.150634765625
1127.3848876953125
100.0
100.0
100.0
100.0
100.0
100.0
1500.0
1324.8079833984375
1168.120361328125
1093.750244140625
1043.4908447265625
1001.6719360351562
963.4202270507812
928.22705078125
894.2399291992188
860.9090576171875
828.0836181640625
795.3432006835938
762.0408935546875
727.316162109375
692.59130859375
660.2161254882812
629.7138061523438
601.0028076171875
573.0110473632812
548.1109008789062
524.9418334960938
502.0449523925781
480.2955322265625
459.8067321777344
440.9291076660156
423.3400573730469
406.6336364746094
390.60040283203125
375.390380859375
361.05194091796875
347.9299621582031
336.3562316894531
326.33050537109375
317.4267883300781
309.2689208984375
301.1045227050781
292.483642578125
283.83013916015625
275.2441101074219
266.7379150390625
258.4275207519531
250.30760192871094
242.3951873779297
234.81411743164062
227.6396942138672
220.8157196044922
214.2147674560547
207.71742248535156
201.25991821289062
194.8534393310547
188.50106811523438
182.22454833984375
176.0482635498047
170.0532684326172
