1499.998046875
1500.0
1500.0
1500.0
1500.0
1500.0
1500.0
1500.0
1500.0
1500.0
1500.0
1500.0
1500.0
1500.0
1500.0
1500.0
1500.0
1500.0
1500.0
1500.0
1500.0
1500.0
1500.0
1500.0
1500.0
1500.0
1500.0
1500.0
1500.0
1500.0
1500.0
1500.0
100.0
100.0
100.0
100.0
100.0
100.0
1499.999755859375
1500.0
1500.0
1500.0
1499.9998779296875
1500.0
1500.0
1500.0
1500.0
1490.8809814453125
1416.983642578125
1347.2525634765625
1279.8167724609375
1214.0897216796875
1150.3218994140625
1089.043701171875
1031.1339111328125
976.5601196289062
925.1359252929688
876.7113647460938
831.1253051757812
787.9707641601562
747.3250732421875
709.0203857421875
673.1198120117188
639.9188232421875
608.9913940429688
580.0585327148438
552.796875
527.2586669921875
502.62921142578125
479.9835205078125
458.7723083496094
438.8506164550781
420.1944274902344
402.7527770996094
386.4500732421875
371.20098876953125
356.9397277832031
343.55029296875
331.0007629394531
319.30120849609375
308.396240234375
298.2242431640625
288.732421875
279.8741760253906
271.61175537109375
263.9351806640625
256.775146484375
250.0509490966797
243.75865173339844
237.88426208496094
232.42767333984375
227.34280395507812
222.6103057861328
218.2127227783203
