1500.0
1500.0
1500.0
1500.0037841796875
1500.0
1500.0
1500.0
1500.0
1500.0
1500.0
1500.0
1500.0
1499.9998779296875
1500.0
1499.9998779296875
1500.0
1500.0
1500.0
1500.0
1500.0
1499.9998779296875
1500.0
1500.0
1489.47119140625
1402.3721923828125
1309.149169921875
1212.1259765625
1116.5927734375
1032.967041015625
954.5260620117188
881.2164306640625
821.8218383789062
100.0
100.0
100.0
100.0
100.0
100.0
1029.99560546875
853.0933837890625
803.8726806640625
759.8192138671875
717.0357055664062
675.7675170898438
639.3154296875
603.9306640625
570.0143432617188
538.8807983398438
511.1772155761719
486.8432922363281
464.9718017578125
444.8958435058594
426.3855285644531
409.4339599609375
393.3708801269531
378.3076171875
364.19134521484375
350.99530029296875
338.6774597167969
332.7442321777344
327.0378112792969
316.3670654296875
306.4066162109375
297.10614013671875
288.3833312988281
280.3143310546875
272.8106384277344
265.7450866699219
258.9929504394531
252.59097290039062
246.54425048828125
243.19473266601562
240.7387237548828
235.3939971923828
230.4102325439453
225.66183471679688
221.09335327148438
216.66725158691406
212.3881072998047
208.23306274414062
204.22421264648438
200.3363037109375
196.5598602294922
192.89669799804688
189.34458923339844
185.89724731445312
182.54653930664062
179.29063415527344
176.128662109375
173.05914306640625
170.07879638671875
167.18466186523438
164.37403869628906
161.64439392089844
