1500.0107421875
1500.0
1500.0
1500.0
1500.0
1500.0
1500.0
1500.0
1500.0
1500.0
1454.234619140625
1399.9241943359375
1344.6728515625
1288.116455078125
1230.948974609375
1174.9776611328125
1121.003662109375
1068.9373779296875
1018.3258056640625
968.9446411132812
921.2005004882812
875.2005615234375
830.4140625
808.7931518554688
797.3042602539062
787.15869140625
764.8809814453125
742.5559692382812
700.4849853515625
661.3754272460938
623.6679077148438
587.3533935546875
552.29736328125
520.0018920898438
490.5534362792969
463.3433837890625
100.0
100.0
100.0
99.99987030029297
99.99988555908203
99.99998474121094
552.2620239257812
521.8685302734375
502.3817138671875
489.92572021484375
464.73822021484375
440.7531433105469
399.07403564453125
381.428466796875
363.35400390625
335.1985778808594
312.3097839355469
292.9774475097656
276.9197082519531
263.09893798828125
250.78477478027344
239.7447509765625
229.7298126220703
220.5506134033203
212.04229736328125
204.056884765625
196.52859497070312
189.38539123535156
182.62791442871094
176.24334716796875
170.1975860595703
164.47906494140625
159.13650512695312
154.12591552734375
149.50680541992188
145.22569274902344
141.246826171875
137.53712463378906
134.05909729003906
130.783935546875
127.66484832763672
124.64170837402344
121.68822479248047
118.83991241455078
116.16802978515625
113.66793060302734
111.34566497802734
109.2032241821289
107.23711395263672
105.44204711914062
103.80743408203125
102.31432342529297
100.95053100585938
99.71552276611328
98.58525085449219
97.54460906982422
96.58267974853516
95.65877532958984
94.78182983398438
93.92308044433594
93.05218505859375
92.18024444580078
91.32728576660156
90.52043914794922
