1499.9998779296875
1500.0
1500.0
1500.0
1500.0
1500.0
1500.0
1500.0
1500.0
1500.0
1500.0
1500.0
1500.0
1500.0
1500.0
1500.0
1500.0
1500.0
1500.0
1500.0
1500.0
1500.0
1500.0
1500.0
1500.0
1500.0
1500.0
1500.0
1500.0
1500.0
1500.0
1500.0
100.0
100.0
100.0
100.0
100.0
100.0
1500.0
1500.0
1500.0
1500.0
1500.0
1500.0
1500.0
1500.0
1500.0
1500.0
1500.0
1500.0
1500.0
1500.0
1500.0
1500.0
1500.0
1500.0
1500.0
1500.0
1500.0
1500.0
1500.0
1500.0
1466.7581787109375
1403.53759765625
1344.9927978515625
1289.1800537109375
1235.5673828125
1184.0540771484375
1134.568359375
1087.0677490234375
1041.479736328125
997.76806640625
955.7254028320312
915.535888671875
877.05224609375
840.16845703125
804.7940063476562
770.8391723632812
738.4281005859375
707.5518798828125
678.1624145507812
650.0859375
623.1697998046875
597.8509521484375
573.7169799804688
550.69287109375
528.7960205078125
507.9799499511719
488.0223083496094
468.9597473144531
451.0500183105469
433.40679931640625
416.6935729980469
