1499.999755859375
1500.0
1500.0
1500.0001220703125
1500.0
1500.0
1500.0
1499.998779296875
1499.999755859375
1499.9981689453125
1499.9976806640625
1499.999267578125
1499.9981689453125
1499.99462890625
1499.99169921875
1500.0
1499.9971923828125
1500.0
1499.9990234375
1500.0
1499.9949951171875
1499.99951171875
1499.9998779296875
1499.9998779296875
1499.9998779296875
1500.0
1499.9998779296875
1500.0
1500.0
1500.0
1500.0
1500.0
99.9988784790039
100.0
100.0
100.0
100.0
100.0
1500.0
1499.9998779296875
1499.9036865234375
1499.9844970703125
1499.2410888671875
1469.0208740234375
1344.070068359375
1310.3658447265625
1286.22607421875
1242.11279296875
1199.30712890625
1158.180419921875
1118.2872314453125
1079.1319580078125
1040.4339599609375
1002.254638671875
965.1083984375
929.289794921875
894.90771484375
862.1707153320312
831.2249145507812
801.2188720703125
771.9578247070312
743.3707885742188
715.7056884765625
702.3502807617188
688.99951171875
663.2774047851562
639.0790405273438
615.972900390625
593.9649047851562
573.2617797851562
553.7007446289062
535.138427734375
517.53564453125
500.9896240234375
485.35516357421875
477.7413635253906
470.5247497558594
456.9944152832031
443.96649169921875
431.4317932128906
419.4339294433594
408.0547790527344
397.3187561035156
387.132080078125
377.4276123046875
368.1889343261719
359.35467529296875
350.9131164550781
342.87481689453125
335.25079345703125
328.0174865722656
321.1425476074219
314.5879821777344
308.3099670410156
302.27850341796875
296.47509765625
291.021240234375
