1500.0
1500.0
1500.0
1500.0
1500.0
1500.0
1500.0
1500.0
1500.0
1500.0
1500.0
1500.0
1500.0
1500.0
1500.0
1500.0
1500.0
1500.0
1500.0
1500.0
1500.0
1500.0
1500.0
1500.0
1500.0
1500.0
1500.0
1500.0
1500.0
1500.0
1500.0
1500.0
100.0
100.0
100.0
100.0
100.0
100.0
1500.0
1500.0
1500.0
1435.7261962890625
1356.9425048828125
1280.6644287109375
1206.641845703125
1135.21240234375
1066.563232421875
1000.9605102539062
938.7239379882812
879.9938354492188
824.7948608398438
773.0966796875
724.9208984375
680.053955078125
638.2376098632812
599.2508544921875
562.9331665039062
529.276611328125
498.1325378417969
469.18206787109375
442.30560302734375
417.39935302734375
394.2215576171875
372.6101989746094
352.4829406738281
333.52996826171875
315.9578552246094
299.5729064941406
284.25042724609375
269.8988952636719
256.4435119628906
243.80569458007812
231.49151611328125
220.0016326904297
209.60276794433594
199.783447265625
190.46791076660156
181.65707397460938
173.2501983642578
165.27171325683594
157.78724670410156
150.75128173828125
144.10447692871094
137.81240844726562
131.83766174316406
126.16397094726562
120.78008270263672
115.66490173339844
110.80595397949219
106.19473266601562
101.82025909423828
97.65992736816406
