1500.0
1500.0
1500.0
1500.0
1500.0
1500.0
1500.0
1500.0
1500.0
1500.0
1500.0
1500.0
1500.0
1500.0
1500.0
1500.0
1500.0
1500.0
1500.0
1500.0
1500.0
1500.0
1500.0
1500.0
1500.0
1500.0
1500.0
1500.0
1500.0
1500.0
1500.0
1500.0
1500.0
100.0
100.0
100.0
100.0
100.0
100.0
1500.0
1500.0
1500.0
1500.0
1500.0
1500.0
1412.1514892578125
1316.340576171875
1240.481201171875
1172.5528564453125
1109.752685546875
1051.6884765625
997.6574096679688
946.5558471679688
898.1331787109375
852.2381591796875
810.0978393554688
771.0911865234375
734.18017578125
699.3616333007812
667.2947998046875
638.14599609375
611.0472412109375
585.9020385742188
562.5850219726562
541.4862670898438
522.120849609375
504.2253112792969
487.6679382324219
472.3259582519531
458.130615234375
445.14239501953125
433.0626525878906
421.6344299316406
410.70068359375
400.179443359375
390.05926513671875
380.3086853027344
370.8839111328125
361.75555419921875
352.7294006347656
344.9143371582031
337.6107177734375
330.556396484375
323.6907653808594
317.1046447753906
310.7965087890625
304.609375
298.5541687011719
292.08489990234375
285.3531799316406
279.1558532714844
273.4814453125
268.14483642578125
