1500.0
1500.0
1500.0
1500.0
1500.0
1500.0
1500.0
1500.0
1500.0
1500.0
1500.0
1500.0
1500.0
1500.0
1500.0
1500.0
1500.0
1500.0
1500.0
1500.0
1500.0
1500.0
1500.0
1500.0
1467.7784423828125
1353.8756103515625
1243.8411865234375
1140.6953125
1042.5052490234375
947.4682006835938
859.8079833984375
782.4976196289062
100.0
100.0
100.0
100.0
100.0
100.0
986.1408081054688
905.2788696289062
816.5592651367188
736.185791015625
662.7935791015625
595.76953125
534.66748046875
479.9396057128906
432.2340393066406
391.63909912109375
356.4169006347656
325.7535705566406
301.3346862792969
281.6649169921875
265.143798828125
250.85455322265625
238.2353515625
226.97825622558594
216.82334899902344
207.6444091796875
199.4217529296875
192.04782104492188
185.39755249023438
179.3533172607422
173.83567810058594
168.78680419921875
164.14373779296875
159.84129333496094
155.8280792236328
152.0624237060547
148.50473022460938
145.1080322265625
141.8597412109375
138.7550506591797
135.79776000976562
132.97470092773438
130.26502990722656
127.6456298828125
125.10723114013672
122.6549072265625
120.28607940673828
117.99114990234375
115.76066589355469
113.62042236328125
111.61597442626953
109.73554992675781
107.95572662353516
106.24491119384766
104.57566833496094
102.934814453125
101.3150863647461
99.72174072265625
98.19303894042969
96.74935913085938
