1500.0
1500.0
1500.0
1500.0
1500.0
1500.0
1500.0
1500.0
1500.0
1500.0
1500.0
1500.0
1500.0
1500.0
1500.0
1500.0
1500.0
1500.0
1500.0
1500.0
1500.0
1500.0
1500.0
1500.0
1500.0
1500.0
1500.0
1500.0
1500.0
1500.0
1500.0
1500.0
100.0
100.0
100.0
100.0
100.0
100.0
1500.0
1500.0
1500.0
1500.0
1500.0
1500.0
1500.0
1500.0
1500.0
1500.0
1500.0
1500.0
1500.0
1499.9969482421875
1500.0
1500.0
1500.0
1500.0
1500.0
1443.130859375
1374.2271728515625
1308.3629150390625
1246.88330078125
1187.1400146484375
1126.2646484375
1070.1531982421875
1024.20263671875
979.81396484375
936.8255615234375
895.4004516601562
855.7083740234375
818.3683471679688
786.8468017578125
757.4082641601562
727.2210083007812
695.6080322265625
664.1552734375
634.317626953125
607.2481689453125
582.3306274414062
558.2601318359375
535.1098022460938
512.7578735351562
491.439697265625
478.9077453613281
467.4169921875
457.85595703125
448.92498779296875
439.7149353027344
428.77679443359375
417.2708740234375
405.4307556152344
393.885009765625
382.379638671875
370.9172058105469
