1500.0
1500.0
1500.0
1500.0
1500.0
1500.0
1500.0
1500.0
1500.0
1500.0
1500.0
1500.0
1500.0
1500.0
1500.0
1500.0
1500.0
1500.0
1500.0
1500.0
1500.0
1500.0
1500.0
1500.0
1500.0
1500.0
1500.0
1500.0
1500.0
1500.0
1500.0
1500.0
100.0
100.0
100.0
100.0
100.0
100.0
1500.0
1500.0
1500.0
1500.0
1500.0
1500.0
1500.0
1500.0
1500.0
1500.0
1500.0
1481.491943359375
1417.8201904296875
1356.3651123046875
1296.2720947265625
1237.76318359375
1181.3697509765625
1127.17431640625
1075.181884765625
1025.3115234375
977.5338134765625
954.331298828125
931.6213989257812
887.9207153320312
846.2376708984375
806.5220336914062
768.6971435546875
732.7904052734375
698.47412109375
665.9579467773438
635.1853637695312
605.8300170898438
577.9160766601562
551.6434326171875
526.830810546875
503.3670959472656
481.0879211425781
458.8605041503906
439.1101989746094
420.6669921875
403.1109619140625
386.48583984375
370.63580322265625
355.419921875
341.2801818847656
327.9695129394531
315.3609924316406
303.3736572265625
291.9756164550781
281.1514587402344
270.88507080078125
261.14581298828125
251.8883056640625
243.0360565185547
234.5771026611328
