1500.0
1500.0
1500.0
1500.0
1500.0
1500.0
1500.0
1500.0
1500.0
1500.0
1500.0
1500.0
1500.0
1500.0
1500.0
1499.98193359375
1500.0
1500.0
1500.0
1500.0
1500.0
1500.0
1500.0
1500.0
1500.0
1500.0
1500.0
1500.0
1500.0
1500.0
1500.0
1500.0
100.0
100.0
100.0
100.0
100.0
100.0
1500.0
1500.0
1500.0
1500.0
1500.0
1500.0
1500.0
1500.0
1500.0
1500.0
1500.0
1500.0
1500.0
1500.0
1500.0
1500.0
1500.0
1500.0
1500.0
1500.0
1500.0
1500.0
1500.0
1500.0
1500.0
1438.6949462890625
1379.462646484375
1323.41064453125
1269.6282958984375
1217.884521484375
1168.1361083984375
1120.3214111328125
1074.3729248046875
1030.2330322265625
987.8504028320312
947.0670166015625
908.041259765625
870.6358032226562
834.7544555664062
800.329833984375
767.2962036132812
735.7464599609375
720.4220581054688
705.451416015625
676.74853515625
649.23828125
623.0682983398438
598.304931640625
574.6184692382812
552.025390625
530.5104370117188
510.01666259765625
490.23046875
471.4411315917969
453.7136535644531
