2085.0
2067.541748046875
2035.5054931640625
2011.0914306640625
2015.930419921875
2073.481689453125
2094.736572265625
2086.113525390625
2080.182861328125
2076.641357421875
2077.712646484375
2081.087646484375
2090.39794921875
2105.95703125
2102.859619140625
2033.226806640625
1975.10400390625
1939.6817626953125
1906.46337890625
1883.5982666015625
1858.7647705078125
1832.695556640625
1806.25732421875
1782.9586181640625
1768.5355224609375
1757.355712890625
1747.68359375
1740.4329833984375
1735.3204345703125
1730.2471923828125
1727.209716796875
1731.7066650390625
116.40412902832031
116.88902282714844
117.3880386352539
117.74834442138672
118.00137329101562
118.24462890625
1581.270751953125
1721.61328125
1803.849365234375
1823.2318115234375
1825.4901123046875
1851.24560546875
1872.1639404296875
1932.8046875
2007.03515625
2086.007080078125
2165.087158203125
2242.962890625
2317.7744140625
2388.194091796875
2453.39599609375
2512.7109375
2565.248046875
2612.314208984375
2654.385986328125
2691.99365234375
2725.715576171875
2756.04638671875
2782.922607421875
2806.3056640625
2826.180419921875
2842.1318359375
2853.97119140625
2861.878173828125
2866.092529296875
2867.14501953125
2865.414794921875
2861.15234375
2854.649169921875
2845.4228515625
2833.56982421875
2819.1650390625
2802.91552734375
2785.02001953125
2765.4912109375
2744.005859375
2720.542236328125
2695.22314453125
2668.4267578125
2640.371337890625
2611.143310546875
2580.882568359375
2549.777587890625
2517.98828125
2485.6796875
2452.9677734375
2419.93212890625
2386.6640625
2353.321044921875
2320.031494140625
2286.85546875
