2082.6279296875
2051.838623046875
2017.5228271484375
1987.7767333984375
2034.4730224609375
2065.4736328125
2071.476806640625
2130.02734375
2166.385009765625
2205.47314453125
2243.049560546875
2280.156005859375
2329.79345703125
2378.12548828125
2422.613525390625
2467.877197265625
2514.6494140625
2566.986328125
2629.440185546875
2710.448974609375
2809.039306640625
2921.01708984375
3043.708740234375
3174.439697265625
3313.46240234375
3457.5517578125
3606.640380859375
3760.017578125
3919.07373046875
4081.8212890625
4249.29638671875
4422.29736328125
162.6448516845703
138.8858184814453
132.04310607910156
130.10220336914062
129.33349609375
128.91238403320312
3380.614990234375
3854.526123046875
4102.365234375
4291.79638671875
4488.5283203125
4716.34130859375
4993.40478515625
5286.81298828125
5585.56103515625
5898.97021484375
6222.34326171875
6574.84912109375
6913.56689453125
7220.966796875
7517.84912109375
7780.80859375
8011.99462890625
8222.763671875
8405.578125
8556.1650390625
8685.07421875
8808.1474609375
8900.2294921875
8962.0029296875
9007.90234375
9049.3720703125
9094.279296875
9145.255859375
9171.96875
9182.470703125
9178.2734375
9152.2666015625
9026.6943359375
8474.3779296875
8047.9765625
7685.92333984375
7365.09521484375
7212.779296875
7069.23828125
6802.97998046875
6550.90283203125
6309.99951171875
6077.68310546875
5855.1015625
5642.74267578125
5435.50927734375
5233.10498046875
5040.3095703125
4859.8388671875
4692.65576171875
4533.7568359375
4381.7001953125
4233.453125
4089.083251953125
3953.628662109375
