2083.6728515625
2063.120361328125
2031.21337890625
2006.6328125
2008.2056884765625
2063.9541015625
2077.14892578125
2072.06298828125
2068.049560546875
2076.16796875
2082.890380859375
2094.2421875
2108.76611328125
2116.21044921875
2128.24267578125
2146.755615234375
2173.49267578125
2199.12744140625
2227.8701171875
2252.485107421875
2276.071044921875
2306.405029296875
2331.4677734375
2355.751708984375
2382.098876953125
2414.66552734375
2462.212890625
2531.34912109375
2612.366455078125
2705.003662109375
2807.333251953125
2910.7578125
128.84092712402344
127.96597290039062
128.5452423095703
127.55572509765625
125.82657623291016
125.3843002319336
2028.053466796875
2463.44189453125
2779.209716796875
3061.67236328125
3320.8408203125
3571.723388671875
3814.293212890625
4051.83203125
4287.1015625
4520.37158203125
4755.13623046875
4997.0361328125
5226.41162109375
5468.4716796875
5730.19287109375
6019.9853515625
6388.60888671875
6656.27880859375
6936.96435546875
7177.7783203125
7388.8662109375
7557.009765625
7739.1279296875
8072.97607421875
8361.44140625
8538.708984375
8672.5068359375
8792.50390625
8886.7021484375
8971.21484375
9082.45703125
8862.5966796875
8324.294921875
7933.66162109375
7622.69384765625
7351.51904296875
7099.6572265625
6859.32763671875
6628.90869140625
6409.8115234375
6199.81201171875
6008.0927734375
5822.095703125
5639.8251953125
5460.40869140625
5282.4892578125
5112.9677734375
4975.17138671875
4848.279296875
4736.205078125
4629.70751953125
4525.4677734375
4422.36572265625
4318.81005859375
