2078.965576171875
2048.31787109375
2012.2586669921875
1990.73681640625
2075.306396484375
2084.781005859375
2071.572021484375
2080.470947265625
2079.341796875
2073.64599609375
2079.460693359375
2087.834228515625
2098.882080078125
2128.13232421875
2158.15576171875
2191.931884765625
2217.68408203125
2238.652587890625
2259.396484375
2286.531494140625
2320.9130859375
2366.0947265625
2423.77783203125
2490.16357421875
2564.2109375
2654.26220703125
2760.489990234375
2877.58154296875
3001.126220703125
3131.25341796875
3267.801513671875
3409.130859375
118.30020904541016
120.23326110839844
121.25289916992188
121.85824584960938
122.29199981689453
122.6954345703125
2427.424560546875
2923.784423828125
3173.161376953125
3401.225341796875
3654.223876953125
3937.11962890625
4259.75732421875
4617.6455078125
4995.92724609375
5373.6484375
5736.470703125
5893.66552734375
5770.96875
5678.03564453125
5592.251953125
5482.13330078125
5365.00146484375
5243.0576171875
5118.861328125
5005.2880859375
4952.9140625
4894.8173828125
4767.57958984375
4627.98486328125
4481.54248046875
4332.64013671875
4180.97021484375
4026.576416015625
3868.237060546875
3707.06591796875
3546.824462890625
3389.262939453125
3234.882568359375
3083.124267578125
2937.48046875
2798.46630859375
2659.874755859375
2532.63671875
2413.895263671875
2300.9970703125
2188.4501953125
2087.855224609375
1989.6064453125
1891.39990234375
1793.08203125
1694.7615966796875
1600.8023681640625
1526.482666015625
1464.9637451171875
1404.619140625
1356.07080078125
1314.5421142578125
1277.4454345703125
1242.6077880859375
1209.1572265625
