2024.3394775390625
2333.85009765625
2258.734375
2259.491455078125
2361.26611328125
2352.7021484375
2290.6376953125
2242.03955078125
2220.20849609375
2229.5439453125
2270.70947265625
2336.831298828125
2406.732666015625
2475.110107421875
2540.88623046875
2606.830078125
2675.03955078125
2754.51025390625
2855.92138671875
2980.25244140625
3123.717529296875
3281.638427734375
3450.31787109375
3626.153076171875
3808.02685546875
3996.4658203125
4144.82763671875
4164.2958984375
4196.39697265625
4233.43212890625
4270.70263671875
4305.634765625
142.98524475097656
128.22764587402344
158.86724853515625
179.01742553710938
192.1680145263672
200.90687561035156
4655.517578125
4617.94580078125
4537.33642578125
4528.564453125
4528.123046875
4551.05810546875
4574.73193359375
4608.91259765625
4656.8359375
4717.1044921875
4755.10546875
4780.47998046875
4802.91357421875
4805.56201171875
4785.44482421875
4743.0302734375
4680.435546875
4600.05029296875
4502.99658203125
4390.6474609375
4267.078125
4135.369140625
3994.34375
3848.979248046875
3709.138671875
3575.4931640625
3447.173583984375
3323.15283203125
3201.2451171875
3082.521240234375
3024.176513671875
2966.458740234375
2854.9814453125
2746.938720703125
2641.606689453125
2539.155517578125
2440.0400390625
2343.994140625
2250.757080078125
2161.14453125
2075.849853515625
1994.95361328125
1918.28076171875
1845.3009033203125
1775.4954833984375
1708.7642822265625
1644.9241943359375
1583.9759521484375
1526.2596435546875
1471.57861328125
1419.76953125
1370.5709228515625
1323.7642822265625
1279.2957763671875
1236.931640625
