2035.265869140625
2025.3553466796875
2262.241455078125
2334.716064453125
2329.310302734375
2295.880859375
2266.567138671875
2233.568603515625
2226.322265625
2229.7509765625
2239.996826171875
2259.091064453125
2280.962890625
2299.42578125
2318.505859375
2336.417236328125
2359.696533203125
2397.89453125
2462.760986328125
2556.280029296875
2674.35986328125
2813.4697265625
2970.9228515625
3145.2255859375
3336.873291015625
3544.728759765625
3770.68896484375
4016.113037109375
4281.5888671875
4561.873046875
4859.9794921875
5179.75341796875
175.28558349609375
147.3988494873047
140.24278259277344
138.18492126464844
138.05555725097656
165.58547973632812
5739.8984375
7596.86572265625
7461.330078125
7394.65185546875
7424.6259765625
7502.5576171875
7609.64404296875
7730.962890625
7867.6455078125
8015.3466796875
8171.05322265625
8326.9091796875
8487.5322265625
8639.3916015625
8780.521484375
8911.845703125
9027.4873046875
9123.7587890625
9198.8193359375
9253.685546875
9289.13671875
9305.5654296875
9303.7333984375
9284.34765625
9247.91015625
9197.46484375
9135.34375
9062.90234375
8979.0615234375
8883.6494140625
8778.33984375
8664.1962890625
8541.5205078125
8410.451171875
8272.23046875
8127.71728515625
7978.228515625
7815.74169921875
7655.787109375
7493.03857421875
7329.45751953125
7165.33544921875
7003.11474609375
6841.32861328125
6679.22314453125
6517.27685546875
6356.26318359375
6196.60302734375
6038.88525390625
5883.49072265625
5732.40185546875
5585.34326171875
5441.6376953125
5301.55517578125
