2048.343017578125
1988.9464111328125
1442.2266845703125
1345.405029296875
1290.1397705078125
1241.68310546875
1201.6175537109375
1172.15185546875
1146.35205078125
1127.167724609375
1110.1807861328125
1090.0374755859375
1068.3779296875
1046.2359619140625
1023.978271484375
1007.0626220703125
991.4459838867188
976.3855590820312
960.2155151367188
942.949462890625
925.639892578125
913.357421875
899.427734375
885.6669311523438
873.602783203125
863.0232543945312
853.4744873046875
845.7015991210938
837.3736572265625
829.697021484375
823.8196411132812
818.7130126953125
118.43026733398438
118.86685180664062
119.24925994873047
119.56326293945312
119.97440338134766
120.42041778564453
916.0744018554688
785.2449340820312
819.0545043945312
839.895263671875
837.6459350585938
828.5678100585938
817.6573486328125
817.9866333007812
834.6024780273438
851.0927124023438
870.1070556640625
893.22314453125
919.197998046875
946.5400390625
976.0164184570312
1008.756591796875
1045.044921875
1082.099609375
1119.1552734375
1155.3582763671875
1189.921630859375
1222.3671875
1252.54248046875
1280.5582275390625
1306.490478515625
1329.9481201171875
1350.3238525390625
1367.603759765625
1381.867431640625
1393.2459716796875
1401.9283447265625
1408.16357421875
1412.210205078125
1414.2596435546875
1414.9808349609375
1415.09423828125
1413.7518310546875
1410.9228515625
1407.2122802734375
1402.0841064453125
1395.4610595703125
1387.5887451171875
1378.5977783203125
1368.4923095703125
1357.4176025390625
1345.3597412109375
1332.41943359375
1318.750244140625
1304.525146484375
1289.79150390625
1274.6171875
1259.0526123046875
1243.2142333984375
1227.204345703125
1211.012939453125
