2077.162353515625
2045.8714599609375
2011.40869140625
1987.395263671875
2074.912841796875
2077.47021484375
2125.988525390625
2162.7412109375
2190.636962890625
2227.59765625
2267.758056640625
2323.076171875
2380.325439453125
2444.91796875
2516.130859375
2593.347412109375
2677.186767578125
2772.900634765625
2886.44189453125
3020.5
3174.243408203125
3345.07080078125
3530.29248046875
3726.09423828125
3929.158935546875
4139.21240234375
4356.8896484375
4581.8232421875
4812.2431640625
5047.97216796875
5289.7626953125
5538.72265625
248.35011291503906
221.73072814941406
212.8793487548828
208.7902374267578
206.0920867919922
203.8065185546875
4675.25146484375
5282.1982421875
5606.07373046875
5866.2392578125
6119.16015625
6398.7138671875
6751.44091796875
7142.46337890625
7549.99658203125
8013.31640625
8441.796875
8867.7822265625
9302.017578125
9706.255859375
10064.3837890625
10373.48046875
10639.84765625
10871.4599609375
11031.5908203125
10491.5791015625
10027.3486328125
9601.1171875
9193.830078125
8790.8583984375
8395.9091796875
8013.26904296875
7640.02392578125
7275.5185546875
6920.52392578125
6576.6884765625
6245.63525390625
5928.09619140625
5623.2744140625
5349.39013671875
5101.18701171875
4870.85791015625
4655.42578125
4453.48583984375
4264.01708984375
4086.264404296875
3918.994384765625
3761.708251953125
3613.741943359375
3473.8349609375
3340.887939453125
3214.18310546875
3093.70263671875
2979.18017578125
2869.861572265625
2765.5830078125
2665.922119140625
2570.493896484375
2479.09912109375
2391.73388671875
