2037.9659423828125
2023.196533203125
2257.09619140625
2355.36669921875
2363.739990234375
2332.49072265625
2299.970703125
2261.6748046875
2242.93310546875
2241.47265625
2248.164306640625
2264.744384765625
2286.04248046875
2306.55029296875
2327.023193359375
2344.880615234375
2364.54150390625
2393.753662109375
2446.5693359375
2528.03857421875
2635.14453125
2763.947265625
2911.282958984375
3075.04443359375
3255.0498046875
3450.986572265625
3663.50390625
3894.382568359375
4145.67333984375
4413.845703125
4696.22509765625
4998.7685546875
176.1966552734375
149.2257537841797
141.11512756347656
138.45550537109375
137.7828369140625
138.12628173828125
5226.849609375
7130.5224609375
7451.892578125
7292.03662109375
7283.6845703125
7342.07958984375
7442.71826171875
7562.396484375
7701.14404296875
7850.93017578125
8006.4541015625
8169.791015625
8333.06640625
8495.876953125
8649.5771484375
8791.4091796875
8923.052734375
9038.6806640625
9134.79296875
9209.466796875
9263.427734375
9298.8251953125
9315.759765625
9314.603515625
9296.23046875
9261.60546875
9213.8740234375
9154.638671875
9084.8994140625
9004.4072265625
8912.77734375
8812.8173828125
8703.4609375
8584.974609375
8458.2509765625
8324.1826171875
8183.869140625
8038.6005859375
7882.93017578125
7725.025390625
7565.46044921875
7405.01416015625
7244.54833984375
7085.728515625
6926.81494140625
6767.70654296875
6608.666015625
6450.24755859375
6292.8076171875
6136.90283203125
5983.05810546875
5831.6513671875
5685.85302734375
5542.81396484375
