2083.658203125
2063.827880859375
2032.032470703125
2007.555908203125
2002.8782958984375
2061.847412109375
2076.631591796875
2071.92626953125
2068.464111328125
2075.85693359375
2080.9296875
2088.69677734375
2102.006591796875
2108.867431640625
2119.87890625
2136.087890625
2159.9423828125
2185.318359375
2207.865966796875
2227.79345703125
2248.48095703125
2276.60888671875
2299.535400390625
2321.363525390625
2344.746337890625
2372.583251953125
2413.015625
2476.018310546875
2549.274169921875
2637.0869140625
2737.047607421875
2837.559326171875
124.92351531982422
124.47895812988281
125.57579040527344
125.08931732177734
125.53312683105469
125.7550277709961
2002.3975830078125
2424.66748046875
2736.3662109375
3014.148193359375
3267.218994140625
3508.44384765625
3740.82861328125
3968.815185546875
4190.96630859375
4407.57568359375
4624.79345703125
4844.27978515625
5068.498046875
5300.41064453125
5534.4775390625
5766.3740234375
6024.50244140625
6371.0009765625
6735.98583984375
7010.02587890625
7262.92578125
7501.47314453125
7692.76220703125
7820.52978515625
7987.84130859375
8268.15234375
8470.0576171875
8587.0693359375
8695.6220703125
8807.76171875
8883.2822265625
8926.5078125
8965.15625
8404.728515625
8024.0654296875
7709.75537109375
7426.79150390625
7175.7939453125
6958.9169921875
6755.00146484375
6553.7548828125
6354.6142578125
6161.806640625
5974.328125
5791.63916015625
5611.22412109375
5444.4814453125
5280.46533203125
5118.24609375
4958.20703125
4803.38916015625
4658.56884765625
4528.685546875
4414.07421875
