2042.4832763671875
2004.0736083984375
2106.97216796875
2225.021728515625
2326.44482421875
2394.156005859375
2436.63232421875
2468.66064453125
2482.873291015625
2476.93310546875
2459.61376953125
2441.69287109375
2431.788818359375
2431.71484375
2441.67626953125
2460.668701171875
2491.1240234375
2539.9111328125
2615.79150390625
2720.408935546875
2852.009521484375
3007.562255859375
3183.383544921875
3377.5205078125
3589.49658203125
3820.806884765625
4068.753662109375
4332.67333984375
4610.7197265625
4901.1103515625
5202.59619140625
5526.4853515625
226.45054626464844
220.30441284179688
228.52362060546875
233.56637573242188
234.62315368652344
233.75205993652344
5172.23583984375
6531.96044921875
7764.158203125
7986.71240234375
8067.2041015625
8116.0400390625
8160.57080078125
8216.044921875
8281.8447265625
8360.4052734375
8449.99609375
8547.7490234375
8649.4990234375
8745.578125
8831.8203125
8903.98046875
8959.189453125
8996.3681640625
9013.9736328125
9011.9150390625
8990.4697265625
8950.7783203125
8894.806640625
8824.875
8742.8818359375
8648.9287109375
8543.89453125
8428.6806640625
8303.5478515625
8169.65478515625
8028.0419921875
7881.56103515625
7731.392578125
7578.36328125
7423.3505859375
7267.65185546875
7112.3310546875
6958.4326171875
6805.60546875
6656.9736328125
6511.0244140625
6366.25341796875
6221.1875
6073.95166015625
5930.7236328125
5790.79931640625
5653.703125
5519.525390625
5388.1220703125
5259.55126953125
5133.98876953125
5011.68115234375
4891.90673828125
4774.822265625
