2048.075927734375
2010.7210693359375
1495.5780029296875
1393.8236083984375
1333.4034423828125
1284.1307373046875
1242.128662109375
1205.8338623046875
1171.3895263671875
1151.0399169921875
1134.6224365234375
1113.0263671875
1096.2840576171875
1077.3167724609375
1057.086669921875
1041.4114990234375
1024.3323974609375
1005.4853515625
985.8228149414062
966.6466674804688
952.076171875
938.1325073242188
922.92333984375
906.1442260742188
888.7623291015625
876.9124755859375
869.5872802734375
858.5571899414062
846.8583984375
837.6784057617188
829.4982299804688
821.6170043945312
118.47657012939453
119.52772521972656
119.9268798828125
120.31359100341797
120.70278930664062
121.05255126953125
808.5697631835938
750.478271484375
780.5130615234375
828.077392578125
872.0894165039062
892.8899536132812
904.78466796875
912.8724975585938
924.693603515625
940.748779296875
960.3978881835938
981.100341796875
1000.9813842773438
1021.4942626953125
1045.3809814453125
1071.1824951171875
1098.4390869140625
1125.7926025390625
1153.39892578125
1180.493408203125
1206.5797119140625
1231.4482421875
1255.356201171875
1267.287109375
1278.6302490234375
1300.289306640625
1311.1519775390625
1321.1434326171875
1338.980712890625
1355.0133056640625
1368.91943359375
1380.6689453125
1390.32470703125
1397.753173828125
1403.1182861328125
1407.1007080078125
1408.822265625
1408.1983642578125
1405.2398681640625
1400.3016357421875
1393.6959228515625
1385.912109375
1377.2183837890625
1367.4561767578125
1356.8037109375
1345.47998046875
1333.53271484375
1321.082763671875
1308.310791015625
1295.137939453125
1281.59619140625
1267.729736328125
1253.5679931640625
1239.09228515625
1224.3758544921875
1209.4794921875
