2063.87255859375
2039.535888671875
2016.2904052734375
1994.849853515625
2045.0059814453125
2057.611083984375
2062.2607421875
2053.411865234375
2069.5439453125
2095.739501953125
2120.634033203125
2154.064208984375
2195.369384765625
2253.262939453125
2328.761474609375
2422.332763671875
2535.032958984375
2663.37255859375
2805.807861328125
2963.05712890625
3136.44384765625
3326.737548828125
3535.25244140625
3764.726806640625
4015.31494140625
4286.9384765625
4580.8671875
4899.0625
5238.822265625
5600.865234375
5987.17431640625
6390.06591796875
297.17877197265625
296.1143493652344
309.49725341796875
323.8224182128906
337.73284912109375
351.1153564453125
7698.4462890625
8645.048828125
9473.580078125
10136.396484375
10713.6396484375
11224.6982421875
11713.7431640625
12190.677734375
12670.3505859375
13159.1728515625
13673.5615234375
14209.8427734375
14779.486328125
15384.9228515625
16024.2880859375
16696.392578125
17398.1953125
18128.08984375
18885.90234375
19673.763671875
20487.044921875
21319.53515625
22163.5859375
22037.2578125
21806.814453125
21584.27734375
21353.150390625
21107.029296875
20844.45703125
20566.666015625
20273.435546875
19965.47265625
19644.439453125
19312.080078125
18970.693359375
18621.888671875
18271.95703125
17915.3125
17547.490234375
17166.078125
16795.232421875
16425.740234375
16057.55078125
15689.029296875
15321.51953125
14956.376953125
14590.2529296875
14226.9248046875
13867.990234375
13518.662109375
13180.5068359375
12848.67578125
12523.1083984375
12204.7607421875
