2029.548583984375
1921.58056640625
1695.22216796875
1619.0185546875
1537.385009765625
1465.18798828125
1427.840087890625
1403.749755859375
1381.45849609375
1368.353515625
1358.973876953125
1347.1971435546875
1334.7315673828125
1325.5252685546875
1319.433349609375
1315.969482421875
1312.482177734375
1309.34423828125
1307.6741943359375
1308.552734375
1314.091064453125
1325.2369384765625
1342.970703125
1368.637939453125
1402.3900146484375
1443.4822998046875
1490.5220947265625
1542.3988037109375
1599.0972900390625
1661.793212890625
1725.0430908203125
1788.6351318359375
137.95236206054688
135.70057678222656
152.395263671875
168.15023803710938
180.75064086914062
190.9192657470703
2121.481689453125
2222.205078125
2243.001953125
2258.997314453125
2275.031005859375
2294.90283203125
2321.96337890625
2357.0224609375
2398.781982421875
2455.775390625
2528.576904296875
2592.65966796875
2657.226806640625
2723.1005859375
2793.235107421875
2854.561767578125
2906.746337890625
2949.583740234375
2983.259765625
3008.376220703125
3025.528564453125
3035.23095703125
3038.354736328125
3035.120361328125
3025.94091796875
3011.263427734375
2991.40673828125
2967.03369140625
2939.1572265625
2908.888671875
2874.873046875
2837.8896484375
2798.18359375
2755.97998046875
2711.605712890625
2665.569091796875
2618.262451171875
2569.751220703125
2519.9150390625
2469.211181640625
2417.700927734375
2365.8232421875
2313.66162109375
2261.51513671875
2209.3515625
2156.340576171875
2102.38916015625
2049.171875
1996.6092529296875
1944.8262939453125
1893.719482421875
1843.619140625
1794.7041015625
1747.0694580078125
