2054.76171875
2021.45947265625
1993.3887939453125
2085.724853515625
2069.1416015625
2051.211669921875
2039.70263671875
2037.3306884765625
2036.90087890625
2064.833251953125
2085.715576171875
2094.40771484375
2107.788330078125
2136.02880859375
2171.9267578125
2206.408935546875
2246.301025390625
2303.1806640625
2386.175048828125
2499.732666015625
2639.19384765625
2802.808349609375
2993.30859375
3207.308349609375
3439.982666015625
3683.90380859375
3938.224609375
4205.6962890625
4486.5068359375
4777.88623046875
5077.94677734375
5390.98583984375
201.31817626953125
218.8709259033203
244.3529052734375
264.76715087890625
280.2646484375
292.5098876953125
7086.515625
7703.38916015625
7691.18017578125
7552.17138671875
7525.73828125
7652.62841796875
7923.3828125
8264.47265625
8684.978515625
9199.1142578125
9715.3369140625
10242.609375
10786.8798828125
11365.556640625
11975.8232421875
12630.197265625
13331.6025390625
14074.8798828125
14840.9111328125
15616.8037109375
15801.9072265625
15844.0400390625
15889.09765625
15922.419921875
15939.138671875
15938.697265625
15921.1552734375
15883.48828125
15822.69140625
15740.0009765625
15636.7392578125
15515.8369140625
15377.833984375
15222.8994140625
15051.7744140625
14874.3017578125
14676.0634765625
14447.166015625
14216.455078125
13977.2734375
13729.837890625
13487.724609375
13236.849609375
12977.146484375
12714.0791015625
12444.98828125
12170.49609375
11892.8876953125
11615.1328125
11338.13671875
11065.173828125
10794.2724609375
10529.8212890625
10269.939453125
