2069.627197265625
2030.468505859375
1991.7454833984375
2086.914794921875
2094.358642578125
2073.69140625
2059.98291015625
2050.21435546875
2045.645751953125
2042.4027099609375
2037.666015625
2037.6474609375
2063.768310546875
2079.455810546875
2089.216552734375
2096.00439453125
2104.482177734375
2126.745361328125
2162.790771484375
2196.645751953125
2228.454345703125
2262.499755859375
2302.566162109375
2360.5
2429.73876953125
2519.59130859375
2628.150634765625
2745.966064453125
2867.51611328125
2994.943115234375
3127.2001953125
3261.902587890625
118.92012023925781
121.06332397460938
121.91232299804688
122.47102355957031
122.87995910644531
123.2046127319336
2488.169189453125
2811.267333984375
2952.29248046875
3142.583984375
3375.068115234375
3633.81884765625
3914.978515625
4223.33837890625
4543.18359375
4872.33056640625
5197.470703125
5479.8134765625
5358.78271484375
5245.16162109375
5135.62744140625
5027.53271484375
4915.71630859375
4798.73583984375
4676.33544921875
4547.8779296875
4414.88671875
4279.50439453125
4145.943359375
4040.415283203125
3929.539306640625
3818.611083984375
3697.4833984375
3569.844970703125
3440.327392578125
3304.44287109375
3160.656982421875
3010.5126953125
2861.07080078125
2725.51123046875
2587.514892578125
2448.574951171875
2309.245361328125
2173.250244140625
2038.46923828125
1907.0184326171875
1797.38818359375
1711.7037353515625
1632.5540771484375
1553.798583984375
1476.7698974609375
1404.5291748046875
1337.912841796875
1277.99755859375
1221.49365234375
1170.873046875
1133.3057861328125
1102.0025634765625
1076.139404296875
1054.17822265625
