2075.20361328125
2044.8843994140625
2016.33251953125
1994.17333984375
2048.772705078125
2080.465087890625
2067.281494140625
2053.0126953125
2059.369873046875
2110.752197265625
2175.151123046875
2245.3408203125
2318.3203125
2384.496337890625
2450.716552734375
2529.5986328125
2639.2373046875
2785.42041015625
2967.9453125
3177.177490234375
3403.4912109375
3636.874267578125
3877.77587890625
4121.07470703125
4367.63818359375
4616.3876953125
4866.12890625
5118.07958984375
5373.8740234375
5635.9833984375
5904.27099609375
6176.12451171875
272.1733093261719
259.331787109375
264.2225036621094
272.5746154785156
281.61297607421875
290.6014099121094
6422.1474609375
6884.93310546875
7036.087890625
7127.21484375
7251.66357421875
7473.11962890625
7773.85546875
8145.99853515625
8578.8115234375
9069.560546875
9596.318359375
10138.935546875
10509.6240234375
10369.5888671875
10230.6962890625
10081.6044921875
9917.8134765625
9733.814453125
9530.7734375
9311.109375
9077.05859375
8830.7080078125
8573.306640625
8308.13671875
8038.34765625
7764.490234375
7485.35693359375
7207.32666015625
6940.9013671875
6687.64892578125
6447.58642578125
6218.47509765625
6106.26025390625
5996.119140625
5785.38623046875
5583.86572265625
5390.23193359375
5203.744140625
5024.23779296875
4851.55078125
4685.32958984375
4524.529296875
4367.53515625
4216.53076171875
4072.78076171875
3935.533447265625
3804.484619140625
3679.31787109375
3559.950439453125
3445.58642578125
3335.621826171875
3229.61572265625
3127.2265625
3028.181640625
2932.264892578125
