2053.9072265625
2014.7674560546875
2075.6982421875
2085.95849609375
2095.259033203125
2126.129638671875
2145.930908203125
2140.641357421875
2154.206787109375
2150.85009765625
2147.585693359375
2149.490966796875
2158.74560546875
2166.86279296875
2176.875244140625
2193.26953125
2214.24560546875
2235.609375
2260.413330078125
2286.970703125
2313.05615234375
2340.769287109375
2371.3994140625
2408.527099609375
2451.192138671875
2507.71337890625
2587.950439453125
2690.55712890625
2806.06689453125
2933.684814453125
3072.659912109375
3201.305419921875
120.26863861083984
115.16437530517578
115.47747802734375
115.99209594726562
116.33589935302734
116.9505386352539
1818.7677001953125
2433.09716796875
2886.033203125
3208.215576171875
3464.87939453125
3695.16552734375
3912.081787109375
4116.4501953125
4304.51806640625
4490.208984375
4678.19384765625
4880.3154296875
5085.42578125
5286.423828125
5498.00146484375
5723.62890625
5956.47021484375
6240.10986328125
6563.482421875
6549.552734375
6187.67138671875
5921.5419921875
5684.119140625
5452.33837890625
5208.96435546875
4969.431640625
4743.73291015625
4511.21630859375
4277.29931640625
4047.1328125
3812.9833984375
3589.693603515625
3343.283447265625
3081.115478515625
2843.99755859375
2703.011962890625
2585.137939453125
2464.94921875
2346.085693359375
2243.29833984375
2136.36767578125
2067.02392578125
2012.621337890625
1983.4283447265625
1956.33251953125
1927.2626953125
1895.162109375
1861.041748046875
1826.4188232421875
1791.3060302734375
1754.8568115234375
1718.146728515625
1682.2027587890625
1646.6417236328125
