2085.166748046875
2069.349365234375
2040.8697509765625
2020.7652587890625
2006.578369140625
1995.6473388671875
2008.312744140625
2036.9715576171875
2068.61474609375
2069.038818359375
2061.8916015625
2072.855712890625
2112.001708984375
2166.73388671875
2220.990966796875
2279.688720703125
2339.081787109375
2401.297119140625
2479.04638671875
2576.634765625
2691.042236328125
2817.900390625
2953.017333984375
3094.6923828125
3239.865478515625
3388.71923828125
3540.873046875
3695.573486328125
3851.8447265625
4011.038818359375
4172.6728515625
4337.13671875
186.14801025390625
171.08189392089844
163.8722686767578
158.7022247314453
154.1344757080078
149.7483673095703
3623.313232421875
3881.50634765625
4054.339599609375
4243.15673828125
4448.83935546875
4666.2783203125
4902.353515625
5153.9248046875
5412.32470703125
5686.14599609375
5973.58837890625
6239.89892578125
6511.78564453125
6806.05322265625
7097.89990234375
7390.380859375
7689.39208984375
7969.25830078125
8211.0966796875
8428.0517578125
8612.861328125
8775.146484375
8910.56640625
9012.1015625
9087.0576171875
9130.94140625
9153.7470703125
9163.3115234375
9162.7001953125
9139.40625
9091.892578125
9024.0830078125
8941.3896484375
8853.197265625
8761.0517578125
8660.6865234375
8607.9677734375
8553.6083984375
8166.13916015625
7756.88427734375
7395.21533203125
7066.1181640625
6763.98193359375
6618.185546875
6478.90771484375
6215.8994140625
5966.349609375
5730.00244140625
5505.560546875
5292.62939453125
5090.5419921875
4899.37255859375
4716.20166015625
4542.84033203125
4377.7724609375
4219.83837890625
