2075.671142578125
2049.956787109375
2013.629638671875
1987.646484375
2064.513916015625
2062.274169921875
2067.544677734375
2093.098876953125
2102.2587890625
2110.65087890625
2126.53759765625
2139.04736328125
2145.72607421875
2160.962646484375
2181.7841796875
2202.5234375
2234.116943359375
2272.690673828125
2312.778564453125
2351.966064453125
2390.530517578125
2428.14599609375
2470.8359375
2526.612060546875
2598.1572265625
2684.90087890625
2785.053955078125
2896.581787109375
3015.724609375
3141.230712890625
3274.556640625
3413.641845703125
125.16971588134766
124.75520324707031
125.05841827392578
125.42168426513672
125.74739837646484
126.0334701538086
2459.329833984375
3232.4814453125
3559.234375
3764.8837890625
3947.00732421875
4136.80126953125
4340.603515625
4557.05615234375
4781.46044921875
5009.69580078125
5239.66015625
5468.53271484375
5695.59619140625
5920.25830078125
6144.8134765625
6365.44921875
6602.890625
6823.26513671875
7027.82470703125
7213.828125
7402.3115234375
7578.8125
7741.6015625
7898.17919921875
8051.33447265625
8200.685546875
8339.96875
8460.171875
8547.4755859375
8587.0009765625
8596.439453125
8590.6552734375
8578.189453125
8566.4833984375
8558.73046875
8377.8759765625
8051.1962890625
7754.25732421875
7474.6943359375
7218.93798828125
6969.9912109375
6723.4501953125
6482.0234375
6203.42626953125
5941.82373046875
5679.4658203125
5407.6767578125
5138.39990234375
4871.603515625
4628.28759765625
4407.6962890625
4217.75146484375
4046.312255859375
3887.775634765625
