2045.3399658203125
1998.41943359375
2134.765380859375
2198.75390625
2181.03564453125
2207.22265625
2248.640380859375
2299.439453125
2340.277099609375
2394.39111328125
2459.386962890625
2532.793701171875
2621.90673828125
2739.992919921875
2893.54296875
3084.75341796875
3306.921142578125
3553.48388671875
3818.509521484375
4095.931640625
4383.89990234375
4676.97509765625
4973.5556640625
5271.43505859375
5571.85595703125
5881.42919921875
6202.3798828125
6535.11181640625
6900.30322265625
7359.0751953125
7802.94482421875
8299.162109375
231.24176025390625
202.91378784179688
219.33741760253906
244.6880340576172
271.2195129394531
296.5756530761719
8749.109375
10191.701171875
9762.185546875
9528.404296875
9343.80859375
9185.591796875
9042.3212890625
8910.2431640625
8780.314453125
8646.1875
8505.623046875
8361.265625
8214.2314453125
8063.513671875
7910.74853515625
7755.92041015625
7598.75341796875
7527.759765625
7438.3212890625
7277.48388671875
7115.93359375
6954.36669921875
6794.294921875
6636.22998046875
6480.07373046875
6325.67529296875
6172.97509765625
6021.98779296875
5872.80322265625
5725.681640625
5580.89404296875
5438.537109375
5298.7314453125
5161.79150390625
5027.98681640625
4897.53662109375
4770.66455078125
4647.34326171875
4527.591796875
4411.31298828125
4298.38916015625
4188.59033203125
4081.9306640625
3978.30615234375
3877.5908203125
3779.4013671875
3683.609619140625
3590.07275390625
3498.6318359375
3409.35107421875
3321.5234375
3235.738525390625
3152.595703125
3071.97265625
2993.7294921875
