2085.092041015625
2073.16162109375
2042.8463134765625
2021.1787109375
2019.5562744140625
2054.569091796875
2064.704833984375
2058.434814453125
2050.918701171875
2049.5732421875
2050.65234375
2048.38916015625
2046.7811279296875
2051.687744140625
2058.232666015625
2067.920654296875
2079.87451171875
2093.150146484375
2112.471435546875
2140.054443359375
2166.722412109375
2207.89013671875
2272.120361328125
2353.375244140625
2462.012451171875
2575.394287109375
2704.38623046875
2874.0703125
3062.624267578125
3266.554931640625
3494.577880859375
3740.857177734375
188.05081176757812
187.46096801757812
180.40640258789062
170.74029541015625
163.7976837158203
158.67819213867188
3516.43408203125
3774.613037109375
4088.511962890625
4455.2177734375
4853.1552734375
5232.53955078125
5390.5693359375
5554.9560546875
5869.7998046875
6188.419921875
6500.17529296875
6792.9755859375
7100.97607421875
7441.91650390625
7711.56787109375
7900.7412109375
8043.5439453125
8142.72509765625
8211.791015625
8272.2197265625
8331.59375
8393.9580078125
8460.650390625
8538.138671875
8635.3212890625
8749.3095703125
8869.78515625
8957.869140625
9033.884765625
8794.6865234375
8353.28515625
7969.041015625
7614.89404296875
7278.0458984375
6948.06298828125
6629.54443359375
6321.23876953125
6008.74755859375
5664.037109375
5222.02978515625
4762.8857421875
4499.982421875
4258.328125
4040.538330078125
3811.923828125
3560.728271484375
3386.64404296875
3242.814208984375
3107.148681640625
2968.080322265625
2836.615478515625
2715.51953125
2601.124267578125
2511.523193359375
2432.2958984375
