2030.197509765625
1878.487060546875
1738.3900146484375
1601.0440673828125
1498.2081298828125
1433.6107177734375
1408.2425537109375
1391.52197265625
1381.4146728515625
1369.6336669921875
1355.1314697265625
1342.240478515625
1336.0772705078125
1334.64208984375
1335.9378662109375
1341.9825439453125
1354.8062744140625
1378.06591796875
1412.6356201171875
1456.8795166015625
1507.9798583984375
1563.7349853515625
1624.711669921875
1686.4837646484375
1745.4735107421875
1802.7059326171875
1858.245361328125
1911.6510009765625
1962.287109375
2011.947265625
2058.836669921875
2101.8740234375
290.81646728515625
283.3922424316406
299.7474365234375
319.7755432128906
338.4844970703125
354.8555908203125
2438.656494140625
2453.23828125
2463.85888671875
2488.96826171875
2531.334716796875
2577.5341796875
2616.89990234375
2648.31982421875
2672.177978515625
2688.385009765625
2696.9736328125
2697.705810546875
2690.87939453125
2676.524169921875
2655.44091796875
2628.989013671875
2597.426513671875
2560.532470703125
2540.606201171875
2519.36181640625
2473.727294921875
2425.250732421875
2374.639404296875
2322.390625
2268.338623046875
2213.063232421875
2157.53759765625
2102.21484375
2047.4638671875
1993.2962646484375
1939.885986328125
1887.3077392578125
1835.646240234375
1784.831298828125
1734.4744873046875
1684.90869140625
1636.2137451171875
1588.5242919921875
1541.959228515625
1496.1458740234375
1451.0791015625
1407.6683349609375
1365.7213134765625
1325.1607666015625
1286.235107421875
1248.7310791015625
1212.4560546875
1177.26708984375
1143.14892578125
1110.1309814453125
1078.1728515625
1047.2149658203125
1017.2698974609375
988.38427734375
960.5267333984375
