2047.398193359375
2013.4537353515625
2026.53125
2072.635009765625
2051.085693359375
2035.6534423828125
2030.9761962890625
2034.7607421875
2075.371826171875
2087.835693359375
2100.66455078125
2152.85107421875
2213.113037109375
2288.507568359375
2411.117919921875
2577.65869140625
2777.377685546875
3001.1748046875
3246.1650390625
3510.629638671875
3796.644775390625
4109.63134765625
4452.53662109375
4823.11474609375
5211.05615234375
5619.666015625
6059.44677734375
6536.79833984375
7054.029296875
7611.09814453125
8261.0390625
8942.595703125
405.66729736328125
441.3658447265625
471.93670654296875
492.6918640136719
507.4631042480469
519.0861206054688
11592.966796875
12511.8564453125
13090.974609375
13665.9306640625
14053.591796875
14444.54296875
14890.203125
15384.85546875
15388.6962890625
15227.6103515625
15086.4970703125
14951.6328125
14816.1044921875
14675.3525390625
14524.568359375
14359.8251953125
14181.6171875
13987.556640625
13848.6220703125
13776.3173828125
13547.8515625
13305.7021484375
13047.943359375
12778.0791015625
12498.333984375
12211.529296875
11919.0703125
11624.203125
11329.201171875
11020.0126953125
10726.75
10437.80859375
10153.052734375
9875.466796875
9603.0322265625
9337.4931640625
9078.8427734375
8828.1572265625
8584.115234375
8349.1953125
8124.17333984375
7905.17822265625
7692.25146484375
7485.4404296875
7285.0625
7090.35009765625
6900.68310546875
6716.36474609375
6537.47900390625
6364.38671875
6197.0419921875
6034.82421875
5877.404296875
5724.72509765625
5576.55078125
5433.013671875
