2052.309814453125
2017.4075927734375
2001.88330078125
2089.62890625
2062.839599609375
2044.3206787109375
2040.120361328125
2039.2691650390625
2075.5087890625
2095.90380859375
2108.799072265625
2140.72216796875
2182.335693359375
2226.1025390625
2285.51220703125
2375.400390625
2508.8955078125
2681.634033203125
2893.134033203125
3136.89794921875
3405.988525390625
3692.181884765625
3994.2119140625
4319.490234375
4657.5185546875
5008.5791015625
5379.01025390625
5768.28271484375
6189.0693359375
6640.19580078125
7118.36767578125
7636.23876953125
353.1277770996094
378.8431701660156
410.7918701171875
438.1644592285156
461.5140075683594
482.2646179199219
11367.005859375
12141.57421875
12190.107421875
11558.955078125
11223.1318359375
11276.23046875
11595.166015625
12082.8193359375
12692.056640625
13372.9951171875
14112.599609375
14894.59765625
15253.7783203125
15259.771484375
15282.2353515625
15296.5869140625
15295.736328125
15274.431640625
15225.384765625
15147.4208984375
15039.599609375
14905.408203125
14745.7587890625
14560.951171875
14352.423828125
14125.3564453125
13888.2255859375
13610.388671875
13327.4482421875
13033.33984375
12729.775390625
12426.5537109375
12120.4228515625
11808.8603515625
11492.1953125
11171.810546875
10850.6376953125
10531.8056640625
10217.8193359375
9910.2841796875
9609.1142578125
9315.1962890625
9031.880859375
8757.2958984375
8491.5263671875
8250.21484375
8016.8994140625
7789.27197265625
7570.3603515625
7359.9384765625
7157.79443359375
6963.7783203125
6777.6826171875
6601.3779296875
6431.3330078125
