2061.553466796875
2018.7635498046875
2008.8670654296875
2106.05029296875
2072.92578125
2052.25634765625
2044.133544921875
2038.0186767578125
2032.3623046875
2049.651611328125
2054.476318359375
2072.59619140625
2075.491943359375
2078.703857421875
2104.374267578125
2129.183349609375
2152.005126953125
2171.64892578125
2192.20068359375
2212.18603515625
2239.94970703125
2282.9443359375
2340.098388671875
2421.0693359375
2520.505126953125
2631.320556640625
2755.517822265625
2901.259765625
3068.17041015625
3252.62548828125
3447.3486328125
3645.892333984375
116.94060516357422
119.2787094116211
120.21136474609375
120.75643157958984
121.1140365600586
121.37400817871094
3021.4814453125
3252.20458984375
3490.0029296875
3827.609619140625
4258.4150390625
4737.77001953125
5250.720703125
5344.17236328125
5250.88720703125
5153.5751953125
5046.3369140625
4929.4853515625
4803.29052734375
4669.65380859375
4533.70361328125
4401.255859375
4296.14404296875
4167.88671875
4030.409912109375
3893.346923828125
3757.25927734375
3629.26220703125
3508.0625
3389.625244140625
3272.500732421875
3151.1943359375
3028.691162109375
2906.40087890625
2782.32421875
2658.779296875
2537.240478515625
2418.85888671875
2301.99462890625
2187.306640625
2078.611083984375
1976.10009765625
1868.2183837890625
1759.17919921875
1653.24072265625
1549.4288330078125
1447.320556640625
1347.353271484375
1272.084228515625
1196.896728515625
1124.7647705078125
1055.794677734375
988.4765625
936.8659057617188
889.7191162109375
845.6759643554688
803.9961547851562
764.3966064453125
726.067626953125
689.5429077148438
