2069.313720703125
2037.1182861328125
2006.3128662109375
2018.473388671875
2076.388671875
2062.99560546875
2047.626220703125
2060.5126953125
2107.826171875
2139.572509765625
2177.040283203125
2208.9716796875
2241.149658203125
2281.311279296875
2336.076416015625
2403.2880859375
2492.637939453125
2606.27490234375
2740.357421875
2892.993896484375
3061.67333984375
3244.364501953125
3436.553955078125
3634.510498046875
3842.451904296875
4056.765869140625
4276.7705078125
4501.77685546875
4731.6962890625
4966.6787109375
5208.525390625
5454.833984375
205.8594970703125
197.76100158691406
208.31492614746094
221.95494079589844
235.26272583007812
247.35516357421875
5640.88330078125
5757.306640625
5728.77783203125
5777.80078125
5928.70458984375
6140.8251953125
6396.97705078125
6685.71142578125
7005.416015625
7392.7421875
7793.78662109375
8155.318359375
8501.7802734375
8701.876953125
8528.2138671875
8369.908203125
8214.9990234375
8056.9384765625
7892.8759765625
7720.6650390625
7540.7978515625
7357.24365234375
7166.3173828125
6968.56884765625
6766.158203125
6561.50537109375
6357.5166015625
6154.48388671875
5953.59521484375
5756.06298828125
5561.9619140625
5371.310546875
5183.88720703125
5001.50927734375
4826.6611328125
4658.1015625
4494.83935546875
4336.5859375
4183.248046875
4034.5390625
3889.604736328125
3748.161865234375
3611.9560546875
3480.418701171875
3352.958740234375
3229.853515625
3110.6640625
2995.260009765625
2883.66357421875
2775.654052734375
2671.302978515625
2570.517578125
2473.32421875
2379.7880859375
