2034.1246337890625
1761.51806640625
1399.4891357421875
1318.97314453125
1251.8543701171875
1198.118408203125
1157.4024658203125
1123.8712158203125
1089.309326171875
1065.020263671875
1039.114501953125
1019.1869506835938
996.7025146484375
972.62841796875
948.3883056640625
924.6424560546875
902.044189453125
883.85302734375
866.1646118164062
852.9911499023438
841.131591796875
829.9398803710938
818.6044921875
807.505615234375
796.7902221679688
786.1271362304688
775.8630981445312
764.765380859375
753.9140014648438
742.6219482421875
732.9783325195312
724.6195678710938
114.51936340332031
115.14275360107422
115.8335189819336
116.52975463867188
117.27605438232422
118.0116195678711
611.1676025390625
841.6663208007812
897.2786254882812
926.3181762695312
950.0004272460938
972.6326293945312
994.9331665039062
1017.9067993164062
1042.927734375
1069.83935546875
1097.1143798828125
1123.299072265625
1147.5350341796875
1169.0458984375
1187.7354736328125
1204.32666015625
1219.0675048828125
1231.3277587890625
1240.442138671875
1246.6298828125
1250.5611572265625
1251.9879150390625
1251.575927734375
1249.942138671875
1246.7335205078125
1241.8292236328125
1234.8536376953125
1225.3927001953125
1213.6614990234375
1199.683837890625
1183.6744384765625
1165.890869140625
1146.7158203125
1126.5181884765625
1105.919677734375
1084.828125
1063.397216796875
1041.7275390625
1020.126953125
998.4917602539062
976.9541015625
955.631591796875
934.5934448242188
913.9500122070312
893.7485961914062
873.9918212890625
854.71240234375
836.2647094726562
818.5792846679688
801.674072265625
785.595947265625
770.373046875
756.02001953125
742.5690307617188
