2043.6336669921875
2000.20361328125
2100.855224609375
2069.189697265625
2074.9951171875
2082.9990234375
2083.76611328125
2099.2216796875
2113.8388671875
2116.8623046875
2117.8388671875
2131.461669921875
2146.882080078125
2164.074462890625
2180.999267578125
2202.57275390625
2230.791015625
2256.934814453125
2281.83935546875
2308.101318359375
2338.253173828125
2379.910400390625
2435.249755859375
2511.31640625
2612.234130859375
2720.658203125
2847.477294921875
2992.415771484375
3143.9638671875
3293.07568359375
3445.886962890625
3603.80029296875
141.9618682861328
123.7371597290039
121.74246978759766
120.3185806274414
119.43083190917969
118.54631042480469
2671.625
3458.538330078125
3852.849365234375
4162.619140625
4443.29736328125
4742.5107421875
5062.92333984375
5397.90673828125
5703.41943359375
5968.88916015625
6189.44091796875
6392.849609375
6554.833984375
6455.61669921875
6139.75390625
5893.45947265625
5673.7021484375
5482.51123046875
5318.48291015625
5158.18408203125
4983.79833984375
4802.37548828125
4616.0517578125
4426.22119140625
4230.24853515625
4031.482177734375
3838.411865234375
3657.867919921875
3484.5712890625
3320.0908203125
3165.26123046875
3023.534423828125
2889.695556640625
2759.14697265625
2630.654296875
2510.1611328125
2390.64501953125
2268.877685546875
2154.127685546875
2051.36328125
1952.5570068359375
1850.958740234375
1747.051513671875
1655.2523193359375
1560.215087890625
1457.498779296875
1361.468017578125
1288.6961669921875
1236.6693115234375
1186.183349609375
1135.0369873046875
1086.439697265625
1044.188720703125
995.4909057617188
