2044.76416015625
1997.112548828125
2145.58935546875
2196.393798828125
2173.5009765625
2196.626953125
2238.894287109375
2288.775634765625
2330.278564453125
2386.541748046875
2453.263671875
2527.60205078125
2617.979248046875
2738.324462890625
2894.9267578125
3089.2509765625
3314.3251953125
3563.676025390625
3831.207763671875
4110.953125
4401.32470703125
4696.28369140625
4995.611328125
5295.5302734375
5598.697265625
5911.123046875
6235.20458984375
6572.07861328125
6949.35498046875
7410.5302734375
7858.298828125
8376.2158203125
232.77931213378906
205.6439971923828
223.8875274658203
250.98388671875
279.0477294921875
305.6749572753906
8938.48046875
10203.4345703125
9802.68359375
9582.7470703125
9402.7431640625
9242.79296875
9094.4296875
8956.265625
8819.5927734375
8679.177734375
8533.3564453125
8385.029296875
8234.6533203125
8081.23876953125
7925.9384765625
7768.85205078125
7610.0166015625
7449.8671875
7289.0146484375
7127.9052734375
6967.01806640625
6807.7041015625
6650.3916015625
6494.8486328125
6340.9111328125
6188.5869140625
6037.9755859375
5889.07666015625
5742.0966796875
5597.29638671875
5454.75146484375
5314.60546875
5177.33203125
5043.13330078125
4912.1962890625
4784.98779296875
4661.3525390625
4541.09326171875
4424.30419921875
4310.80517578125
4200.46484375
4093.393310546875
3989.330078125
3887.753173828125
3788.697265625
3691.8232421875
3597.124267578125
3504.052978515625
3412.984619140625
3324.9208984375
3239.39111328125
3156.227783203125
3075.428955078125
2996.8720703125
