2049.548095703125
2006.80517578125
2091.23974609375
2085.518798828125
2122.107666015625
2157.998779296875
2158.3759765625
2166.16162109375
2163.549072265625
2166.716796875
2179.407470703125
2195.32763671875
2220.85888671875
2250.549072265625
2285.843505859375
2323.451416015625
2362.95556640625
2410.623779296875
2467.142578125
2545.829345703125
2660.338623046875
2811.233642578125
2969.603271484375
3105.816650390625
3224.25927734375
3329.6494140625
3431.799560546875
3540.911865234375
3669.455322265625
3824.8310546875
3997.8603515625
4177.1064453125
115.04380798339844
110.7751235961914
112.11564636230469
112.71349334716797
113.19760131835938
113.56118774414062
2309.730224609375
3007.52587890625
3446.061279296875
4022.884033203125
4545.67626953125
5110.37255859375
5769.4228515625
6517.423828125
7061.06005859375
6453.478515625
6030.30419921875
5664.927734375
5326.12548828125
4999.39111328125
4655.44970703125
4321.5166015625
3996.8173828125
3706.60009765625
3497.120849609375
3385.339599609375
3022.431396484375
2798.270751953125
2654.01171875
2511.962158203125
2379.689208984375
2231.39208984375
2140.286865234375
2093.982177734375
2061.83544921875
2027.2626953125
1987.38818359375
1944.3953857421875
1900.5933837890625
1856.4580078125
1810.8692626953125
1766.1063232421875
1722.3896484375
1681.634033203125
1640.7852783203125
1599.98974609375
1559.47705078125
1519.172119140625
1479.3482666015625
1440.401123046875
1402.41552734375
1365.3377685546875
1329.379150390625
1294.3675537109375
1260.1522216796875
1226.8406982421875
1194.4542236328125
1163.078125
1132.790771484375
1103.608154296875
1075.541259765625
1048.58642578125
