2032.3701171875
1876.1019287109375
1753.97119140625
1610.3905029296875
1503.242919921875
1436.0726318359375
1410.2308349609375
1394.4849853515625
1384.3450927734375
1372.79541015625
1358.7091064453125
1346.7579345703125
1342.0718994140625
1341.757080078125
1345.037109375
1353.5777587890625
1371.376708984375
1401.509033203125
1443.02734375
1493.1107177734375
1548.8214111328125
1609.3824462890625
1673.2371826171875
1734.1636962890625
1792.7835693359375
1849.6884765625
1904.2713623046875
1956.057861328125
2006.1031494140625
2053.49609375
2096.8369140625
2135.933837890625
317.73040771484375
309.5619812011719
325.2138977050781
345.2177429199219
364.2525634765625
381.0379333496094
2486.7685546875
2500.39794921875
2497.134033203125
2525.05908203125
2565.7158203125
2601.40234375
2629.43994140625
2650.137451171875
2658.205322265625
2664.057861328125
2670.00439453125
2668.6318359375
2659.912841796875
2643.92822265625
2621.673583984375
2594.42578125
2561.873291015625
2539.419189453125
2524.505859375
2482.141357421875
2436.37890625
2387.9736328125
2337.532958984375
2285.49267578125
2232.337646484375
2177.459716796875
2122.515380859375
2067.878173828125
2013.7113037109375
1959.9886474609375
1906.6439208984375
1853.8192138671875
1801.6180419921875
1750.1070556640625
1699.5179443359375
1650.1363525390625
1601.9212646484375
1554.8994140625
1509.202880859375
1464.235107421875
1420.220458984375
1377.664306640625
1336.3935546875
1296.3636474609375
1257.6541748046875
1220.145751953125
1183.7335205078125
1148.3873291015625
1114.166015625
1081.048828125
1049.05615234375
1018.1006469726562
988.17138671875
959.284423828125
931.44921875
904.654052734375
