2068.745361328125
2036.20458984375
2005.3463134765625
2023.3717041015625
2075.118408203125
2061.138916015625
2046.0546875
2073.47314453125
2114.552490234375
2151.899169921875
2189.64208984375
2223.91748046875
2260.39794921875
2310.035400390625
2371.7294921875
2452.372802734375
2560.016357421875
2692.80322265625
2848.388916015625
3023.14892578125
3213.8525390625
3414.797607421875
3622.733642578125
3841.014892578125
4066.87548828125
4298.93310546875
4536.4248046875
4779.1171875
5027.96875
5283.89306640625
5544.9033203125
5814.5732421875
225.31153869628906
218.86770629882812
230.43618774414062
244.8307647705078
258.89599609375
271.47796630859375
6052.9208984375
6101.669921875
6055.5224609375
6123.04541015625
6285.2138671875
6512.17431640625
6789.87451171875
7108.00244140625
7498.57666015625
7881.607421875
8246.7109375
8597.15234375
8460.388671875
8305.177734375
8154.5791015625
8001.51171875
7841.05859375
7669.95361328125
7489.353515625
7301.1875
7103.865234375
6898.64013671875
6688.44482421875
6476.37353515625
6264.57958984375
6053.64794921875
5845.802734375
5641.23095703125
5439.94873046875
5242.1083984375
5047.7587890625
4861.208984375
4682.2431640625
4509.3984375
4342.5498046875
4181.53076171875
4025.83984375
3875.165771484375
3728.741943359375
3586.7314453125
3450.163330078125
3318.779541015625
3191.934326171875
3069.34033203125
2950.9453125
2836.444091796875
2725.80224609375
2619.040283203125
2516.206787109375
2417.390625
2322.653564453125
2232.02587890625
2145.53955078125
2063.22265625
