2084.99560546875
2064.630615234375
2028.36865234375
1996.1226806640625
2058.01953125
2083.23876953125
2074.947265625
2071.53955078125
2083.7998046875
2127.8203125
2165.77685546875
2186.76904296875
2188.866943359375
2190.837646484375
2206.044677734375
2219.2900390625
2247.34228515625
2287.152587890625
2328.74951171875
2378.98291015625
2456.176025390625
2549.764892578125
2628.124267578125
2691.246826171875
2767.514892578125
2835.576416015625
2930.08349609375
3050.080810546875
3197.921142578125
3395.581298828125
3636.270263671875
3919.058837890625
91.06783294677734
83.36775207519531
83.87297821044922
84.01566314697266
84.19891357421875
84.57804107666016
1375.96728515625
1725.05859375
4649.68505859375
5607.54052734375
6017.40966796875
6142.48193359375
5877.5615234375
5787.8935546875
5767.4697265625
5758.392578125
5763.953125
5788.1240234375
5820.8388671875
5857.3193359375
5897.0537109375
5936.0263671875
5972.11572265625
5993.6611328125
6006.04541015625
6026.19384765625
6039.37841796875
6041.791015625
6033.38037109375
6013.93798828125
5984.31103515625
5944.85400390625
5896.56005859375
5840.7353515625
5778.17138671875
5710.5517578125
5637.14501953125
5560.3515625
5481.048828125
5399.603515625
5315.67333984375
5229.37255859375
5141.71728515625
5052.34521484375
4961.572265625
4869.791015625
4777.42724609375
4684.9853515625
4592.7109375
4500.74072265625
4409.39697265625
4318.94873046875
4229.81787109375
4142.43017578125
4056.840087890625
3973.827880859375
3893.57470703125
3816.20556640625
3741.936279296875
3670.69189453125
3602.591796875
3537.43017578125
