2045.7156982421875
2012.3125
2034.9163818359375
2067.259765625
2046.7908935546875
2032.065673828125
2027.5667724609375
2035.9669189453125
2067.336669921875
2079.411865234375
2089.374755859375
2135.379638671875
2192.732666015625
2257.84228515625
2364.373291015625
2513.849609375
2699.746337890625
2911.834716796875
3144.605712890625
3396.764404296875
3666.572509765625
3959.157470703125
4279.21484375
4628.44873046875
5000.47265625
5390.75146484375
5807.8349609375
6259.66015625
6756.99267578125
7284.5927734375
7884.244140625
8533.0
393.1520080566406
428.21728515625
455.0845031738281
471.8827209472656
483.3003845214844
492.44036865234375
11043.138671875
11966.8359375
12538.80078125
13089.0263671875
13463.9462890625
13834.3642578125
14257.14453125
14734.6591796875
15260.388671875
15279.62890625
15147.6640625
15032.0224609375
14918.8408203125
14801.6328125
14676.0771484375
14537.3837890625
14381.890625
14210.7841796875
14021.78515625
13814.548828125
13590.0380859375
13349.572265625
13093.375
12824.9072265625
12546.4833984375
12260.33984375
11967.8974609375
11672.041015625
11373.2314453125
11063.4794921875
10767.412109375
10474.9716796875
10187.2841796875
9905.2880859375
9629.4365234375
9360.181640625
9097.2587890625
8842.181640625
8593.7373046875
8354.7861328125
8125.7978515625
7902.8759765625
7686.12353515625
7475.99462890625
7272.79345703125
7075.669921875
6884.17578125
6699.23388671875
6520.2626953125
6347.78955078125
6180.76953125
6018.7548828125
5861.75341796875
5709.73974609375
5562.92919921875
