2069.9365234375
2037.4041748046875
2003.7366943359375
2022.46435546875
2051.754638671875
2061.798828125
2095.486572265625
2121.24462890625
2139.25341796875
2165.50341796875
2198.215087890625
2243.85498046875
2296.443603515625
2357.3642578125
2424.562255859375
2494.550537109375
2571.430419921875
2672.9248046875
2803.2177734375
2959.15673828125
3134.248046875
3321.28857421875
3515.353759765625
3712.259765625
3910.114501953125
4108.95166015625
4306.4013671875
4501.390625
4695.05810546875
4883.83642578125
5065.07861328125
5239.81396484375
198.03240966796875
179.49954223632812
176.50332641601562
174.99758911132812
172.96835327148438
170.32672119140625
4234.45166015625
4545.92578125
4711.6572265625
4909.396484375
5095.34716796875
5308.22705078125
5559.79541015625
5833.69189453125
6106.85546875
6399.28955078125
6683.837890625
6979.52392578125
7241.79541015625
7462.80859375
7620.9921875
7724.470703125
7782.9423828125
7804.3583984375
7776.04443359375
7419.07666015625
6980.4404296875
6583.83349609375
6240.91064453125
5944.9111328125
5651.0888671875
5371.3505859375
5109.966796875
4877.53564453125
4666.65771484375
4467.1845703125
4280.423828125
4103.68603515625
3935.6572265625
3776.68359375
3623.103759765625
3473.468017578125
3331.542236328125
3200.315673828125
3080.617919921875
2970.713134765625
2868.20166015625
2769.762939453125
2676.222412109375
2587.34375
2503.047607421875
2423.005859375
2346.859375
2273.8701171875
2204.0302734375
2135.459228515625
2067.90576171875
2001.2633056640625
1935.9114990234375
1871.8248291015625
1812.0452880859375
