2063.6552734375
2028.7529296875
2025.445556640625
2088.001953125
2177.285400390625
2154.3974609375
2128.718994140625
2118.8583984375
2128.6240234375
2142.44775390625
2163.865478515625
2181.715576171875
2194.20361328125
2205.764892578125
2221.83056640625
2244.88671875
2268.5751953125
2292.368408203125
2321.984130859375
2366.548095703125
2437.46923828125
2535.94091796875
2652.881103515625
2788.39599609375
2940.677490234375
3106.416015625
3283.874755859375
3473.21826171875
3676.631103515625
3897.639404296875
4135.5517578125
4388.06787109375
159.2112274169922
153.5741424560547
162.15078735351562
171.06065368652344
177.237548828125
181.27037048339844
4597.42529296875
4951.93212890625
4960.33203125
5011.9560546875
5154.29638671875
5363.20947265625
5622.87548828125
5926.5048828125
6265.47314453125
6648.1376953125
7044.421875
7484.8232421875
7828.7861328125
7753.8212890625
7708.06103515625
7671.310546875
7616.02001953125
7542.4033203125
7455.44970703125
7352.16455078125
7233.16455078125
7097.30029296875
6946.2265625
6783.6875
6612.103515625
6429.62353515625
6235.82763671875
6044.48876953125
5854.9228515625
5667.54833984375
5481.40771484375
5297.27978515625
5118.71728515625
4943.349609375
4770.46923828125
4599.421875
4430.17529296875
4263.6982421875
4099.94384765625
3938.818115234375
3779.395263671875
3621.067626953125
3464.6103515625
3312.564453125
3165.985107421875
3025.05615234375
2890.1513671875
2760.60791015625
2636.175048828125
2515.62060546875
2400.556640625
2293.63330078125
2192.148193359375
2090.408447265625
