2085.0
2060.5849609375
2025.69140625
1999.1829833984375
2068.512939453125
2088.491943359375
2082.387939453125
2076.431640625
2077.292236328125
2081.320068359375
2100.417236328125
2088.924560546875
2006.545166015625
1955.4896240234375
1909.6693115234375
1878.8399658203125
1847.5877685546875
1816.5843505859375
1784.7523193359375
1765.3367919921875
1751.9078369140625
1741.0445556640625
1733.905029296875
1726.9327392578125
1723.433349609375
1730.0980224609375
1743.1875
1767.0712890625
1809.9691162109375
1848.1007080078125
1887.4595947265625
1985.7674560546875
114.44741821289062
118.06866455078125
119.17251586914062
119.63262939453125
119.85655975341797
119.99491119384766
1822.5498046875
2198.31689453125
2196.457763671875
2223.521240234375
2291.758056640625
2379.944580078125
2470.531494140625
2554.85205078125
2629.822021484375
2693.609130859375
2746.349853515625
2789.208984375
2823.037109375
2848.123291015625
2864.9716796875
2874.479736328125
2877.4208984375
2874.716552734375
2867.10205078125
2854.973388671875
2838.56396484375
2818.3671875
2795.59423828125
2770.61376953125
2744.03515625
2715.232177734375
2684.306396484375
2651.673095703125
2617.662841796875
2582.53515625
2546.387939453125
2509.40185546875
2471.798828125
2433.8291015625
2395.662841796875
2357.506591796875
2319.49755859375
2281.705078125
2244.170654296875
2206.927490234375
2170.023193359375
2133.5263671875
2097.471923828125
2061.91845703125
2026.8963623046875
1992.4219970703125
1958.495361328125
1925.2406005859375
1892.7674560546875
1860.9144287109375
1829.649169921875
1798.873779296875
1768.644287109375
1739.05126953125
