1817.11474609375
1381.26904296875
1109.1947021484375
946.97509765625
912.9088745117188
884.2296142578125
853.5669555664062
824.4424438476562
797.7071533203125
775.2487182617188
752.498291015625
729.7318115234375
707.2888793945312
685.392333984375
663.8380737304688
642.6029052734375
626.8079223632812
612.573974609375
597.1619262695312
580.5549926757812
565.010986328125
556.5746459960938
545.6193237304688
531.632080078125
516.464111328125
500.8329772949219
485.16253662109375
468.8203125
452.03302001953125
434.8921203613281
420.0229797363281
405.6030578613281
122.92800903320312
125.54943084716797
125.93356323242188
126.31409454345703
126.67816925048828
127.0015640258789
432.645751953125
411.68597412109375
419.34869384765625
400.6284484863281
393.42138671875
390.1873474121094
382.6537780761719
371.99969482421875
360.1455993652344
349.6136169433594
345.81451416015625
349.82855224609375
353.9505310058594
355.852294921875
357.0269470214844
358.4005126953125
361.61383056640625
368.1639099121094
378.72235107421875
392.5684814453125
408.9744567871094
427.23126220703125
449.5706787109375
476.3965759277344
504.39013671875
533.4573364257812
563.1495361328125
592.5651245117188
620.870361328125
647.986328125
673.283203125
696.9380493164062
719.033203125
739.3878173828125
758.1801147460938
775.6859130859375
791.0890502929688
803.9811401367188
814.2660522460938
822.005126953125
827.4581298828125
830.6640014648438
831.8743286132812
831.3347778320312
829.2027587890625
825.6427612304688
820.8238525390625
814.9286499023438
808.1102294921875
800.6009521484375
792.5565185546875
783.8760375976562
774.8099365234375
765.44287109375
