0.006547532510012388
0.007070987485349178
0.007740910165011883
0.008351366966962814
0.008839476853609085
0.00930752418935299
0.009553877636790276
0.009736867621541023
0.009877968579530716
0.009949347004294395
0.010027258656919003
0.010104918852448463
0.010183299891650677
0.010256924666464329
0.010323240421712399
0.010392604395747185
0.010466876439750195
0.010548826307058334
0.010637779720127583
0.010731364600360394
0.01084109302610159
0.010972419753670692
0.011131683364510536
0.011318790726363659
0.011541886255145073
0.011796257458627224
0.012068105861544609
0.012350303120911121
0.012641841545701027
0.012919364497065544
0.013166185468435287
0.013425185345113277
0.0008316620951518416
0.0007773420657031238
0.0007694766973145306
0.0007729147910140455
0.000778710120357573
0.0007842775667086244
0.013199714943766594
0.01376931183040142
0.014128419570624828
0.014406836591660976
0.01465481799095869
0.014906927943229675
0.015178120695054531
0.0154725331813097
0.0157918743789196
0.01613459177315235
0.016499409452080727
0.016887051984667778
0.017303643748164177
0.017750756815075874
0.01817488670349121
0.018618503585457802
0.01906355284154415
0.019504675641655922
0.019937308505177498
0.020374109968543053
0.020823471248149872
0.02128991112112999
0.021770911291241646
0.02226509526371956
0.022774742916226387
0.02329537644982338
0.023823358118534088
0.02435237541794777
0.024876220151782036
0.025397488847374916
0.025921743363142014
0.026447849348187447
0.026976684108376503
0.02750626765191555
0.028032798320055008
0.028553709387779236
0.02906649559736252
0.029569806531071663
0.03007115051150322
0.030571307986974716
0.03106534481048584
0.031548596918582916
0.0320163257420063
0.03246842697262764
0.03290592506527901
0.03332630544900894
0.03373229503631592
0.03411916270852089
0.034488748759031296
0.03482981026172638
0.03513044863939285
0.035394683480262756
0.035628754645586014
0.035832468420267105
