0.1607387214899063
0.1797342151403427
0.20364241302013397
0.20819665491580963
0.209156796336174
0.20999468863010406
0.2107895463705063
0.2115362584590912
0.2122499793767929
0.2133301943540573
0.21409104764461517
0.21508237719535828
0.21579384803771973
0.21647728979587555
0.21759575605392456
0.218782439827919
0.21988500654697418
0.22091546654701233
0.22198009490966797
0.22306202352046967
0.2242325097322464
0.22566497325897217
0.2274448424577713
0.22970779240131378
0.23245316743850708
0.23562976717948914
0.23920193314552307
0.24314568936824799
0.24762071669101715
0.2526569664478302
0.2582031190395355
0.26418235898017883
0.012615968473255634
0.012065529823303223
0.012097364291548729
0.01219245046377182
0.012286795303225517
0.012365101836621761
0.2425568848848343
0.2535151541233063
0.2608643174171448
0.2696685791015625
0.28084859251976013
0.3050209581851959
0.33274075388908386
0.3643563389778137
0.3762165904045105
0.3677637279033661
0.3593478202819824
0.3511064350605011
0.34286776185035706
0.33453378081321716
0.326113224029541
0.3176059126853943
0.3090718388557434
0.30069616436958313
0.2915855646133423
0.282500684261322
0.2734617590904236
0.2645781934261322
0.256036639213562
0.24790853261947632
0.23997007310390472
0.23214015364646912
0.2245083600282669
0.2172107696533203
0.21010473370552063
0.20306551456451416
0.19607587158679962
0.18904143571853638
0.1822035312652588
0.1759057343006134
0.17286290228366852
0.16987167298793793
0.1639007329940796
0.1581861525774002
0.15323887765407562
0.14887084066867828
0.14519146084785461
0.1425447165966034
0.14041763544082642
0.13876834511756897
0.1399078220129013
0.14320525527000427
0.14818540215492249
0.15440258383750916
0.16167974472045898
0.16959328949451447
0.1771462857723236
0.18507608771324158
0.19323110580444336
0.2016162872314453
0.2104208916425705
