0.037898968905210495
0.03973497450351715
0.04293731227517128
0.04624311998486519
0.048979081213474274
0.051491957157850266
0.05242759734392166
0.05265764147043228
0.05287802591919899
0.05305802449584007
0.05335690453648567
0.053686004132032394
0.05396134778857231
0.05420795455574989
0.054477449506521225
0.0547914132475853
0.05510668829083443
0.0554070807993412
0.05570252612233162
0.05599694699048996
0.05629269406199455
0.05659916251897812
0.05694716423749924
0.057354263961315155
0.05782346799969673
0.058352988213300705
0.05894523486495018
0.059596944600343704
0.06029633432626724
0.06103353574872017
0.06180174648761749
0.06259416043758392
0.0036889780312776566
0.003494675736874342
0.003400936722755432
0.003339092480018735
0.0032946504652500153
0.0032619009725749493
0.05731412023305893
0.06014939025044441
0.061733439564704895
0.06294676661491394
0.06407680362462997
0.06518746167421341
0.06630939245223999
0.06747172027826309
0.06869647651910782
0.06997311860322952
0.07129301130771637
0.0726306140422821
0.07394763827323914
0.0752449631690979
0.07654494047164917
0.07786985486745834
0.07922817766666412
0.08049772679805756
0.08179337531328201
0.08315952122211456
0.0845986008644104
0.08610394597053528
0.08763178437948227
0.08917093276977539
0.09071830660104752
0.09202665090560913
0.09305858612060547
0.09396969527006149
0.09483377635478973
0.09583759307861328
0.09684547036886215
0.09776502102613449
0.09863801300525665
0.09945478290319443
0.10023318231105804
0.101020447909832
0.10183867067098618
0.1027168408036232
0.103614442050457
0.10454849153757095
0.10567328333854675
0.10683462023735046
0.10805155336856842
0.10590390115976334
0.10265818983316422
0.09962476044893265
0.09666779637336731
0.09387087821960449
0.09122944623231888
0.08869297057390213
0.08620361238718033
0.08382309228181839
0.08161098510026932
0.07946062088012695
