0.006552709732204676
0.007082502357661724
0.007756494916975498
0.008369378745555878
0.008862430229783058
0.009340050630271435
0.009582623839378357
0.009771685115993023
0.009894447401165962
0.009962075389921665
0.010041666217148304
0.010122571140527725
0.010201660916209221
0.010274085216224194
0.010345127433538437
0.010421144776046276
0.01050015352666378
0.010590668767690659
0.010686769150197506
0.010790908709168434
0.010916533879935741
0.01107048150151968
0.011253994889557362
0.011470068246126175
0.011723133735358715
0.01200047880411148
0.01229032501578331
0.01258914265781641
0.012882856652140617
0.013133220374584198
0.01339644007384777
0.013666692189872265
0.0008474555215798318
0.0007984695839695632
0.0007925319951027632
0.0007959963986650109
0.0008010921301320195
0.000805739255156368
0.013438170775771141
0.014004910364747047
0.01436864398419857
0.014657030813395977
0.014921217225492
0.015188788063824177
0.01547268033027649
0.01578107662498951
0.01611463539302349
0.01647285930812359
0.016856223344802856
0.017269518226385117
0.017713887616991997
0.01814921759068966
0.018593061715364456
0.0190442968159914
0.019492505118250847
0.01993332989513874
0.020377926528453827
0.020835356786847115
0.021310338750481606
0.021803056821227074
0.022309450432658195
0.02282845228910446
0.023356201127171516
0.023888247087597847
0.02441374398767948
0.024933401495218277
0.025449970737099648
0.025967244058847427
0.026486806571483612
0.02700923942029476
0.02753194235265255
0.028052354231476784
0.028567491099238396
0.029075853526592255
0.02957814931869507
0.03009071946144104
0.030596503987908363
0.031095493584871292
0.03157534822821617
0.032038748264312744
0.03248043730854988
0.03289481997489929
0.03328284993767738
0.03364996984601021
0.03397378325462341
0.03426475450396538
0.034523844718933105
0.03473996743559837
0.034918952733278275
0.03506644815206528
0.035189542919397354
0.03528952598571777
