0.02249518595635891
0.026855850592255592
0.028678609058260918
0.029839133843779564
0.030697455629706383
0.031029067933559418
0.031068876385688782
0.03103450872004032
0.031039472669363022
0.031095430254936218
0.031226828694343567
0.03138655424118042
0.03159656748175621
0.031882867217063904
0.032191380858421326
0.03249376267194748
0.03278272971510887
0.03305443376302719
0.0333184115588665
0.03359014913439751
0.03387269377708435
0.034166768193244934
0.03448762744665146
0.034856896847486496
0.03528719022870064
0.035781729966402054
0.03633479028940201
0.03694213926792145
0.03759688884019852
0.0382910892367363
0.039006564766168594
0.039754241704940796
0.001802278682589531
0.00145686324685812
0.0014349257107824087
0.0013956086477264762
0.001370005775243044
0.001373343518935144
0.03229743614792824
0.03662518411874771
0.03949941322207451
0.04140749201178551
0.04172343388199806
0.04090084135532379
0.04028351977467537
0.0397532694041729
0.03925686702132225
0.03876817598938942
0.038272399455308914
0.0377487875521183
0.03712284192442894
0.036493878811597824
0.035856518894433975
0.03520584851503372
0.03454463928937912
0.03386901691555977
0.03318684920668602
0.032514918595552444
0.03183764964342117
0.03115381859242916
0.030468357726931572
0.029784830287098885
0.029099399223923683
0.028408778831362724
0.02771768905222416
0.027023280039429665
0.026333928108215332
0.025648202747106552
0.02496684156358242
0.02429339289665222
0.023629404604434967
0.022978302091360092
0.022338686510920525
0.021709710359573364
0.021093962714076042
0.020491162315011024
0.019901545718312263
0.01932600699365139
0.018764406442642212
0.018217366188764572
0.017685718834400177
0.017168795689940453
0.016665559262037277
0.016174916177988052
0.01570397987961769
0.015255343168973923
0.014827225357294083
0.014416876249015331
0.014021764509379864
0.013639654032886028
0.013269303366541862
0.012910597957670689
