0.007660553324967623
0.008520552888512611
0.009568855166435242
0.010691137053072453
0.011078890413045883
0.011192267760634422
0.011254001408815384
0.011322240345180035
0.011395350098609924
0.01151401735842228
0.011635671369731426
0.011760328896343708
0.01188304740935564
0.011986671946942806
0.012084788642823696
0.012185345403850079
0.012303339317440987
0.012441987171769142
0.012600868940353394
0.012787685729563236
0.013006224296987057
0.013253385201096535
0.013527165167033672
0.013823158107697964
0.014129717834293842
0.014411864802241325
0.01468721218407154
0.014971147291362286
0.015269841067492962
0.015572271309792995
0.015878470614552498
0.016187770292162895
0.0008658512961119413
0.0008221449097618461
0.0008170948131009936
0.0008215801208280027
0.0008282760391011834
0.0008349355775862932
0.015440373681485653
0.016184022650122643
0.016497302800416946
0.016706516966223717
0.01692963019013405
0.017201850190758705
0.017526064068078995
0.0178939588367939
0.018299993127584457
0.018731875345110893
0.019167790189385414
0.019612014293670654
0.02006341516971588
0.020527219399809837
0.021006595343351364
0.02151290327310562
0.02193315327167511
0.022333333268761635
0.02272629179060459
0.023108631372451782
0.023468321189284325
0.023812510073184967
0.023389242589473724
0.02283419668674469
0.02230476401746273
0.021789317950606346
0.02128264307975769
0.020783428102731705
0.020292948931455612
0.019808810204267502
0.01933188922703266
0.018863435834646225
0.01840374805033207
0.01795424334704876
0.017514310777187347
0.01708359643816948
0.0166622344404459
0.01625083014369011
0.015850678086280823
0.015462852083146572
0.01508598867803812
0.014719474129378796
0.014362601563334465
0.014014619402587414
0.013675323687493801
0.013344570063054562
0.013022108003497124
0.012707460671663284
0.012403616681694984
0.012110879644751549
0.01182851567864418
0.011555938050150871
0.011291103437542915
0.011032620444893837
