0.006574408151209354
0.007094239816069603
0.0078079309314489365
0.00843717623502016
0.008940703235566616
0.009420240297913551
0.00976510252803564
0.009897122159600258
0.009966474957764149
0.010041313245892525
0.010126492939889431
0.01020408421754837
0.010265032760798931
0.010340585373342037
0.010419436730444431
0.010500488802790642
0.010587974451482296
0.010682633146643639
0.01078834105283022
0.010916450060904026
0.011075855232775211
0.011263256892561913
0.011475397273898125
0.011709439568221569
0.011961795389652252
0.012230925261974335
0.012513497844338417
0.012807830236852169
0.013059301301836967
0.013318480923771858
0.013589022681117058
0.013870041817426682
0.000868023547809571
0.0007963471580296755
0.0007881273631937802
0.0007926070829853415
0.0007992146420292556
0.0008054393110796809
0.013784775510430336
0.014385377056896687
0.01469499059021473
0.014933248050510883
0.015169116668403149
0.015426847152411938
0.015715723857283592
0.01603875495493412
0.016397368162870407
0.01679164171218872
0.017222369089722633
0.017708670347929
0.01818196102976799
0.018656183034181595
0.019114576280117035
0.01954687386751175
0.01998509094119072
0.020424989983439445
0.020869700238108635
0.021318672224879265
0.02177034504711628
0.022221818566322327
0.022670842707157135
0.02311471663415432
0.023550797253847122
0.02397012710571289
0.024378782138228416
0.02478087693452835
0.02517867274582386
0.025572212412953377
0.025962432846426964
0.026349233463406563
0.026731351390480995
0.02710777148604393
0.027479052543640137
0.027846720069646835
0.028219586238265038
0.028597459197044373
0.02897406369447708
0.02934342995285988
0.029700636863708496
0.030047496780753136
0.030376464128494263
0.030683893710374832
0.03097159042954445
0.03124229982495308
0.031502045691013336
0.03173964470624924
0.031937096267938614
0.03209054470062256
0.03220092132687569
0.03227326273918152
0.032312940806150436
0.03232770040631294
