6.9299750328063965
7.900666236877441
10.129552841186523
12.869721412658691
14.969056129455566
14.9197416305542
14.587714195251465
14.132033348083496
14.165793418884277
14.62004566192627
15.396974563598633
16.198917388916016
16.835660934448242
17.372365951538086
17.890029907226562
18.491260528564453
18.927377700805664
19.37102699279785
20.018165588378906
20.848894119262695
21.9105167388916
23.338436126708984
25.09357452392578
27.11298942565918
29.459230422973633
32.33413314819336
35.87641143798828
40.231319427490234
45.53565979003906
51.548831939697266
57.30009460449219
63.361934661865234
0.6013697981834412
1.079284906387329
0.8724848628044128
0.8598031997680664
0.861511766910553
0.8705068826675415
19.25084686279297
30.645111083984375
64.05499267578125
102.6344223022461
113.414794921875
121.05095672607422
129.15611267089844
139.3190155029297
152.09954833984375
166.73533630371094
182.5314483642578
198.8762664794922
215.54620361328125
232.53817749023438
250.18194580078125
268.1375427246094
280.48626708984375
288.51373291015625
296.6265869140625
303.9176940917969
310.0806579589844
315.4847717285156
320.23907470703125
324.5570983886719
328.57745361328125
332.37176513671875
335.9164123535156
339.1671142578125
342.1183166503906
344.5616760253906
346.5006408691406
347.9703369140625
349.0592956542969
349.90545654296875
350.50091552734375
350.77105712890625
350.85272216796875
350.771484375
350.5433349609375
350.21844482421875
349.78240966796875
349.3284912109375
348.87091064453125
348.1240234375
346.98223876953125
345.82293701171875
344.8002014160156
343.8158874511719
342.8435363769531
341.85821533203125
340.85272216796875
339.8240966796875
338.77362060546875
337.6997375488281
