3.920809030532837
4.595126152038574
5.982799053192139
7.403792858123779
8.426419258117676
7.952699661254883
7.394791126251221
7.1404218673706055
7.150783061981201
7.342357635498047
7.663922309875488
8.092836380004883
8.625799179077148
9.197249412536621
9.784727096557617
9.966303825378418
10.1221923828125
10.19271183013916
10.218266487121582
10.253500938415527
10.333081245422363
10.46629810333252
10.628881454467773
10.827513694763184
11.052385330200195
11.280915260314941
11.510066986083984
11.738557815551758
11.962236404418945
12.197182655334473
12.44590950012207
12.706992149353027
0.2975427508354187
0.22707214951515198
0.22632703185081482
0.23099201917648315
0.2359040379524231
0.24140916764736176
13.789669036865234
14.796930313110352
15.049470901489258
15.212837219238281
15.428791046142578
15.680217742919922
15.96043872833252
16.355052947998047
16.768409729003906
17.161100387573242
17.533855438232422
17.88951873779297
18.232025146484375
18.56353759765625
18.885622024536133
19.201261520385742
19.51209259033203
19.81810188293457
20.118759155273438
20.413833618164062
20.703025817871094
20.986371994018555
21.263259887695312
21.534013748168945
21.80221176147461
22.066429138183594
22.326393127441406
22.58176612854004
22.83274269104004
23.07940673828125
23.320384979248047
23.554244995117188
23.669775009155273
23.780193328857422
23.995182037353516
24.20946502685547
24.417678833007812
24.617565155029297
24.80887794494629
24.992176055908203
25.168899536132812
25.34470558166504
25.52012825012207
25.69513702392578
25.869409561157227
26.042753219604492
26.21282958984375
26.37879753112793
26.54073715209961
26.6998348236084
26.86602783203125
27.07736587524414
27.2698974609375
27.452795028686523
27.62952423095703
