0.03718844801187515
0.040132153779268265
0.04388297349214554
0.04807821661233902
0.05056708678603172
0.051422636955976486
0.05169074237346649
0.051890455186367035
0.05214695259928703
0.05256976559758186
0.052999041974544525
0.053476732224226
0.05395416542887688
0.05443456023931503
0.05489381402730942
0.055338166654109955
0.05584537982940674
0.056484293192625046
0.057261012494564056
0.05818082392215729
0.05922262370586395
0.06037536635994911
0.06163058802485466
0.06299769133329391
0.06450391560792923
0.06614316254854202
0.06786599010229111
0.06967891752719879
0.07156961411237717
0.07353689521551132
0.07561513781547546
0.07777085900306702
0.0044081867672502995
0.0042569637298583984
0.004192206542938948
0.004158321302384138
0.004148266278207302
0.0041484828107059
0.07207996398210526
0.07466673105955124
0.07669458538293839
0.07862691581249237
0.07959390431642532
0.08061715215444565
0.08273055404424667
0.0850011482834816
0.08768720179796219
0.09021077305078506
0.09277627617120743
0.09528893977403641
0.09785696119070053
0.10095667839050293
0.10392851382493973
0.10643346607685089
0.10851608961820602
0.11015625298023224
0.11152945458889008
0.1127224788069725
0.11381004005670547
0.11434981971979141
0.11489437520503998
0.11610555648803711
0.11758456379175186
0.11860569566488266
0.11424382030963898
0.10938103497028351
0.10513383150100708
0.10115312039852142
0.09738577902317047
0.09381434321403503
0.09058177471160889
0.0890154093503952
0.08753839135169983
0.08486133813858032
0.08232591301202774
0.07987511903047562
0.07763567566871643
0.07519932091236115
0.07275331020355225
0.07030580937862396
0.06834345310926437
0.06660472601652145
0.06496725976467133
0.06342969089746475
0.06201331317424774
0.060687679797410965
0.059483617544174194
0.058484259992837906
0.05761568620800972
0.0568079873919487
0.056070175021886826
0.05540177971124649
0.054775819182395935
0.054205521941185
0.05368967726826668
