0.007695605047047138
0.00859739724546671
0.009624120779335499
0.010746587067842484
0.011098038405179977
0.011197920888662338
0.011264740489423275
0.011345088481903076
0.011462625116109848
0.011629752814769745
0.011794927529990673
0.011959542520344257
0.012118618004024029
0.012278768233954906
0.012453329749405384
0.012665858492255211
0.012929652817547321
0.013246076181530952
0.013602960854768753
0.013990170322358608
0.014353718608617783
0.014702077023684978
0.015060322359204292
0.015437651425600052
0.015825334936380386
0.016220102086663246
0.01662343554198742
0.017036639153957367
0.017463311553001404
0.017905179411172867
0.018359705805778503
0.018829304724931717
0.0010126823326572776
0.0009790383046492934
0.0009769313037395477
0.000981952529400587
0.0009878877317532897
0.0009929887019097805
0.018133388832211494
0.018828589469194412
0.019068937748670578
0.0191569235175848
0.019253481179475784
0.01954692043364048
0.01994968391954899
0.020453454926609993
0.0210378747433424
0.021692566573619843
0.022308725863695145
0.022950325161218643
0.023593591526150703
0.023774603381752968
0.023004543036222458
0.022277314215898514
0.021575022488832474
0.02088749036192894
0.020214177668094635
0.019554132595658302
0.018910784274339676
0.018286533653736115
0.01768200285732746
0.017096158117055893
0.016528049483895302
0.01597754657268524
0.015445346012711525
0.014927716925740242
0.01442292332649231
0.013931450434029102
0.01346011646091938
0.013013049960136414
0.012588473036885262
0.012184002436697483
0.011797700077295303
0.011426874436438084
0.011070563457906246
0.010728694498538971
0.010400939732789993
0.01008718553930521
0.009787250310182571
0.009500771760940552
0.009227082133293152
0.008965602144598961
0.008715246804058552
0.008475510403513908
0.008247362449765205
0.00802943017333746
0.007821171544492245
0.007621853146702051
0.007430870085954666
0.007247735746204853
0.0070719243958592415
0.00690327025949955
0.0067403363063931465
