0.024444296956062317
0.02693438157439232
0.030346306040883064
0.033256445080041885
0.03382463380694389
0.03410138189792633
0.0344662219285965
0.03471430391073227
0.03495067358016968
0.035183683037757874
0.03542524576187134
0.03571881726384163
0.03604956343770027
0.036418695002794266
0.036817021667957306
0.03721516206860542
0.037624020129442215
0.03809020295739174
0.038644447922706604
0.039287351071834564
0.04000847414135933
0.040792886167764664
0.04164142534136772
0.04252072796225548
0.043420612812042236
0.04434338957071304
0.04528941214084625
0.04625522345304489
0.04723639041185379
0.04822147637605667
0.049205899238586426
0.05019450932741165
0.002680349163711071
0.002569508971646428
0.00254232669249177
0.002530954545363784
0.002521528396755457
0.0025110961869359016
0.045035116374492645
0.0476447157561779
0.04917388781905174
0.050425224006175995
0.05165370926260948
0.05298640951514244
0.05443490296602249
0.05602552369236946
0.057469211518764496
0.05873703211545944
0.059999264776706696
0.06122581288218498
0.06244434416294098
0.06362265348434448
0.06472480297088623
0.06576597690582275
0.06678358465433121
0.06783086806535721
0.06886885315179825
0.06551719456911087
0.06388113647699356
0.06239866092801094
0.0597526952624321
0.057248715311288834
0.054761894047260284
0.05277790129184723
0.05106441304087639
0.049380626529455185
0.04782215133309364
0.04633369669318199
0.044886551797389984
0.04344615712761879
0.04199604690074921
0.04056140407919884
0.0391668975353241
0.03782181814312935
0.036510270088911057
0.035227786749601364
0.03397553041577339
0.032755620777606964
0.03167543560266495
0.030681388452649117
0.029879460111260414
0.029174434021115303
0.028544725850224495
0.027993254363536835
0.027503956109285355
0.027056362479925156
0.02663722261786461
0.026234542950987816
0.025835368782281876
0.025437384843826294
0.02505086362361908
0.02468215860426426
0.024332376196980476
