0.03791418299078941
0.040256671607494354
0.042712777853012085
0.0445542149245739
0.04671209678053856
0.04862220212817192
0.05187101662158966
0.052676811814308167
0.05308263376355171
0.053546469658613205
0.05408374220132828
0.05456547811627388
0.05512700229883194
0.055680494755506516
0.05623194947838783
0.05676692724227905
0.05734746903181076
0.05801702290773392
0.0587930865585804
0.05967437103390694
0.06065273657441139
0.061716098338365555
0.06284631788730621
0.06407146900892258
0.06553009152412415
0.0672626793384552
0.06900668144226074
0.07072793692350388
0.07242496311664581
0.07413362711668015
0.0758901834487915
0.07771823555231094
0.07966216653585434
0.08162974566221237
0.004630097653716803
0.004378982819616795
0.004261319059878588
0.004194580018520355
0.0041547720320522785
0.004131029359996319
0.07407497614622116
0.07892448455095291
0.08215608447790146
0.08480075746774673
0.08718118071556091
0.08954016119241714
0.09168343991041183
0.09407852590084076
0.09670619666576385
0.10067656636238098
0.10570897161960602
0.11100567877292633
0.11668016016483307
0.1225695088505745
0.12839052081108093
0.1342247873544693
0.13026121258735657
0.12446527928113937
0.11923310160636902
0.11430036276578903
0.1095898449420929
0.10509215295314789
0.10082738101482391
0.09679388999938965
0.09297339618206024
0.08934403955936432
0.0858914703130722
0.08260274678468704
0.07946507632732391
0.0764663815498352
0.0736258253455162
0.07094831019639969
0.06842707842588425
0.06605035811662674
0.06380490213632584
0.06235537305474281
0.06163932755589485
0.05963834747672081
0.057708874344825745
0.05586831644177437
0.05411059781908989
0.0524192675948143
0.05081197991967201
0.04927285388112068
0.047800108790397644
0.0463959164917469
0.04505239054560661
0.04377616569399834
0.04256449267268181
0.04141182079911232
0.04031379893422127
0.03925835341215134
0.03824128210544586
0.03725805506110191
0.03631194308400154
