6.986419200897217
8.194681167602539
10.87132740020752
14.315436363220215
15.466333389282227
15.46323013305664
14.946603775024414
15.108466148376465
15.89610767364502
16.893096923828125
17.759925842285156
18.53380012512207
19.370397567749023
20.014057159423828
20.762178421020508
21.69702911376953
23.128694534301758
25.148759841918945
27.692302703857422
30.73207664489746
34.53863525390625
39.356117248535156
45.46565246582031
52.404415130615234
59.19092559814453
66.59014892578125
74.09109497070312
81.84526824951172
89.79249572753906
98.22396087646484
107.66029357910156
118.31131744384766
3.682020902633667
3.2223761081695557
2.6844887733459473
2.6033496856689453
2.6176035404205322
2.601581573486328
53.52931594848633
89.99744415283203
171.76617431640625
191.01751708984375
206.5916748046875
222.5395965576172
240.04043579101562
255.92703247070312
264.25714111328125
273.76171875
282.12628173828125
288.8443908691406
294.4209899902344
299.24395751953125
303.597900390625
307.4694519042969
310.9021301269531
313.9792785644531
316.7195129394531
319.0862121582031
320.9505920410156
322.1365051269531
322.9019470214844
323.3883056640625
323.5007629394531
323.4114685058594
323.3067626953125
323.2083740234375
323.0419006347656
322.82733154296875
322.62176513671875
322.4916076660156
322.35675048828125
321.75421142578125
320.84515380859375
319.9304504394531
319.0612487792969
318.2686462402344
317.5148010253906
316.7386474609375
315.9378967285156
315.1180725097656
314.2846984863281
313.430419921875
312.5650329589844
311.68536376953125
310.8258361816406
309.98590087890625
309.1617736816406
308.3491516113281
307.5453796386719
306.74615478515625
306.0231628417969
305.3233947753906
