6.982917785644531
8.168665885925293
10.816213607788086
14.207830429077148
15.403565406799316
15.423724174499512
14.87271785736084
14.99095344543457
15.72618579864502
16.72064781188965
17.586008071899414
18.330631256103516
19.10840606689453
19.77470588684082
20.442140579223633
21.28304672241211
22.500656127929688
24.23076820373535
26.49529266357422
29.225141525268555
32.5544319152832
36.71955490112305
42.01785659790039
48.648494720458984
55.185630798339844
62.246734619140625
69.11309814453125
76.35563659667969
83.87519073486328
91.7735595703125
100.26911926269531
109.88489532470703
3.129255533218384
2.6324219703674316
2.265791893005371
2.225005865097046
2.24471116065979
2.236421585083008
46.34278106689453
73.74684143066406
156.60789489746094
175.43310546875
190.61766052246094
205.92263793945312
222.53802490234375
240.5404815673828
251.67027282714844
260.8424072265625
269.99285888671875
277.93170166015625
284.7528991699219
290.1768798828125
294.6814270019531
298.6815185546875
302.20501708984375
305.3281555175781
308.1468811035156
310.7341003417969
312.00567626953125
313.109619140625
315.0856018066406
316.7049560546875
317.7392578125
318.4595031738281
318.8150939941406
318.933349609375
318.9692077636719
319.09063720703125
319.23388671875
319.2903137207031
319.2944030761719
319.27813720703125
319.23760986328125
319.1588134765625
319.0433654785156
318.55902099609375
317.68353271484375
316.784423828125
315.933349609375
315.09979248046875
314.2854919433594
313.48681640625
312.7035217285156
311.936279296875
311.16961669921875
310.3878173828125
309.6077575683594
308.8524475097656
308.11724853515625
307.39385986328125
306.6730041503906
305.9602966308594
305.3441467285156
