0.09652326256036758
0.1063193678855896
0.11862574517726898
0.12607480585575104
0.13232402503490448
0.1378743052482605
0.14205826818943024
0.1439025104045868
0.1453845351934433
0.14684073626995087
0.1481425166130066
0.14910092949867249
0.14981229603290558
0.15054036676883698
0.15129846334457397
0.15205365419387817
0.15277481079101562
0.1535264402627945
0.154266819357872
0.15509237349033356
0.15590700507164001
0.15674814581871033
0.1576298624277115
0.15850648283958435
0.15939751267433167
0.16032721102237701
0.1615622192621231
0.16302873194217682
0.1654878407716751
0.16833768784999847
0.17132733762264252
0.17444929480552673
0.024315709248185158
0.01810985989868641
0.014741988852620125
0.012022603303194046
0.010918251238763332
0.010275926440954208
0.1370057910680771
0.14456646144390106
0.1489103138446808
0.15371839702129364
0.15940271317958832
0.16963674128055573
0.17866967618465424
0.18670852482318878
0.19394336640834808
0.20090332627296448
0.20747043192386627
0.21382001042366028
0.21999919414520264
0.2262556254863739
0.23289506137371063
0.24031420052051544
0.25119292736053467
0.2624337077140808
0.2733426094055176
0.28381162881851196
0.2964954972267151
0.3127153217792511
0.33416303992271423
0.3596453368663788
0.3909395933151245
0.38866862654685974
0.389827698469162
0.3947555720806122
0.4020377993583679
0.40862467885017395
0.4154207110404968
0.4230264723300934
0.431304931640625
2.5198469161987305
7.0091376304626465
10.515368461608887
13.595921516418457
16.001012802124023
17.82864761352539
19.22157096862793
20.284133911132812
21.11450958251953
21.848342895507812
22.393043518066406
22.796709060668945
23.09056854248047
23.299949645996094
23.446704864501953
23.57024383544922
23.677587509155273
23.766904830932617
23.840259552001953
23.878765106201172
23.87621307373047
23.843034744262695
23.80112075805664
