0.4841972291469574
0.5209579467773438
0.7150553464889526
0.9909077286720276
1.0159952640533447
1.020661473274231
1.0266287326812744
1.0354889631271362
1.0453859567642212
1.0589301586151123
1.0750861167907715
1.0955866575241089
1.109529733657837
1.1214444637298584
1.134791374206543
1.1506352424621582
1.166274070739746
1.1811984777450562
1.1945877075195312
1.2105705738067627
1.2342956066131592
1.2663319110870361
1.3002444505691528
1.3377937078475952
1.3799647092819214
1.4332916736602783
1.4985495805740356
1.5831090211868286
1.697634220123291
1.8507142066955566
2.0291967391967773
2.0189337730407715
0.03399405628442764
0.03388166427612305
0.03384700417518616
0.03383183106780052
0.036708980798721313
0.03686077147722244
1.3922818899154663
2.217017650604248
2.3970041275024414
15.71765422821045
24.22300910949707
30.831754684448242
36.952362060546875
43.026885986328125
50.36603927612305
58.557125091552734
68.28663635253906
78.74970245361328
88.59940338134766
97.87268829345703
106.74205017089844
115.2856216430664
123.43318176269531
131.23597717285156
137.93695068359375
143.6832275390625
148.67041015625
153.0142364501953
156.82948303222656
159.9938201904297
162.67845153808594
165.30674743652344
167.2489013671875
168.71897888183594
169.8721466064453
170.4190216064453
170.38514709472656
170.07933044433594
169.60147094726562
169.0117950439453
168.3534393310547
167.72064208984375
167.10337829589844
166.47708129882812
165.82720947265625
165.1591339111328
164.45802307128906
163.71742248535156
162.95628356933594
162.19630432128906
161.4152069091797
160.614990234375
159.80506896972656
158.9960479736328
158.22750854492188
157.5038604736328
156.8427734375
156.23194885253906
155.6549530029297
155.10195922851562
