0.04023345932364464
0.043393325060606
0.04762480407953262
0.052238088101148605
0.05496089532971382
0.05552908033132553
0.05570024251937866
0.05602317303419113
0.056457843631505966
0.056772392243146896
0.05703296884894371
0.05733853206038475
0.0576331652700901
0.05792615935206413
0.05824710801243782
0.05858108028769493
0.05889048054814339
0.05919644609093666
0.05951520428061485
0.05984431877732277
0.06018880754709244
0.0605650432407856
0.060992006212472916
0.06150997430086136
0.06212502345442772
0.06281259655952454
0.06354887783527374
0.06432900577783585
0.06517110764980316
0.06607814133167267
0.0670185536146164
0.06799422949552536
0.0038246784824877977
0.0036149132065474987
0.003489092690870166
0.0033854569774121046
0.003302309662103653
0.0032386176753789186
0.05974277853965759
0.06244007498025894
0.06411339342594147
0.06537077575922012
0.06633324176073074
0.0677962675690651
0.0691865086555481
0.07064451277256012
0.072211354970932
0.0738755539059639
0.07561258971691132
0.07739707082509995
0.07921050488948822
0.08106657862663269
0.08290425688028336
0.08468995988368988
0.08643366396427155
0.08813825994729996
0.08981664478778839
0.09140743315219879
0.09276837110519409
0.09389334917068481
0.09495407342910767
0.09599781781435013
0.09706977009773254
0.09816154837608337
0.09932062774896622
0.10067614912986755
0.10263774544000626
0.10493828356266022
0.1072913408279419
0.10986334830522537
0.11219101399183273
0.11432492733001709
0.11679022759199142
0.11972744762897491
0.1231212392449379
0.1263464093208313
0.12849947810173035
0.13045263290405273
0.13408143818378448
0.1397593468427658
0.14446988701820374
0.14863832294940948
0.1438506543636322
0.13602256774902344
0.13050967454910278
0.12590350210666656
0.1215241327881813
0.11720289289951324
0.11296640336513519
0.10881427675485611
0.10470575839281082
0.10072924941778183
0.09731189906597137
0.09405825287103653
