0.006688479799777269
0.0072844307869672775
0.008191028609871864
0.009052073583006859
0.009593019261956215
0.009868481196463108
0.009988764300942421
0.010113580152392387
0.01021549478173256
0.010306055657565594
0.010396860539913177
0.010509103536605835
0.010642309673130512
0.010790533386170864
0.010958965867757797
0.01116153784096241
0.011417162604629993
0.011723472736775875
0.012064211070537567
0.012428782880306244
0.012813896872103214
0.013160391710698605
0.013518787920475006
0.013902369886636734
0.014318828471004963
0.01478209812194109
0.015292560681700706
0.015850096940994263
0.016453735530376434
0.017128154635429382
0.017854910343885422
0.018496692180633545
0.0011253745760768652
0.0011241213651373982
0.0011318164179101586
0.0011404220713302493
0.0011506774462759495
0.001162959961220622
0.019777577370405197
0.02010490745306015
0.020166214555501938
0.020438026636838913
0.020883098244667053
0.021138262003660202
0.02127249166369438
0.021419327706098557
0.02171577885746956
0.022013509646058083
0.022616740316152573
0.023244135081768036
0.02389020472764969
0.024549078196287155
0.02522619441151619
0.025930769741535187
0.026673458516597748
0.027450712397694588
0.028256360441446304
0.02908274158835411
0.02995278500020504
0.030858254060149193
0.03180321305990219
0.03274105116724968
0.033666111528873444
0.034574516117572784
0.03549854829907417
0.03647875040769577
0.03737041354179382
0.03823988884687424
0.039066363126039505
0.03984284773468971
0.04054507985711098
0.041137050837278366
0.03945658355951309
0.03786984831094742
0.036429908126592636
0.035078100860118866
0.03380018100142479
0.03258880600333214
0.03143856301903725
0.030347049236297607
0.029312051832675934
0.028331048786640167
0.02739599160850048
0.026506081223487854
0.025658613070845604
0.02485005185008049
0.024075325578451157
0.02333167940378189
0.02262580581009388
0.021962543949484825
0.021323859691619873
0.020707886666059494
0.020113803446292877
0.019538789987564087
0.018984109163284302
0.0184461772441864
