0.0459250807762146
0.05581732839345932
0.061498433351516724
0.06161842122673988
0.0611254908144474
0.06113336235284805
0.061461903154850006
0.06191078573465347
0.06240323930978775
0.062819704413414
0.063161700963974
0.0635579451918602
0.06401791423559189
0.0645296648144722
0.0647507905960083
0.06399141997098923
0.06335333734750748
0.06280305236577988
0.062313053756952286
0.06183231621980667
0.06133139505982399
0.06079638749361038
0.06023404374718666
0.059635598212480545
0.0589931458234787
0.058305010199546814
0.05756550654768944
0.05677385628223419
0.05592503398656845
0.05464060232043266
0.053340960294008255
0.05200199410319328
0.003787687048316002
0.0029501558747142553
0.002867636503651738
0.002879621461033821
0.0029993336647748947
0.0032596010714769363
0.060037605464458466
0.05243997275829315
0.048658642917871475
0.04664778709411621
0.04579552263021469
0.045018915086984634
0.04348881170153618
0.04278787970542908
0.04198775812983513
0.040555745363235474
0.0392657108604908
0.03804386779665947
0.036886464804410934
0.03574403002858162
0.03456089645624161
0.03395824134349823
0.033319875597953796
0.032003726810216904
0.030704965814948082
0.02944500558078289
0.02822660654783249
0.02704911306500435
0.02594536729156971
0.02541322633624077
0.024897608906030655
0.023924589157104492
0.023001547902822495
0.0221195500344038
0.021274110302329063
0.020465755835175514
0.019694646820425987
0.01895415037870407
0.018234578892588615
0.017530925571918488
0.016850735992193222
0.016515051946043968
0.0161910280585289
0.01557975448668003
0.015002681873738766
0.0144633948802948
0.013951960019767284
0.013445609249174595
0.012953625060617924
0.012491161935031414
0.012064020149409771
0.011671779677271843
0.011299515143036842
0.010938823223114014
0.010595124214887619
0.0102772181853652
0.009995843283832073
0.009731851518154144
0.009475698694586754
0.009201661683619022
0.008930846117436886
0.00866016373038292
0.00839274749159813
0.008127712644636631
0.007863967679440975
