0.11191987246274948
0.12245912849903107
0.1378622204065323
0.14856870472431183
0.15074770152568817
0.1519899070262909
0.15310288965702057
0.15413475036621094
0.15514469146728516
0.1564636081457138
0.15802332758903503
0.15949098765850067
0.16076606512069702
0.1620221585035324
0.1635216772556305
0.1653047651052475
0.1674065738916397
0.16976390779018402
0.1725044995546341
0.1757049560546875
0.17937126755714417
0.18336260318756104
0.1877349615097046
0.19245998561382294
0.1975589394569397
0.2031129002571106
0.21099379658699036
0.22208653390407562
0.2351987659931183
0.24981439113616943
0.26674437522888184
0.2750825881958008
0.013643778860569
0.012813500128686428
0.012502940371632576
0.012371491640806198
0.01230765413492918
0.012263793498277664
0.2333552986383438
0.2498006373643875
0.26345205307006836
0.26192691922187805
0.2541557848453522
0.24657469987869263
0.23917613923549652
0.23160533607006073
0.22385920584201813
0.21589604020118713
0.20757800340652466
0.1993001252412796
0.19116699695587158
0.18332749605178833
0.17568276822566986
0.16824211180210114
0.16102120280265808
0.15403802692890167
0.14729861915111542
0.14079830050468445
0.1345500946044922
0.12872956693172455
0.12355176359415054
0.11894519627094269
0.11479782313108444
0.11101753264665604
0.10753052681684494
0.10428266227245331
0.10124126076698303
0.09837976098060608
0.09567343443632126
0.09310375899076462
0.09065492451190948
0.08832522481679916
0.08611667901277542
0.08402840048074722
0.08204685896635056
0.0801614448428154
0.07836190611124039
0.07664216309785843
0.07499417662620544
0.07340884953737259
0.07187365740537643
0.07040272653102875
0.06900225579738617
0.06766104698181152
0.06636977195739746
0.0651165172457695
0.06389883160591125
0.06273791193962097
0.061627406626939774
0.06055575609207153
0.059516724199056625
0.05851197615265846
