0.021684011444449425
0.024027248844504356
0.02793845348060131
0.030028492212295532
0.03073587827384472
0.03119516186416149
0.03142997995018959
0.0315621979534626
0.03174872696399689
0.03199029713869095
0.03223481774330139
0.032439909875392914
0.0326022244989872
0.0327637754380703
0.03294038027524948
0.033126965165138245
0.03332987055182457
0.03354617953300476
0.033819738775491714
0.034215737134218216
0.0347285233438015
0.035322126001119614
0.035959552973508835
0.03662259876728058
0.03730437159538269
0.0379982627928257
0.03873533383011818
0.03955402597784996
0.04046229273080826
0.04144147410988808
0.04246511310338974
0.043524254113435745
0.0024937158450484276
0.0021777173969894648
0.00211313390173018
0.0021237728651612997
0.0021553467959165573
0.0021887486800551414
0.041727203875780106
0.043758589774370193
0.04473857954144478
0.04547973722219467
0.04605919122695923
0.04684336483478546
0.04775666818022728
0.04885309189558029
0.050074029713869095
0.051369935274124146
0.0527149997651577
0.05410225689411163
0.055529288947582245
0.055342983454465866
0.05366779863834381
0.0521291084587574
0.05064436420798302
0.049190882593393326
0.04777791351079941
0.046416476368904114
0.04510800540447235
0.043850645422935486
0.04262411966919899
0.04142439737915993
0.040253300219774246
0.03910969942808151
0.0379931777715683
0.03690383583307266
0.035845205187797546
0.03481774404644966
0.03382352739572525
0.03286324813961983
0.03193459287285805
0.03103388100862503
0.030158797279000282
0.02931978739798069
0.028519028797745705
0.027743404731154442
0.02698357030749321
0.026233520358800888
0.025495149195194244
0.024788066744804382
0.0241153035312891
0.02346777357161045
0.022814370691776276
0.02217639796435833
0.021515730768442154
0.02084568329155445
0.02017238363623619
0.019594330340623856
0.019169894978404045
0.018836209550499916
0.018559858202934265
0.01832601986825466
0.01812507025897503
