0.4813951551914215
0.5149599313735962
0.663523256778717
0.9576370120048523
1.0169695615768433
1.023115634918213
1.0293208360671997
1.0379501581192017
1.047118902206421
1.0587811470031738
1.072568655014038
1.0870290994644165
1.1001964807510376
1.1163119077682495
1.1282801628112793
1.1430569887161255
1.1569914817810059
1.170974612236023
1.1842634677886963
1.1982477903366089
1.213303565979004
1.2313152551651
1.253334403038025
1.2765135765075684
1.3035595417022705
1.3348467350006104
1.3724009990692139
1.4203728437423706
1.4764362573623657
1.5363682508468628
1.6049977540969849
1.6935762166976929
0.032892536371946335
0.03276677057147026
0.03272359073162079
0.032692041248083115
0.0326656810939312
0.03264249116182327
0.6029389500617981
1.2372491359710693
1.6866859197616577
2.0119376182556152
2.0214574337005615
1.986006498336792
1.9803578853607178
1.9960598945617676
2.0241236686706543
2.0669021606445312
2.0959341526031494
4.594745635986328
15.228410720825195
23.20931625366211
29.79178237915039
35.67931365966797
41.03976821899414
46.01090621948242
50.70942306518555
55.315006256103516
59.886505126953125
64.8194808959961
69.52161407470703
74.01516723632812
78.3199234008789
82.48432159423828
86.76217651367188
91.57222747802734
96.56427001953125
101.56082153320312
106.56137084960938
111.7434310913086
116.29596710205078
120.29608917236328
123.79139709472656
126.81891632080078
129.43017578125
131.66677856445312
133.60711669921875
135.27694702148438
136.66265869140625
137.72628784179688
138.51707458496094
139.23316955566406
139.80262756347656
140.0824737548828
140.1245880126953
139.9864959716797
139.73228454589844
139.4153289794922
139.07972717285156
138.7555389404297
138.44125366210938
138.11245727539062
