0.00794441532343626
0.008890513330698013
0.009739309549331665
0.01040839496999979
0.011154880747199059
0.01133646722882986
0.011460704728960991
0.011682851240038872
0.011880658566951752
0.012072905898094177
0.012272085063159466
0.012489858083426952
0.012717057019472122
0.012942721135914326
0.013187943026423454
0.013471952639520168
0.013812923803925514
0.014213611371815205
0.014609789475798607
0.015042370185256004
0.0154995983466506
0.015979798510670662
0.016486598178744316
0.017021963372826576
0.01758764125406742
0.01818682625889778
0.018823200836777687
0.01947111263871193
0.0201661866158247
0.0208979994058609
0.02164127305150032
0.022313805297017097
0.022667713463306427
0.02302241511642933
0.0011497415835037827
0.0011048511369153857
0.0011061441618949175
0.0011208169162273407
0.0011399646755307913
0.0011599956778809428
0.022520683705806732
0.023572679609060287
0.024025438353419304
0.023996906355023384
0.023488203063607216
0.022615946829319
0.02179546467959881
0.021005531772971153
0.020244354382157326
0.019503481686115265
0.01879035122692585
0.01810225285589695
0.017434725537896156
0.016785738989710808
0.016154950484633446
0.01554194651544094
0.0149464700371027
0.01436934806406498
0.01381071750074625
0.013270771130919456
0.012756968848407269
0.01227488275617361
0.011821476742625237
0.011392083950340748
0.010983997024595737
0.010597668588161469
0.01022935938090086
0.00987662561237812
0.009539224207401276
0.009216273203492165
0.008907263167202473
0.00861172005534172
0.008329328149557114
0.008059708401560783
0.007802027277648449
0.007555642630904913
0.00732065923511982
0.00709665147587657
0.006883024238049984
0.006679005920886993
0.00648373132571578
0.0062967464327812195
0.006117451470345259
0.005945349577814341
0.005779885221272707
0.0056203678250312805
0.0054661426693201065
0.005317201372236013
0.005174003075808287
0.005037034396082163
0.004905909299850464
0.004780307877808809
0.00466027669608593
0.004545624367892742
0.0044362968765199184
