0.006676023360341787
0.007276624441146851
0.008180341683328152
0.009016761556267738
0.009571135975420475
0.009860099293291569
0.009973111562430859
0.010096436366438866
0.010202043689787388
0.010282278060913086
0.01036491896957159
0.010458637960255146
0.010574303567409515
0.010712381452322006
0.010875511914491653
0.011076794005930424
0.011329137720167637
0.01163402758538723
0.011978549882769585
0.012353687547147274
0.012753963470458984
0.01312208455055952
0.013499551452696323
0.013908362947404385
0.014346124604344368
0.01481846533715725
0.015328423120081425
0.01588509976863861
0.016490625217556953
0.017158430069684982
0.017848996445536613
0.01846829615533352
0.0011349229607731104
0.001132528530433774
0.0011391948210075498
0.0011473741615191102
0.0011572841322049499
0.0011689250823110342
0.019786396995186806
0.02011960558593273
0.020162595435976982
0.020249521359801292
0.020624427124857903
0.020849816501140594
0.02109808847308159
0.021658573299646378
0.022258777171373367
0.02289329469203949
0.023567672818899155
0.024265442043542862
0.024989264085888863
0.02574567124247551
0.02653493918478489
0.027363117784261703
0.028228620067238808
0.0291237011551857
0.030057907104492188
0.031017852947115898
0.03199740871787071
0.03299809992313385
0.03397870808839798
0.03494010493159294
0.035998594015836716
0.036992739886045456
0.037937231361866
0.03885939344763756
0.039725787937641144
0.04051078110933304
0.04121832922101021
0.04106089472770691
0.03913689777255058
0.037500251084566116
0.03598353639245033
0.03455832228064537
0.033214908093214035
0.03194480389356613
0.030740149319171906
0.029593847692012787
0.028498860076069832
0.027461355552077293
0.026478517800569534
0.025550417602062225
0.024671319872140884
0.023838603869080544
0.023044941946864128
0.02228889986872673
0.021569950506091118
0.020870162174105644
0.020222211256623268
0.019623372703790665
0.01905183494091034
0.018504587933421135
0.017979398369789124
0.017475685104727745
