0.10030123591423035
0.11648193746805191
0.12802018225193024
0.13765114545822144
0.14273038506507874
0.14455446600914001
0.14625510573387146
0.1477152705192566
0.14867167174816132
0.14960536360740662
0.15059541165828705
0.15147340297698975
0.15227150917053223
0.15312637388706207
0.15402042865753174
0.15503807365894318
0.15610963106155396
0.1572210192680359
0.1584944874048233
0.1600397378206253
0.1620170772075653
0.16522181034088135
0.1692448854446411
0.17407943308353424
0.17913879454135895
0.18446362018585205
0.19029897451400757
0.19684305787086487
0.20405486226081848
0.21199218928813934
0.22255943715572357
0.23568060994148254
0.017738861963152885
0.010891849175095558
0.009722265414893627
0.00961811002343893
0.009866761974990368
0.010228853672742844
0.2037818282842636
0.24178501963615417
0.27441611886024475
0.3148990571498871
0.346310019493103
0.3669641315937042
0.42726945877075195
0.5052749514579773
0.5164732336997986
4.436108112335205
9.657017707824707
13.185816764831543
15.913087844848633
17.772314071655273
19.066205978393555
19.99234962463379
20.65706443786621
21.189653396606445
21.66668701171875
21.9903564453125
22.205724716186523
22.342885971069336
22.41618537902832
22.386337280273438
22.290260314941406
22.15194320678711
21.99229621887207
21.828922271728516
21.670440673828125
21.516769409179688
21.36922836303711
21.234188079833984
21.08102035522461
20.927026748657227
20.800094604492188
20.726423263549805
20.714141845703125
20.7226619720459
20.72527503967285
20.72930335998535
20.752559661865234
20.797283172607422
20.8800106048584
20.97218894958496
21.07418441772461
33.04707336425781
42.02582931518555
46.90165328979492
49.86198425292969
51.892250061035156
53.279090881347656
54.23752212524414
55.179405212402344
56.27487564086914
57.32512283325195
