0.043262869119644165
0.04874146357178688
0.05431787669658661
0.05611618980765343
0.056820061057806015
0.057444170117378235
0.05808094143867493
0.058459505438804626
0.058735933154821396
0.05903789773583412
0.059398967772722244
0.05974414199590683
0.060060277581214905
0.060419436544179916
0.06079943850636482
0.061173006892204285
0.06163625046610832
0.062253497540950775
0.06302904337644577
0.06394999474287033
0.06502033770084381
0.06623829901218414
0.06756095588207245
0.06895079463720322
0.07040830701589584
0.07196038216352463
0.07362347841262817
0.07539524137973785
0.07729702442884445
0.0793522298336029
0.08158399164676666
0.08401718735694885
0.08666523545980453
0.0039607384242117405
0.003834095783531666
0.003938624169677496
0.004044500645250082
0.004131106194108725
0.004201343283057213
0.08288504928350449
0.08858820796012878
0.0915074571967125
0.09373840689659119
0.09559506922960281
0.09720922261476517
0.09903743118047714
0.10112138837575912
0.10402861982584
0.10790488123893738
0.11030981689691544
0.11183949559926987
0.11586686223745346
0.11536742746829987
0.10998407006263733
0.10528545081615448
0.1008642315864563
0.09675144404172897
0.09290619939565659
0.08928962051868439
0.08589664101600647
0.08269909024238586
0.07964958995580673
0.07675961405038834
0.07399773597717285
0.07125762850046158
0.0685553029179573
0.06583642214536667
0.06322799623012543
0.060778290033340454
0.05844299495220184
0.05619146302342415
0.054003164172172546
0.051869526505470276
0.04984264075756073
0.04794600233435631
0.0461537167429924
0.04438568651676178
0.04269968718290329
0.041102681308984756
0.03958146646618843
0.038105253130197525
0.036653388291597366
0.03529844805598259
0.03414013236761093
0.03311792388558388
0.032141752541065216
0.03114851377904415
0.030131524428725243
0.029141126200556755
0.02818337455391884
0.027216052636504173
0.026347575709223747
0.025523394346237183
0.024763988330960274
