18.763219833374023
17.78700828552246
14.778776168823242
12.277970314025879
11.055805206298828
10.429755210876465
10.178943634033203
10.185729026794434
10.375677108764648
10.683211326599121
11.12458610534668
11.640321731567383
12.21855640411377
12.87136459350586
13.623844146728516
14.457508087158203
15.380265235900879
16.45351791381836
17.67443084716797
19.14120101928711
20.788312911987305
22.596792221069336
24.3897762298584
26.0802001953125
27.635971069335938
29.1133975982666
30.608598709106445
32.119014739990234
33.69550323486328
35.36715316772461
37.02928161621094
38.66101837158203
11.005900382995605
9.663951873779297
10.12314224243164
10.912311553955078
11.753131866455078
12.667993545532227
54.20259475708008
52.454078674316406
51.188201904296875
50.580501556396484
50.54609298706055
50.79450225830078
51.11030197143555
51.96409606933594
52.96282196044922
53.548309326171875
53.98051071166992
54.88357925415039
55.73545455932617
56.41733932495117
56.86251449584961
57.16463088989258
57.318519592285156
57.320823669433594
57.21284866333008
57.024898529052734
56.7735595703125
56.462459564208984
56.09613800048828
55.67888641357422
55.22870635986328
54.76025390625
54.286136627197266
53.827064514160156
53.38912582397461
52.98417282104492
52.61727523803711
52.290679931640625
51.95645523071289
51.62605667114258
51.465576171875
51.27184295654297
50.89823532104492
50.5471076965332
50.221229553222656
49.91746139526367
49.63795471191406
49.38106918334961
49.14521789550781
48.92789077758789
48.72783660888672
48.544464111328125
48.37685775756836
48.2261848449707
48.08816909790039
47.961177825927734
47.84364700317383
47.73451232910156
47.641387939453125
47.559024810791016
47.4824333190918
47.40670394897461
47.3305778503418
47.24999237060547
