0.021663576364517212
0.024108508601784706
0.028131097555160522
0.030202504247426987
0.030861614271998405
0.03131062909960747
0.03153069689869881
0.031710002571344376
0.03196414187550545
0.03225390240550041
0.03251197189092636
0.03273746371269226
0.03295743092894554
0.03317462280392647
0.03340683877468109
0.03367096185684204
0.034019675105810165
0.034509073942899704
0.03512503206729889
0.03582732006907463
0.0365840420126915
0.03739761561155319
0.03830479085445404
0.03931177780032158
0.04040851444005966
0.04157565161585808
0.042792219668626785
0.04406433179974556
0.04538187384605408
0.04676254466176033
0.04824848100543022
0.049618035554885864
0.002815975807607174
0.0024566452484577894
0.0023883443791419268
0.0024063230957835913
0.0024524384643882513
0.0025016330182552338
0.04906713590025902
0.05283384770154953
0.05447801947593689
0.05547915771603584
0.056471407413482666
0.05766739696264267
0.05664724484086037
0.05490109324455261
0.053274575620889664
0.051682353019714355
0.05009370669722557
0.04850858449935913
0.046933725476264954
0.045384008437395096
0.04386136680841446
0.04233909025788307
0.04095562547445297
0.039627738296985626
0.03833698853850365
0.03708716481924057
0.0358707457780838
0.03468713164329529
0.03352665156126022
0.03238869458436966
0.03127861022949219
0.03019469603896141
0.029140716418623924
0.028118498623371124
0.027129586786031723
0.026176070794463158
0.02526012435555458
0.02438277378678322
0.023544350638985634
0.022740764543414116
0.021969936788082123
0.0212307907640934
0.020522570237517357
0.019843854010105133
0.019193042069673538
0.01856893301010132
0.017970355227589607
0.01739644818007946
0.016845768317580223
0.016317125409841537
0.015809817239642143
0.015322829596698284
0.014854875393211842
0.01440470851957798
0.013972294516861439
0.013557315804064274
0.01315859891474247
0.012774905189871788
0.012404664419591427
0.012047328986227512
