0.03705615550279617
0.03828241303563118
0.04144499450922012
0.044226083904504776
0.046504441648721695
0.04862092435359955
0.05045057460665703
0.05120732635259628
0.05149460583925247
0.05164363980293274
0.05176407843828201
0.05188411474227905
0.052008338272571564
0.05221797525882721
0.05254421383142471
0.052890844643116
0.05320115014910698
0.053520023822784424
0.05382467061281204
0.054137248545885086
0.054470062255859375
0.054825861006975174
0.055243879556655884
0.05572298914194107
0.056278880685567856
0.05691445991396904
0.05761265754699707
0.05835747346282005
0.059135884046554565
0.059940554201602936
0.06076598912477493
0.06161366403102875
0.003667294280603528
0.0034683560952544212
0.0034276004880666733
0.00341228605248034
0.0034019481390714645
0.0033924179151654243
0.058198124170303345
0.06004065275192261
0.06110674515366554
0.06211558356881142
0.06317858397960663
0.06431767344474792
0.06553938239812851
0.06680614501237869
0.06810357421636581
0.0694224163889885
0.07074771821498871
0.07208425551652908
0.07343558967113495
0.07481145113706589
0.07615108788013458
0.07744742929935455
0.07876075804233551
0.08010370284318924
0.08127771317958832
0.08235853910446167
0.08348290622234344
0.08463525772094727
0.08580644428730011
0.0869969055056572
0.08822453767061234
0.0893450379371643
0.09040720760822296
0.091424860060215
0.09244180470705032
0.09339355677366257
0.09429948776960373
0.09515233337879181
0.09595587104558945
0.09670901298522949
0.09756288677453995
0.09845228493213654
0.09922042489051819
0.09993091970682144
0.10068842023611069
0.10149050503969193
0.1024339348077774
0.10341719537973404
0.10449689626693726
0.10567624866962433
0.10691660642623901
0.10828395932912827
0.10953247547149658
0.11065831035375595
0.11147443950176239
0.11176840960979462
0.11188211292028427
0.11203451454639435
0.11263643950223923
0.1135745495557785
