0.024203237146139145
0.026467328891158104
0.02955540642142296
0.03282974287867546
0.03361261263489723
0.03387296944856644
0.034107089042663574
0.034411463886499405
0.034619513899087906
0.03481946885585785
0.03499649465084076
0.03518358990550041
0.03538934513926506
0.03562472388148308
0.03587622195482254
0.03615545853972435
0.03646043315529823
0.0367780365049839
0.03709645941853523
0.037415556609630585
0.03776564076542854
0.03817416727542877
0.038649048656225204
0.03918881714344025
0.03978399932384491
0.04041970148682594
0.0410965159535408
0.04180286452174187
0.042527832090854645
0.043265797197818756
0.0440170019865036
0.044782646000385284
0.0024264727253466845
0.0023380836937576532
0.0023211108054965734
0.002321464940905571
0.0023256095591932535
0.0023295492865145206
0.04086866229772568
0.04299226403236389
0.04435337707400322
0.04541603848338127
0.04635915160179138
0.04727491736412048
0.04821901023387909
0.049219030886888504
0.05028458684682846
0.05141346529126167
0.05256754159927368
0.053751520812511444
0.05498864874243736
0.05623946711421013
0.0572422631084919
0.05813688784837723
0.059041544795036316
0.05992814898490906
0.06070011854171753
0.061418671160936356
0.06211179867386818
0.06278388202190399
0.06341562420129776
0.06400658935308456
0.06457019597291946
0.06510273367166519
0.0656120553612709
0.0661415159702301
0.06669990718364716
0.06726991385221481
0.06523249298334122
0.06287650763988495
0.060737404972314835
0.058688852936029434
0.056630391627550125
0.054702576249837875
0.05306685343384743
0.05154004320502281
0.05016707256436348
0.04893074557185173
0.04775228723883629
0.04661418870091438
0.04538823664188385
0.04412604495882988
0.04287497326731682
0.041614532470703125
0.040347229689359665
0.03907657414674759
0.03781520202755928
0.03659670799970627
0.03542954847216606
0.0343751385807991
0.0334528423845768
0.03268413990736008
