1499.9998779296875
1500.0
1500.0
1500.0
1500.0
1500.0
1500.0
1500.0
1500.0
1500.0
1500.0
1500.0
1500.0
1500.0
1500.0
1500.0
1500.0
1500.0
1500.0
1500.0
1500.0
1500.0
1500.0
1500.0
1500.0
1500.0
1500.0
1500.0
1500.0
1500.0
1500.0
1500.0
1500.0
100.00041198730469
100.0
100.0
100.0
100.0
100.0
1500.0
1499.9998779296875
1500.0
1500.0
1499.9998779296875
1500.0
1500.0
1500.0
1500.0
1500.0
1500.00439453125
1500.0
1499.9998779296875
1500.0
1500.0
1500.0
1499.9996337890625
1499.9998779296875
1500.0
1500.0
1475.6732177734375
1399.95751953125
1337.6680908203125
1278.4610595703125
1217.9859619140625
1160.9041748046875
1109.6170654296875
1060.79345703125
1013.2200317382812
966.4943237304688
921.0257568359375
878.9007568359375
844.7002563476562
815.3771362304688
787.1187744140625
758.6561279296875
730.7569580078125
705.4285278320312
680.9773559570312
657.85205078125
635.70947265625
615.6197509765625
597.1800537109375
580.4876098632812
564.6614379882812
549.151123046875
535.9762573242188
525.0037841796875
515.9810180664062
507.7753601074219
499.5302734375
491.34185791015625
483.0838317871094
474.66033935546875
465.9053649902344
