1499.9942626953125
1500.0
1500.0
1500.00048828125
1500.0
1500.0
1500.0
1500.0
1500.0
1500.0
1500.0
1500.0
1500.0
1500.0
1500.0
1499.9998779296875
1500.0
1500.0
1500.0
1500.0
1500.0
1500.0
1500.0
1500.0
1500.0
1500.0
1500.0
1500.0
1500.0
1500.0
1500.0
1500.0
100.0
100.0
100.0
100.0
100.0
100.0
1500.0
1499.9998779296875
1500.0
1459.8009033203125
1304.1343994140625
1152.8837890625
1046.86572265625
994.5967407226562
953.724609375
915.7304077148438
879.472900390625
843.0848388671875
811.636962890625
784.8237915039062
759.8250732421875
734.543212890625
709.2765502929688
684.2739868164062
659.8363037109375
636.0394897460938
612.98828125
590.9832153320312
569.982421875
549.7308349609375
530.6397094726562
513.0420532226562
496.4108581542969
481.0679626464844
466.4662780761719
452.5535888671875
439.4160461425781
426.8688659667969
414.87286376953125
403.34906005859375
392.2029113769531
381.37890625
370.8400573730469
360.560546875
350.5814514160156
340.94683837890625
331.6714782714844
322.8263854980469
314.38800048828125
306.2901306152344
298.6105651855469
291.1641845703125
283.93896484375
276.95147705078125
270.2019348144531
263.71435546875
257.5281677246094
251.6683807373047
246.03952026367188
240.5990753173828
