1500.0
1500.0
1499.990234375
1496.47412109375
1500.0
1500.0
1500.0
1500.0
1500.0
1500.0
1500.0
1500.0
1500.0
1500.0
1499.9998779296875
1500.0
1500.0
1500.0
1500.0
1499.998779296875
1500.0
1500.0
1500.0
1500.0
1500.0
1500.0
1500.0
1500.0
1500.0
1500.0
1500.0
1500.0
100.0
100.0
100.0
100.0
100.0
100.0
1500.0001220703125
1500.0
1500.0
1500.0
1500.0
1500.0
1500.0
1500.0
1500.0
1500.0
1500.0
1500.0
1500.0
1500.0
1500.0
1500.0
1466.96630859375
1404.2059326171875
1343.501220703125
1287.764404296875
1234.637451171875
1182.0340576171875
1129.3575439453125
1077.6783447265625
1028.0667724609375
979.4927978515625
932.553955078125
888.0255737304688
845.701904296875
805.653076171875
768.2050170898438
733.6727294921875
701.5747680664062
672.2112426757812
645.8045654296875
619.942626953125
593.8386840820312
567.9589233398438
543.2105712890625
519.108154296875
495.62249755859375
475.20281982421875
456.1002502441406
438.4903869628906
421.3909606933594
403.9057312011719
386.0625305175781
368.44580078125
351.9518737792969
335.9190368652344
320.055908203125
304.5586853027344
289.94189453125
276.07513427734375
