1500.0
1500.0
1500.0
1500.052978515625
1500.0
1500.0
1500.0
1500.0
1500.0
1500.0
1500.0
1500.0
1500.0
1500.0
1500.0
1500.0
1500.0
1500.0
1500.0
1500.0
1500.0
1500.0
1500.0
1500.0
1500.0
1500.0
1500.0
1500.0
1500.0
1500.0
1500.0
1500.0
100.0
100.0
100.0
100.0
100.0
100.0
1500.0
1500.0
1500.0
1500.0
1500.0
1500.0
1500.0
1500.0
1500.0
1500.0
1500.0
1500.0
1500.0
1500.0
1500.0
1500.0
1500.0
1500.0
1500.0
1469.744140625
1409.27587890625
1351.245849609375
1294.91015625
1240.336181640625
1187.6671142578125
1137.1583251953125
1088.8065185546875
1042.5418701171875
998.3184204101562
955.8610229492188
915.3040771484375
876.509521484375
839.3460693359375
803.5001831054688
769.5408935546875
737.132568359375
706.1714477539062
676.6323852539062
648.464599609375
621.4757690429688
595.7616577148438
569.2612915039062
545.9923706054688
523.8220825195312
502.4129333496094
481.8048400878906
462.0032043457031
443.49609375
425.94403076171875
409.2190246582031
393.29931640625
378.2020568847656
363.8812561035156
350.2846984863281
