1499.99951171875
1500.0
1500.0
1500.0
1500.0
1500.0
1500.0
1500.0
1500.0
1500.0
1500.0
1500.0
1500.0
1500.0
1500.0
1500.0
1500.0
1500.0
1500.0
1500.0
1500.0
1500.0
1500.0
1500.0
1500.0
1500.0
1500.0
1500.0
1500.0
1500.0
1500.0
1500.0
99.99998474121094
100.0
100.0
100.0
100.0
100.0
1499.9991455078125
1500.0
1500.0
1500.0
1500.0
1500.0
1500.0
1500.0
1500.0
1500.0
1500.001220703125
1500.0
1500.0
1500.0
1500.0
1500.0
1500.0
1500.0
1500.0
1500.0
1500.0
1500.0
1500.0
1500.0
1499.999755859375
1500.0
1500.0
1500.0
1500.0
1500.0
1499.998779296875
1500.0
1499.99658203125
1499.9990234375
1499.99658203125
1499.9957275390625
1500.0
1499.9913330078125
1500.0
1499.996826171875
1499.99951171875
1500.0
1463.5380859375
1416.4796142578125
1370.586669921875
1326.7628173828125
1285.4578857421875
1244.7752685546875
1208.4530029296875
1176.046142578125
1145.613037109375
1115.8502197265625
1088.087158203125
1063.126953125
