1500.0
1500.0
1500.0
1500.0
1500.0
1500.0
1500.0
1500.0
1500.0
1500.0
1500.0
1500.0
1500.0
1500.0
1500.0
1500.0
1500.0
1500.0
1500.0
1500.0
1500.0
1500.0
1500.0
1500.0
1500.0
1500.0
1500.0
1500.0
1500.0
1500.0
1500.0
1500.0
100.0
100.0
100.0
100.0
100.0
100.0
1500.0
1500.0
1500.0
1500.0
1500.0
1500.0
1500.0
1500.0
1500.0
1500.0
1500.0
1500.0
1500.0
1500.0
1500.0
1500.0
1500.0
1500.0
1500.0
1500.0
1500.0
1500.0
1478.3343505859375
1429.479248046875
1384.646484375
1342.187744140625
1301.4703369140625
1262.1705322265625
1224.203125
1187.3172607421875
1151.374267578125
1116.3341064453125
1082.3990478515625
1049.7872314453125
1018.6181030273438
988.890869140625
960.5988159179688
933.7163696289062
920.6450805664062
907.9186401367188
883.5259399414062
860.0468139648438
837.5245971679688
815.8226318359375
794.8494873046875
774.54443359375
754.8580932617188
735.7406005859375
717.1398315429688
699.0093383789062
681.3936157226562
664.4716186523438
648.3451538085938
632.967529296875
618.2379150390625
