1500.0
1500.0
1500.0
1500.0673828125
1500.0
1500.0
1500.0
1500.0
1500.0
1500.0
1500.0
1500.0
1500.0
1500.0
1500.0
1500.0
1500.0
1500.0
1500.0
1500.0
1500.0
1500.0
1500.0
1500.0
1500.0
1500.0
1500.0
1500.0
1500.0
1500.0
1500.0
1500.0
100.0
100.0
100.0
100.0
100.0
100.0
1500.0
1500.0
1500.0
1500.0
1500.0
1500.0
1500.0
1500.0
1500.0
1500.0
1500.0
1500.0
1500.0
1500.0
1500.0
1500.0
1500.0
1500.0
1500.0
1500.0
1500.0
1500.0
1500.0
1500.0
1500.0
1500.0
1500.0
1500.0
1500.0
1500.0
1500.0
1500.0
1500.0
1500.0
1500.0
1500.0
1480.0792236328125
1398.862548828125
1351.3126220703125
1300.836669921875
1172.310302734375
1031.065185546875
957.7105102539062
908.4425659179688
861.8565063476562
818.4877319335938
775.1309204101562
731.78515625
688.1298828125
644.0645141601562
611.087646484375
580.0443115234375
548.3126831054688
515.89306640625
514.73291015625
