1499.99609375
1500.0
1500.0
1500.0
1500.0
1500.0
1500.0
1500.0010986328125
1500.0
1500.0
1500.0
1500.0
1500.0
1500.0
1500.0
1499.9742431640625
1500.0
1500.0
1500.0
1500.0
1500.0
1500.0
1500.0
1500.0
1500.0
1500.0
1500.0
1500.0
1500.0
1500.0
1500.0
1500.0
100.0
100.0
100.0
100.0
100.0
100.0
1500.0
1500.0
1500.0
1500.0
1500.0
1500.0
1500.0
1500.0
1500.0
1500.0
1500.0
1500.0
1500.0
1500.0
1500.0
1500.0
1500.0
1500.0
1500.0
1500.0
1500.0
1500.0
1500.0
1500.0
1500.0
1500.0
1500.0
1500.0
1500.0
1500.0
1500.0
1500.0
1500.0
1500.0
1500.0
1500.0
1500.0
1500.0
1500.0
1500.0
1500.0
1500.0
1500.0
1500.0
1500.0
1500.0
1499.9998779296875
1499.9990234375
1499.9979248046875
1499.999755859375
1499.977783203125
1499.997802734375
1499.99755859375
1500.0
