1500.0
1500.0
1500.0
1500.0
1500.0
1500.0
1500.0032958984375
1500.0
1500.0
1500.0
1499.9998779296875
1499.9998779296875
1499.9996337890625
1499.999755859375
1500.0
1500.0
1500.0
1500.0
1500.0
1499.9998779296875
1500.0
1499.999755859375
1499.9991455078125
1499.9984130859375
1500.0
1500.0
1499.9998779296875
1499.9998779296875
1499.9990234375
1499.998779296875
1499.9998779296875
1499.9998779296875
99.99986267089844
100.0
100.0
100.0
100.0
100.0
1500.0
1500.0
1499.9989013671875
1500.0
1500.0
1500.0
1500.0
1500.0
1499.9998779296875
1500.0
1499.9998779296875
1500.0
1500.0
1500.0
1499.9998779296875
1499.9998779296875
1500.0
1500.0
1500.0
1500.0
1473.3250732421875
1436.4161376953125
1403.38916015625
1371.098388671875
1338.52392578125
1305.9581298828125
1274.093017578125
1242.1004638671875
1210.29736328125
1178.920654296875
1148.09130859375
1117.893798828125
1088.3349609375
1059.339111328125
1030.7620849609375
1002.7376098632812
975.3361206054688
948.8363647460938
923.1322021484375
898.1846923828125
873.9921264648438
850.87890625
828.4393310546875
806.7659301757812
785.9324340820312
765.9374389648438
746.7796630859375
728.269775390625
710.432373046875
693.3602294921875
676.9169311523438
661.0396728515625
645.6926879882812
630.855712890625
