1499.9998779296875
1500.0
1500.0
1500.0
1500.0
1500.0
1500.0
1499.9998779296875
1500.0
1500.0
1500.0
1500.0
1500.0
1500.0
1500.0
1500.0
1500.0
1500.0
1500.0
1500.0
1500.0
1500.0
1500.0
1500.0
1500.0
1500.0
1500.0
1500.0
1500.0
1500.0
1500.0
1500.0
100.0
100.0
100.0
100.0
100.0
100.0
1500.0
1500.0
1500.0
1500.0
1499.239990234375
1455.5157470703125
1417.4588623046875
1379.0465087890625
1339.3018798828125
1297.93408203125
1254.9178466796875
1210.3773193359375
1164.579345703125
1117.88134765625
1070.7734375
1023.7237548828125
977.4440307617188
933.2975463867188
891.504150390625
851.6814575195312
813.5304565429688
776.8281860351562
741.5613403320312
707.6873779296875
675.1624145507812
643.9697265625
614.1162109375
585.5827026367188
558.2552490234375
532.1822509765625
507.3671569824219
483.6837463378906
461.0782470703125
439.47882080078125
418.87286376953125
399.21044921875
380.47723388671875
362.2484436035156
345.2257995605469
329.07611083984375
312.85565185546875
297.97174072265625
284.36187744140625
271.3016662597656
258.91998291015625
247.2169189453125
236.19361877441406
225.77577209472656
215.82046508789062
206.4364013671875
197.5753173828125
189.18997192382812
181.2772979736328
173.8092041015625
