1499.993408203125
1500.0
1500.0
1500.0
1500.0
1500.0
1499.9998779296875
1500.0
1500.0
1500.0
1500.0
1500.0
1500.0
1500.0
1500.0
1500.0
1500.0
1500.0
1500.0
1500.0
1500.0
1500.0
1500.0
1500.0
1500.0
1500.0
1500.0
1500.0
1500.0
1500.0
1500.0
1500.0
100.0
100.0
100.0
100.0
100.0
100.0
1500.0
1500.0
1500.0
1500.0
1500.0
1500.0
1500.0
1500.0
1500.0
1500.0
1500.0
1500.0
1500.0
1500.0
1500.0
1500.0
1500.0
1500.0
1500.0
1500.0
1500.0
1500.0
1500.0
1500.0
1500.0
1500.0
1500.0
1500.0
1500.0
1500.0
1500.0
1500.0
1452.41552734375
1406.27880859375
1353.0389404296875
1293.958984375
1233.99169921875
1174.022705078125
1128.065673828125
1076.219970703125
1016.6980590820312
960.1441040039062
902.5480346679688
841.0494995117188
778.3589477539062
746.249267578125
720.2184448242188
693.4047241210938
666.2604370117188
641.1484985351562
618.5348510742188
597.7621459960938
578.2332153320312
560.306884765625
544.031494140625
