1500.0
1500.0
1500.0
1500.0
1500.0
1500.0
1500.0
1500.0
1500.0
1500.0
1500.0
1500.0
1500.0
1500.0
1500.0
1500.0
1500.0
1500.0
1500.0
1500.0
1500.0
1500.0
1500.0
1500.0
1500.0
1500.0
1500.0
1500.0
1500.0
1500.0
1500.0
1500.0
1500.0
99.99542999267578
100.0
100.0
100.0
100.0
100.0
1499.9996337890625
1500.0
1500.0
1500.0
1500.0
1500.0
1500.0
1500.0
1500.0
1500.0
1500.0
1500.0
1499.998779296875
1499.9998779296875
1500.0
1500.0
1500.0
1500.0
1500.0
1500.0
1500.0
1500.0
1500.0
1499.9998779296875
1499.9998779296875
1478.3759765625
1413.2772216796875
1354.3409423828125
1300.029052734375
1246.4879150390625
1197.8240966796875
1154.9544677734375
1113.3575439453125
1072.943359375
1033.974365234375
995.1030883789062
956.884521484375
923.2969360351562
896.293701171875
872.7228393554688
850.3566284179688
830.7037353515625
814.311279296875
799.9824829101562
785.72216796875
770.1676025390625
754.4180908203125
738.0867309570312
720.9048461914062
702.53173828125
687.2103271484375
672.443115234375
658.8125
646.4662475585938
634.2714233398438
620.5284423828125
