1500.0
1500.0
1500.0
1500.0
1500.0
1500.0
1500.0
1500.0
1500.0
1500.0
1500.0
1500.0
1500.0
1500.0
1500.0
1500.0
1500.0
1500.0
1500.0
1500.0
1500.0
1500.0
1500.0
1500.0
1500.0
1500.0
1500.0
1500.0
1500.0
1500.0
1500.0
1500.0
1500.0
100.02632141113281
100.0
100.0
100.0
100.0
100.0
1500.0
1500.0
1441.190673828125
1367.7623291015625
1338.7491455078125
1313.2564697265625
1264.4437255859375
1214.765380859375
1162.985595703125
1109.3946533203125
1054.97705078125
1002.1212768554688
973.3546142578125
952.2584228515625
905.357421875
861.244873046875
819.7403564453125
781.0304565429688
744.6814575195312
710.6556396484375
677.7433471679688
646.4078369140625
618.3223876953125
592.6220092773438
568.9007568359375
546.7779541015625
525.9274291992188
506.0480651855469
486.9686279296875
468.5744323730469
450.99151611328125
434.3663024902344
418.68756103515625
403.88787841796875
389.8569030761719
376.4073791503906
363.5388488769531
351.3484802246094
339.9200744628906
329.1734313964844
319.0198059082031
309.47528076171875
300.47271728515625
291.9723815917969
283.9626159667969
276.4315490722656
269.3666076660156
263.07476806640625
257.6877136230469
253.04531860351562
248.9423828125
245.237060546875
241.84005737304688
238.64266967773438
235.85337829589844
232.6246337890625
