1499.9947509765625
1500.0
1500.0
1500.0
1500.0
1500.0
1500.0
1500.0
1500.0
1499.9998779296875
1500.0
1500.0
1500.0
1500.0
1500.0
1500.0
1500.0
1500.0
1500.0
1500.0
1500.0
1500.0
1500.0
1500.0
1500.0
1500.0
1500.0
1500.0
1500.0
1500.0
1500.0
1500.0
100.0
100.0
100.0
100.0
100.0
100.0
1500.0
1500.0
1500.0
1500.0
1500.0
1500.0
1500.0
1500.0
1500.0
1500.0
1500.0
1500.0
1500.0
1500.0
1500.0
1500.0
1500.0
1500.0
1500.0
1500.0
1500.0
1500.0
1500.0
1500.0
1500.0
1500.0
1500.0
1500.0
1500.0
1500.0
1500.0
1499.9998779296875
1497.5020751953125
1447.7935791015625
1395.4400634765625
1344.795654296875
1300.5128173828125
1254.453857421875
1207.0478515625
1158.01806640625
1106.9559326171875
1063.624267578125
1020.36376953125
968.9873657226562
916.6402587890625
867.1524658203125
817.1110229492188
766.1846923828125
712.5725708007812
687.5692749023438
665.41259765625
642.0350341796875
617.5144653320312
594.9938354492188
574.412841796875
