1499.9842529296875
1496.3677978515625
1499.9998779296875
1500.0
1500.0
1500.0
1500.0
1500.0
1500.0
1500.0
1500.0
1500.0
1500.0
1500.0
1500.0
1500.0
1500.0
1500.0
1500.0
1500.0
1500.0
1458.288818359375
1402.7130126953125
1350.8690185546875
1301.552734375
1252.143310546875
1203.0157470703125
1154.8262939453125
1105.391845703125
1057.4986572265625
1008.5608520507812
961.1132202148438
100.0
100.0
100.0
100.0
100.0
100.0
983.957763671875
832.1156616210938
791.9935302734375
762.8068237304688
717.5131225585938
679.349365234375
645.7021484375
615.0820922851562
586.3948974609375
558.9832763671875
532.6739501953125
519.8909301757812
507.3569641113281
483.1085205078125
459.97869873046875
437.8752136230469
416.6611633300781
396.267578125
376.58843994140625
357.9219970703125
340.2215881347656
323.34100341796875
306.54315185546875
291.6440734863281
277.5208740234375
263.9411315917969
251.3487091064453
239.51197814941406
228.3448944091797
217.82272338867188
207.90647888183594
198.5457000732422
189.57383728027344
181.19656372070312
173.37876892089844
166.0297393798828
159.0847930908203
152.45098876953125
146.15182495117188
140.31520080566406
134.81369018554688
129.6243896484375
124.73380279541016
120.12344360351562
115.77243041992188
111.650146484375
107.73480224609375
104.01741790771484
100.47486877441406
97.09493255615234
93.88165283203125
90.81820678710938
87.90630340576172
85.1611557006836
82.55977630615234
80.10159301757812
