1500.0
1500.0
1500.0
1500.0
1500.0
1500.0
1500.0
1500.0
1500.0
1499.999755859375
1499.9998779296875
1500.0
1500.0
1500.0
1500.0
1499.9998779296875
1499.9998779296875
1500.0
1500.0
1500.0
1500.0
1500.0
1500.0
1499.9996337890625
1411.7156982421875
1291.1981201171875
1165.9749755859375
1048.974853515625
941.4414672851562
860.8661499023438
815.4887084960938
772.098876953125
100.0
100.0
100.0
100.0
100.0
100.0
916.1495971679688
782.4472045898438
746.9799194335938
714.9957275390625
662.335205078125
618.8871459960938
581.8977661132812
549.951171875
522.6326293945312
498.72174072265625
477.153564453125
467.0312194824219
457.6036071777344
439.4210205078125
422.11407470703125
405.7237548828125
390.2255554199219
375.6553649902344
361.90325927734375
348.75115966796875
336.2225036621094
324.2274169921875
312.73138427734375
301.8332824707031
291.5192565917969
281.8406677246094
272.9163818359375
264.47833251953125
256.4954528808594
248.95388793945312
241.7696075439453
235.00169372558594
228.6033935546875
222.53623962402344
216.79209899902344
211.34658813476562
206.16891479492188
201.21653747558594
196.46347045898438
191.90684509277344
187.53897094726562
183.35006713867188
179.38819885253906
175.62779235839844
172.01327514648438
168.57354736328125
165.28271484375
162.10667419433594
159.0310821533203
156.05751037597656
153.18560791015625
150.51930236816406
147.94039916992188
145.37110900878906
142.81353759765625
140.29164123535156
