1488.6495361328125
1500.003173828125
1499.999755859375
1500.0
1500.0
1500.0
1500.0
1500.0
1500.0
1500.0
1500.0
1500.0
1500.0
1500.0
1500.0
1500.0
1500.0
1500.0
1500.0
1500.0
1489.518798828125
1429.12890625
1374.5911865234375
1322.7628173828125
1272.3228759765625
1221.1968994140625
1172.0960693359375
1147.0234375
1121.7987060546875
1072.663330078125
1023.0150146484375
974.1755981445312
927.5280151367188
100.0
100.0
100.0
100.0
100.0
100.0
926.3984985351562
793.8847045898438
731.8323364257812
707.029541015625
685.0857543945312
647.360107421875
614.1065063476562
583.7818603515625
555.3714599609375
528.4727172851562
516.2182006835938
502.740234375
478.30926513671875
455.0955505371094
432.9320983886719
411.64959716796875
391.1648254394531
371.4319152832031
352.7499694824219
334.9931945800781
317.6114807128906
301.36578369140625
286.41876220703125
272.06719970703125
258.5455322265625
245.9584197998047
234.1114044189453
222.9565887451172
212.4486541748047
202.55224609375
193.06491088867188
184.26101684570312
176.05674743652344
168.3422393798828
161.02268981933594
153.97952270507812
147.50192260742188
141.42160034179688
135.6937255859375
130.2970428466797
125.21670532226562
120.43415832519531
115.9261703491211
111.65727996826172
107.60391998291016
103.76647186279297
100.11986541748047
96.64800262451172
93.34038543701172
90.20698547363281
87.2580795288086
84.46694946289062
81.82928466796875
79.33150482177734
76.95545959472656
74.68681335449219
