1500.0
1500.0
1500.0
1500.0
1500.0
1500.0
1500.0
1500.0
1500.0
1499.9931640625
1500.0
1500.0
1500.0
1500.0
1500.0
1500.0
1500.0
1500.0
1500.0
1500.0
1500.0
1500.0
1500.0
1500.0
1500.0
1500.0
1500.0
1500.0
1500.0
1500.0
1500.0
1500.0
100.0
100.0
100.0
100.0
100.0
100.0
1500.0
1500.0
1500.0
1500.0
1500.0
1500.0
1500.0
1500.0
1500.0
1500.0
1500.0
1500.0
1500.0
1500.0
1500.0
1500.0
1500.0
1500.0
1500.0
1500.0
1500.0
1500.0
1500.0
1500.0
1500.0
1500.0
1500.0
1500.0
1500.0
1500.0
1500.0
1462.400390625
1404.8443603515625
1352.50439453125
1301.9425048828125
1252.90966796875
1203.867919921875
1156.390869140625
1109.5408935546875
1063.185302734375
1024.8067626953125
991.18505859375
959.5884399414062
928.6267700195312
897.7984619140625
868.5480346679688
841.2466430664062
816.9376220703125
795.1441650390625
775.2686157226562
756.934326171875
739.8355102539062
723.8372802734375
708.8275756835938
