1499.9998779296875
1500.0
1499.9998779296875
1500.0
1500.0
1500.0
1500.0
1500.0
1500.0
1500.0
1500.0
1500.0
1499.956787109375
1500.0
1500.0
1500.0
1500.0
1500.0
1500.0
1500.0
1500.0
1500.0
1438.391845703125
1385.8245849609375
1333.4593505859375
1282.3216552734375
1231.4775390625
1181.1358642578125
1130.913330078125
1081.4696044921875
1033.2423095703125
986.05126953125
100.0
100.0
100.0
100.0
100.0
100.0
1018.40576171875
841.132568359375
784.6220703125
765.323486328125
747.0353393554688
718.4082641601562
693.060302734375
669.0039672851562
645.1306762695312
620.9447631835938
596.3814086914062
571.4055786132812
546.0765380859375
533.43798828125
520.77294921875
495.4503173828125
470.55230712890625
446.30389404296875
422.85986328125
400.3097839355469
378.7237854003906
358.1324462890625
338.51507568359375
319.60101318359375
310.6669616699219
301.81390380859375
285.25250244140625
269.4316101074219
254.36459350585938
240.7397003173828
234.16949462890625
227.7918243408203
215.7503662109375
204.49864196777344
193.9742431640625
184.0945587158203
174.80848693847656
166.1133270263672
157.94656372070312
150.25491333007812
142.95079040527344
136.1834259033203
129.8763427734375
123.97798919677734
118.48770141601562
113.36531829833984
108.56265258789062
104.03831481933594
99.80307006835938
95.78904724121094
92.0128173828125
88.45289611816406
85.08847045898438
81.90763092041016
78.90096282958984
76.05284118652344
73.35848236083984
70.78971099853516
