1500.0
1500.0
1500.0
1500.0
1500.0
1500.0535888671875
1500.0
1499.9998779296875
1500.0
1499.9998779296875
1500.0
1500.0
1462.0450439453125
1409.27001953125
1367.056396484375
1332.154052734375
1301.3065185546875
1269.7877197265625
1232.2388916015625
1191.002685546875
1149.1541748046875
1106.456787109375
1062.4632568359375
1019.1400756835938
970.4649658203125
919.453125
867.8599243164062
813.0509033203125
763.5137329101562
714.7758178710938
686.0035400390625
662.5196533203125
639.4523315429688
100.0
100.0
100.0
100.0
100.0
99.99999237060547
607.9659423828125
614.8816528320312
601.4904174804688
583.6964721679688
563.3002319335938
552.6912841796875
541.3836669921875
517.5350341796875
493.8451843261719
470.72479248046875
448.3702697753906
426.8793029785156
406.4473876953125
387.2914733886719
369.46380615234375
352.83294677734375
337.1598205566406
322.44012451171875
308.8671569824219
295.95513916015625
283.6170654296875
271.87841796875
260.7479553222656
250.23451232910156
240.30555725097656
230.95193481445312
222.17156982421875
213.93081665039062
206.21701049804688
199.01882934570312
192.2928466796875
186.0058135986328
180.12075805664062
174.60702514648438
169.48345947265625
164.70921325683594
160.2310028076172
156.03280639648438
152.083984375
148.3769073486328
144.8926544189453
141.61093139648438
138.54258728027344
135.6667938232422
132.9647216796875
130.41314697265625
127.99451446533203
125.684814453125
123.46952056884766
121.33975982666016
119.29066467285156
117.3145980834961
115.40258026123047
113.54700469970703
111.73515319824219
109.963134765625
