1500.0
1500.0
1500.0
1500.0
1500.0
1500.0
1500.0
1500.0
1500.0
1500.0
1500.0
1500.0
1500.0
1500.0
1500.0
1500.0
1500.0
1500.0
1499.9998779296875
1500.0
1500.0
1500.0
1500.0
1500.0
1500.0
1500.0
1500.0
1500.0
1500.0
1500.0
1500.0
1500.0
1500.0
100.0
100.0
100.0
100.0
100.0
100.0
1500.0
1500.0
1500.0
1500.0
1500.0
1500.0
1500.0
1500.0
1500.0
1500.0
1500.0
1500.0
1500.0
1500.0
1500.0
1500.0
1500.0
1500.0
1500.0
1500.0
1500.0
1500.0
1500.0
1500.0
1500.0
1500.0
1500.0
1499.9998779296875
1500.0
1500.0
1500.0
1500.0
1500.0
1500.0
1500.0
1500.0
1475.808837890625
1438.2919921875
1405.712158203125
1375.6070556640625
1347.304443359375
1320.7523193359375
1295.69873046875
1271.6094970703125
1248.478271484375
1227.0076904296875
1207.015380859375
1187.2674560546875
1167.657470703125
1148.5626220703125
1130.3876953125
1112.15234375
1094.736328125
1078.3226318359375
1063.7801513671875
1051.1580810546875
