1499.9996337890625
1500.0
1500.0
1500.0
1500.0
1500.0
1500.0
1499.9998779296875
1500.0
1500.0
1500.0
1500.0
1500.0
1500.0
1500.0
1500.0
1500.0
1500.0
1500.0
1500.0
1500.0
1500.0
1500.0
1500.0
1500.0
1499.9998779296875
1500.0
1500.0
1500.0
1500.0
1500.0
1500.0
99.99999237060547
100.0
100.0
100.0
100.0
100.0
1500.0
1499.99853515625
1499.9998779296875
1500.0
1500.0
1500.0
1500.0
1500.0
1500.0
1500.0
1500.0
1500.0
1500.0
1419.53271484375
1323.466552734375
1235.815673828125
1161.6307373046875
1086.580078125
1012.5564575195312
951.623291015625
887.9916381835938
829.9601440429688
784.59814453125
737.0134887695312
704.3117065429688
677.11962890625
615.6215209960938
556.913330078125
498.250732421875
474.1681823730469
456.5946044921875
438.8041687011719
418.4706726074219
393.54803466796875
367.5960998535156
362.5035400390625
355.092041015625
333.87811279296875
312.54156494140625
296.505126953125
283.3372802734375
272.0338134765625
261.9717712402344
252.66111755371094
243.87594604492188
235.4644775390625
227.48062133789062
219.9878387451172
213.07281494140625
207.48233032226562
202.31716918945312
197.33340454101562
192.4989471435547
187.76475524902344
183.1616668701172
178.76161193847656
