1500.0
1500.0
1500.0
1500.0
1500.0
1500.0
1500.0
1500.0
1500.0
1500.0
1500.0
1500.0
1500.0
1500.0
1500.0
1500.0
1500.0
1500.0
1500.0
1500.0
1500.0
1500.0
1500.0
1500.0
1500.0
1500.0
1500.0
1500.0
1500.0
1500.0
1500.0
1500.0
99.9999771118164
100.0
100.0
100.0
100.0
100.0
1500.0
1500.0
1500.0
1500.0
1500.0
1500.0
1500.0
1419.668212890625
1309.0654296875
1211.0072021484375
1124.2213134765625
1043.3304443359375
965.4622802734375
893.883056640625
828.5628051757812
768.965087890625
713.7498168945312
661.9260864257812
613.9010009765625
566.6099243164062
523.8374633789062
488.1412353515625
458.71551513671875
445.333740234375
432.80450439453125
409.7969055175781
388.9690856933594
372.8283386230469
358.8325500488281
345.4297790527344
332.03826904296875
318.6474609375
305.5871276855469
292.87359619140625
280.52587890625
268.48065185546875
256.8099670410156
246.00469970703125
235.8307647705078
226.32830810546875
217.66586303710938
211.63710021972656
205.75746154785156
200.15455627441406
194.8279266357422
189.70489501953125
184.7598419189453
179.95498657226562
175.2783966064453
170.78172302246094
166.4844207763672
162.4709930419922
158.87559509277344
155.44651794433594
152.1211395263672
