1500.0
1500.0
1500.0
1500.0
1500.0
1500.0
1500.0
1500.0
1500.0
1500.0
1500.0
1500.0
1500.0
1500.0
1500.0
1500.0
1500.0
1500.0
1500.0
1500.0
1500.0
1500.0
1500.0
1500.0
1500.0
1500.0
1500.0
1500.0
1500.0
1500.0
1500.0
1500.0
100.0
100.0
100.0
100.0
100.0
100.0
1500.0
1500.0
1500.0
1500.0
1500.0
1500.0
1500.0
1500.0
1431.4442138671875
1364.37744140625
1298.925048828125
1234.2254638671875
1170.464111328125
1108.243408203125
1047.291748046875
987.9190063476562
927.7068481445312
871.54833984375
816.0762939453125
762.3890991210938
712.6082763671875
666.2962646484375
623.3908081054688
582.1561279296875
544.4275512695312
509.5321960449219
476.9626159667969
446.822998046875
418.9393005371094
393.29425048828125
369.81060791015625
348.2408752441406
328.4190673828125
310.1910095214844
293.4176940917969
277.9986572265625
263.8218078613281
250.7982635498047
238.8568572998047
227.87806701660156
217.76702880859375
208.577392578125
200.40548706054688
193.30345153808594
187.26356506347656
182.22732543945312
178.10719299316406
174.73048400878906
171.93606567382812
169.61643981933594
167.68235778808594
166.0686492919922
164.37078857421875
162.49026489257812
