1500.0
1500.0
1500.0
1500.0
1500.0
1500.0
1500.0
1500.0
1500.0
1500.0
1500.0
1500.0
1500.0
1500.0
1500.0
1500.0
1500.0
1500.0
1500.0
1500.0
1500.0
1500.0
1500.0
1500.0
1500.0
1500.0
1500.0
1500.0
1500.0
1500.0
1500.0
1500.0
99.9999771118164
100.0
100.0
100.0
100.0
100.0
1500.0
1500.0
1500.0
1500.0
1500.0
1500.0
1500.0
1500.0
1397.03515625
1288.9072265625
1194.5396728515625
1107.33056640625
1024.0916748046875
945.3867797851562
874.0687255859375
809.5125732421875
749.5748291015625
694.3863525390625
642.6956787109375
591.8248291015625
547.3140258789062
509.33831787109375
477.1106872558594
448.7914733886719
423.3195495605469
400.40423583984375
382.5169372558594
366.4625549316406
351.2678527832031
336.66943359375
322.70941162109375
309.26055908203125
296.10162353515625
283.2621765136719
270.7267150878906
258.63128662109375
247.19027709960938
236.8280792236328
229.60716247558594
222.42236328125
215.6163787841797
209.26556396484375
203.2988739013672
197.66603088378906
192.2811737060547
187.0850830078125
182.00389099121094
177.0830841064453
172.37696838378906
167.8920135498047
163.7578887939453
159.92433166503906
156.2691650390625
152.91551208496094
149.7524871826172
