1499.999755859375
1500.0
1500.0
1500.0
1500.0
1500.0
1500.0
1500.0
1500.0
1500.0
1500.0
1500.0
1500.0
1500.0
1500.0
1500.0
1500.0
1500.0
1500.0
1500.0
1500.0
1500.0
1500.0
1500.0
1500.0
1500.0
1500.0
1500.0
1500.0
1500.0
1500.0
1500.0
100.0
100.0
100.0
100.0
100.0
100.0
1500.0
1500.0
1500.0
1500.0
1500.0
1500.0
1500.0
1500.0
1500.0
1500.0
1500.0
1500.0
1466.92236328125
1404.7894287109375
1348.5164794921875
1296.16357421875
1246.9619140625
1200.4468994140625
1156.2662353515625
1134.8204345703125
1113.9033203125
1074.177978515625
1036.591552734375
1001.0535278320312
967.5189208984375
935.7249755859375
905.0260009765625
875.5240478515625
847.12255859375
819.7014770507812
793.41259765625
768.4369506835938
744.7946166992188
722.3482055664062
700.8829345703125
680.2468872070312
660.7172241210938
642.1917724609375
624.5670166015625
607.7653198242188
591.7239990234375
576.39794921875
561.649658203125
547.2427368164062
533.1182861328125
519.2288818359375
505.5694580078125
492.0880432128906
478.89227294921875
466.1228942871094
454.2916564941406
443.4596252441406
433.5217590332031
424.2931823730469
415.66357421875
