1500.0
1500.0
1500.0
1500.0
1500.0
1500.0
1500.0
1500.0
1500.0
1500.0
1500.0
1500.0
1500.0
1499.9423828125
1500.0
1500.0
1500.0
1500.0
1500.0
1500.0
1500.0
1500.0
1500.0
1440.908935546875
1388.1451416015625
1335.7415771484375
1284.7886962890625
1234.14697265625
1184.079833984375
1134.1513671875
1085.0565185546875
1037.119384765625
990.137939453125
100.0
100.0
100.0
100.0
100.0
100.0
1033.641845703125
844.237548828125
806.2862548828125
782.2389526367188
747.681396484375
719.4555053710938
694.459716796875
670.6632080078125
646.9176635742188
622.7682495117188
598.1822509765625
585.872802734375
573.4405517578125
548.0626220703125
522.56591796875
497.2259826660156
472.28875732421875
447.9882507324219
424.47125244140625
401.8731384277344
380.260498046875
359.6786804199219
340.0376892089844
321.21478271484375
303.6331787109375
286.9746398925781
271.457763671875
255.9149932861328
242.29905700683594
229.4344024658203
217.35720825195312
206.05780029296875
195.52047729492188
185.55679321289062
176.197998046875
167.43032836914062
159.2075958251953
151.4849090576172
144.13031005859375
137.27748107910156
130.89161682128906
124.92871856689453
119.3681869506836
114.18360137939453
109.3437728881836
104.78457641601562
100.50404357910156
96.44631958007812
92.62435913085938
89.02079010009766
85.61800384521484
82.40413665771484
79.36640167236328
76.49504852294922
73.77652740478516
71.20201110839844
