1499.999755859375
1500.0
1500.0
1500.0
1500.0
1500.0
1499.9998779296875
1500.0
1499.999755859375
1500.0
1500.0
1500.0
1500.0
1500.0
1500.0
1500.0
1496.956298828125
1478.7506103515625
1462.2972412109375
1444.9237060546875
1426.11083984375
1404.969970703125
1381.124755859375
1354.858154296875
1326.67333984375
1297.2520751953125
1267.3486328125
1237.2513427734375
1207.04345703125
1176.7877197265625
1146.5352783203125
1116.3251953125
99.99996948242188
100.0
100.0
100.0
100.0
100.0
1500.0
1386.758544921875
1219.9649658203125
1115.2177734375
1056.380859375
1010.5736694335938
969.8678588867188
932.9337158203125
897.6776733398438
862.7705078125
828.1005859375
793.5780029296875
758.9793090820312
723.6912841796875
689.6057739257812
657.6392822265625
627.520263671875
598.9559936523438
571.41552734375
544.83642578125
520.4508666992188
496.2431640625
473.1110534667969
461.9635925292969
451.17218017578125
431.01348876953125
413.8888854980469
399.5711975097656
387.24560546875
376.17205810546875
365.8599853515625
355.6308898925781
344.34295654296875
333.0604553222656
322.0187072753906
311.3420104980469
301.2143859863281
291.624267578125
282.38739013671875
273.2607727050781
264.0989074707031
254.81886291503906
245.4144744873047
235.9355010986328
226.53421020507812
217.47560119628906
208.9192657470703
200.92398071289062
193.42013549804688
186.308349609375
179.4915008544922
172.90855407714844
166.86578369140625
161.82464599609375
157.35682678222656
153.2215576171875
