1499.999755859375
1500.0
1500.0
1500.0
1500.0
1500.0
1500.0
1500.0
1500.0
1500.0
1500.0
1500.0
1500.0
1500.0
1500.0
1500.0
1500.0
1500.0
1500.0
1500.0
1500.0
1500.0
1500.0
1500.0
1500.0
1500.0
1500.0
1500.0
1500.0
1500.0
1500.0
1500.0
100.0
100.0
100.0
100.0
100.0
100.0
1500.0
1500.0
1500.0
1500.0
1500.0
1500.0
1500.0
1500.0
1500.0
1500.0
1500.0
1500.0
1461.567626953125
1399.9022216796875
1338.8424072265625
1278.3623046875
1219.2198486328125
1162.007080078125
1106.8123779296875
1053.594970703125
1002.3358764648438
953.0266723632812
905.7891845703125
882.901123046875
860.5387573242188
817.5810546875
776.8096923828125
738.2639770507812
701.8949584960938
667.2117309570312
634.4432983398438
603.7885131835938
574.9208984375
547.7037353515625
520.3350830078125
496.203369140625
473.2691955566406
451.5994567871094
430.7513122558594
411.3919372558594
393.2091369628906
376.0270690917969
359.7899475097656
344.4114990234375
329.8973083496094
316.2126159667969
303.24285888671875
290.98065185546875
279.4080810546875
268.4874572753906
258.0293273925781
248.05624389648438
238.71029663085938
229.91317749023438
221.5547332763672
213.59254455566406
