1499.9964599609375
1500.0
1500.0
1500.0
1500.0
1500.0
1500.0
1500.0
1500.0
1500.0
1500.0
1500.0
1500.0
1500.0
1500.0
1499.9998779296875
1500.0
1500.0
1500.0
1500.0
1500.0
1500.0
1500.0
1500.0
1500.0
1500.0
1500.0
1500.0
1500.0
1500.0
1500.0
1500.0
100.0
100.0
100.0
100.0
100.0
100.0
1500.0
1500.0
1500.0
1500.0
1500.0
1500.0
1500.0
1500.0
1500.0
1500.0
1500.0
1500.0
1500.0
1500.0
1500.0
1500.0
1500.0
1500.0
1500.0
1500.0
1500.0
1500.0
1500.0
1500.0
1500.0
1500.0
1498.1787109375
1440.0625
1388.9212646484375
1341.5379638671875
1296.5540771484375
1254.3155517578125
1214.73681640625
1177.8677978515625
1143.2408447265625
1110.937255859375
1081.11328125
1053.665771484375
1028.2286376953125
1004.3648071289062
982.3644409179688
961.8134765625
941.6951904296875
921.60009765625
902.5179443359375
884.2816772460938
866.75341796875
849.794921875
833.318115234375
817.2487182617188
801.8364868164062
787.0673217773438
772.9326782226562
759.3759155273438
