1499.9989013671875
1500.0
1500.0
1500.0
1500.0
1500.0
1499.9998779296875
1500.0
1500.0
1500.0
1500.0
1500.0
1500.0
1500.0
1500.0
1500.0
1500.0
1500.0
1500.0
1500.0
1500.0
1500.0
1500.0
1500.0
1500.0
1500.0
1500.0
1500.0
1500.0
1500.0
1500.0
1500.0
100.0
100.0
100.0
100.0
100.0
100.0
1500.0
1499.9998779296875
1500.0
1500.0
1500.0
1500.0
1500.0
1500.0
1500.0
1500.0
1499.996826171875
1499.9996337890625
1500.0
1499.998779296875
1500.0
1499.9998779296875
1499.98583984375
1500.0
1500.0
1500.0
1500.0
1500.0
1499.997314453125
1474.954345703125
1411.762939453125
1355.1505126953125
1300.0089111328125
1242.01318359375
1181.2630615234375
1120.7060546875
1067.3704833984375
1018.3814697265625
975.146240234375
937.1828002929688
891.82958984375
839.3344116210938
778.656494140625
719.0755004882812
679.6528930664062
641.8707275390625
599.6260375976562
553.3717041015625
518.579833984375
498.6246032714844
478.8916015625
457.1222839355469
434.986572265625
413.3106689453125
391.09466552734375
368.0747985839844
344.7127685546875
326.3133850097656
325.09503173828125
318.0599670410156
306.9905090332031
295.9573974609375
285.0059509277344
