1499.997314453125
1500.0
1500.0
1500.0
1500.0
1500.0
1500.0
1500.0
1500.0
1500.0
1500.0
1500.0
1500.0
1500.0
1500.0
1500.0
1500.0
1500.0
1500.0
1500.0
1500.0
1500.0
1500.0
1500.0
1500.0
1500.0
1500.0
1500.0
1500.0
1500.0
1500.0
1500.0
100.0
100.0
100.0
100.0
100.0
100.0
1500.0
1500.0
1500.0
1500.0
1500.0
1500.0
1500.0
1500.0
1500.0
1500.0
1500.0
1500.0
1500.0
1500.0
1500.0
1500.0
1500.0
1500.0
1500.0
1500.0
1471.2796630859375
1379.59423828125
1299.2725830078125
1222.65625
1153.1788330078125
1087.8529052734375
1026.386962890625
968.6488037109375
914.57861328125
888.8399658203125
864.1777954101562
817.8848266601562
775.0962524414062
735.911865234375
699.61083984375
665.8121337890625
634.4962158203125
605.2393188476562
577.8732299804688
552.2516479492188
528.28076171875
505.75396728515625
484.5087890625
464.3951416015625
445.38653564453125
427.4709777832031
410.5698547363281
394.6107177734375
379.5367431640625
365.2838439941406
351.7922668457031
339.0115661621094
326.8931579589844
315.3877258300781
304.45648193359375
