0.007847298868000507
0.008746244013309479
0.008337682113051414
0.008021347224712372
0.007843163795769215
0.0077238124795258045
0.007632560562342405
0.007560889236629009
0.007502094376832247
0.007446185685694218
0.00739322928711772
0.0073420098051428795
0.007290891837328672
0.0072407652623951435
0.007192052900791168
0.007146299351006746
0.007103456184267998
0.00706147076562047
0.007020382676273584
0.006981247570365667
0.006945200730115175
0.006912028416991234
0.006881868001073599
0.006853565573692322
0.006825864780694246
0.006797800771892071
0.00676856329664588
0.0067375279031693935
0.006704186554998159
0.006666891742497683
0.006627774331718683
0.006588260643184185
0.000762827112339437
0.0006934620323590934
0.0006798988906666636
0.0006853049271740019
0.0006998585304245353
0.0007194482022896409
0.006795172579586506
0.006707543041557074
0.006544012110680342
0.0064460597932338715
0.006377290468662977
0.00632131053134799
0.006270469166338444
0.0062209260649979115
0.006170794367790222
0.006119159050285816
0.006067269016057253
0.006011297460645437
0.005949302110821009
0.005882965866476297
0.005809389520436525
0.005732618272304535
0.005656543653458357
0.005580625031143427
0.005500678904354572
0.005418465007096529
0.005333947017788887
0.005247616674751043
0.005159537307918072
0.0050698090344667435
0.004978728946298361
0.004886964336037636
0.004795091226696968
0.004703460726886988
0.004612566903233528
0.004523270297795534
0.004435517359524965
0.004348451271653175
0.004261834546923637
0.004175861366093159
0.004090574570000172
0.004006097558885813
0.003922656178474426
0.0038404972292482853
0.0037596039474010468
0.0036802201066166162
0.003602401353418827
0.003526229877024889
0.003451885422691703
0.0033793682232499123
0.003308659652248025
0.003239672165364027
0.0031722625717520714
0.003106336807832122
0.003041811753064394
0.002978663891553879
0.0029168804176151752
0.0028564902022480965
0.0027974830009043217
0.0027399472892284393
