0.021526115015149117
0.026562143117189407
0.029514145106077194
0.03048386238515377
0.030792493373155594
0.030850358307361603
0.03083023615181446
0.03083142451941967
0.030897971242666245
0.03101026825606823
0.0311599038541317
0.031339894980192184
0.031587179750204086
0.031887784600257874
0.03218268230557442
0.03244440630078316
0.0326814129948616
0.03291866555809975
0.033183224499225616
0.03346880152821541
0.03377115726470947
0.03409194573760033
0.03443818539381027
0.034832462668418884
0.03528961166739464
0.03581685200333595
0.03641362860798836
0.03707422688603401
0.03778732568025589
0.03853355348110199
0.03930129483342171
0.04009408876299858
0.001981885638087988
0.0014061381807550788
0.0013836687430739403
0.0013622073456645012
0.001364144030958414
0.0013669702457264066
0.03197399526834488
0.03834503889083862
0.0411548838019371
0.04182371497154236
0.04088307544589043
0.040276240557432175
0.039777521044015884
0.03930768370628357
0.038841187953948975
0.038374822586774826
0.037894368171691895
0.037352681159973145
0.03671818971633911
0.03608853742480278
0.035449542105197906
0.03480769693851471
0.03416210040450096
0.03350996598601341
0.03284754604101181
0.03222649544477463
0.03158603981137276
0.030921077355742455
0.030253656208515167
0.02958834543824196
0.028924452140927315
0.02826175093650818
0.027596700936555862
0.026934979483485222
0.026280954480171204
0.025629859417676926
0.024985037744045258
0.02434886060655117
0.02372206561267376
0.023105572909116745
0.022498488426208496
0.021899983286857605
0.021310927346348763
0.020731966942548752
0.020166128873825073
0.01961635611951351
0.019080206751823425
0.018554069101810455
0.018033187836408615
0.01751350238919258
0.01700563356280327
0.016521120443940163
0.016067475080490112
0.01564124785363674
0.015238011255860329
0.01485402137041092
0.014486799947917461
0.014134095050394535
0.013793326914310455
0.013463339768350124
