0.041676536202430725
0.04596883803606033
0.05237437039613724
0.055196695029735565
0.05586109310388565
0.0561353974044323
0.056420277804136276
0.056767504662275314
0.05714001506567001
0.057425983250141144
0.05769108235836029
0.05791700258851051
0.05807681381702423
0.058223094791173935
0.0583796352148056
0.058575697243213654
0.058768380433321
0.058962151408195496
0.05916113406419754
0.0593782477080822
0.059621959924697876
0.05989280715584755
0.060207217931747437
0.06058366969227791
0.06106894835829735
0.061641670763492584
0.06225557625293732
0.06292611360549927
0.06363818794488907
0.06435415893793106
0.0650608018040657
0.06576644629240036
0.0031349400524049997
0.0028810256626456976
0.002810653066262603
0.0028074379079043865
0.002802749862894416
0.0027983086183667183
0.0585998073220253
0.06299638748168945
0.06514395028352737
0.06667428463697433
0.0679691731929779
0.06914461404085159
0.07024403661489487
0.07128928601741791
0.07227150350809097
0.07322118431329727
0.07414848357439041
0.0750562772154808
0.07597004622220993
0.07690224796533585
0.07793379575014114
0.07904912531375885
0.08021948486566544
0.08154767751693726
0.08296061307191849
0.08438629657030106
0.08570317178964615
0.08685198426246643
0.08792741596698761
0.08904226124286652
0.09020882099866867
0.09155172109603882
0.0930398553609848
0.09434725344181061
0.09582992643117905
0.09773685038089752
0.10006891936063766
0.10182011127471924
0.10249622911214828
0.10355175286531448
0.10617426782846451
0.11026543378829956
0.10379762947559357
0.10203991830348969
0.10508585721254349
0.11049742251634598
0.14038200676441193
0.1945859044790268
0.2557253837585449
0.3284056484699249
0.41155171394348145
0.5032081604003906
0.608962893486023
0.7318446636199951
0.8768046498298645
1.0507915019989014
1.1958445310592651
1.3343157768249512
24.023277282714844
36.47402572631836
