0.024012504145503044
0.02613801695406437
0.028996160253882408
0.032072193920612335
0.03344400227069855
0.03386205434799194
0.034055255353450775
0.03434288129210472
0.03457387909293175
0.034731727093458176
0.03491601347923279
0.03511734679341316
0.035326920449733734
0.035560961812734604
0.035797711461782455
0.03603850305080414
0.03630368411540985
0.03659068048000336
0.036883797496557236
0.03718893229961395
0.03750830888748169
0.03784862533211708
0.03822474181652069
0.03864777460694313
0.0391218438744545
0.03965036943554878
0.040226954966783524
0.04084884002804756
0.04151300713419914
0.04219713807106018
0.042896613478660583
0.0436115562915802
0.0023217094130814075
0.0022246476728469133
0.0021802193950861692
0.00215105595998466
0.0021317971404641867
0.002118105301633477
0.03881233185529709
0.04143531620502472
0.0429728664457798
0.04405864700675011
0.04499712213873863
0.04590965062379837
0.046848371624946594
0.04783237725496292
0.048863328993320465
0.0499361976981163
0.05104831978678703
0.052216846495866776
0.05343477800488472
0.05468391999602318
0.05596050247550011
0.057076696306467056
0.05806552991271019
0.05903349816799164
0.059995025396347046
0.06090419366955757
0.06173224002122879
0.06251507252454758
0.06326021999120712
0.06396430730819702
0.06462603062391281
0.06524257361888885
0.06582946330308914
0.0663834735751152
0.06690272688865662
0.06740981340408325
0.06796757876873016
0.06854325532913208
0.06892410665750504
0.0664389580488205
0.0642181858420372
0.0621025413274765
0.060007959604263306
0.05793410912156105
0.0559566505253315
0.05406852811574936
0.052193399518728256
0.050273533910512924
0.04838087782263756
0.04652797058224678
0.044738516211509705
0.04321369156241417
0.0418550930917263
0.04059746488928795
0.03939708322286606
0.038238152861595154
0.03712225332856178
0.03604194149374962
0.03499513491988182
0.03399573266506195
