7.050626754760742
8.286442756652832
10.65710735321045
13.430025100708008
14.148367881774902
14.665169715881348
14.568687438964844
14.346414566040039
14.571266174316406
15.11325454711914
15.792988777160645
16.392009735107422
16.7359619140625
16.637760162353516
16.550899505615234
16.660646438598633
17.012950897216797
17.589611053466797
18.344215393066406
19.315998077392578
20.39423370361328
21.444290161132812
22.560325622558594
23.92025375366211
25.719675064086914
28.071880340576172
31.319171905517578
35.957000732421875
42.465850830078125
50.14654541015625
58.6712760925293
67.33023071289062
1.223752737045288
0.7675665020942688
0.773521363735199
0.779729425907135
0.7987817525863647
0.8230893015861511
20.64798927307129
33.22168731689453
86.71137237548828
151.57237243652344
173.0602264404297
191.23666381835938
211.2471923828125
233.90228271484375
259.6006164550781
287.64788818359375
316.3986511230469
345.6172790527344
361.7640380859375
378.39080810546875
394.539794921875
410.27593994140625
424.1758117675781
436.0674133300781
446.17156982421875
454.6949768066406
461.7146301269531
467.5536193847656
472.4049072265625
476.4700622558594
479.7218933105469
482.0687561035156
482.7093200683594
482.87109375
482.82244873046875
482.5198059082031
481.8336486816406
480.7998962402344
479.2584533691406
477.3399353027344
475.1776428222656
472.8230895996094
470.3170166015625
467.6900634765625
465.0351257324219
462.3189392089844
459.5824890136719
458.2540283203125
456.87744140625
454.244384765625
451.68719482421875
449.1954650878906
446.7333984375
444.3128356933594
441.97332763671875
439.6911315917969
437.4439697265625
435.2239074707031
433.038330078125
430.8324890136719
427.4374694824219
