6.936738967895508
7.894756317138672
10.069539070129395
12.698526382446289
14.675410270690918
14.577173233032227
14.369373321533203
13.879197120666504
13.847898483276367
14.21450138092041
14.88338851928711
15.658440589904785
16.300107955932617
16.807451248168945
17.26490592956543
17.78130531311035
18.292736053466797
18.648950576782227
19.149477005004883
19.846303939819336
20.68529510498047
21.7685546875
23.173809051513672
24.87533950805664
26.83327293395996
29.075084686279297
31.7768497467041
35.058345794677734
39.0564079284668
43.915401458740234
49.67233657836914
55.20371627807617
0.5310103893280029
0.8391212821006775
0.7060266733169556
0.6981806755065918
0.7011290192604065
0.710788905620575
16.393630981445312
27.559661865234375
65.64696502685547
88.34484100341797
98.95043182373047
105.53202056884766
112.4597396850586
120.60211944580078
130.36741638183594
142.34585571289062
155.95101928710938
170.808837890625
185.9795684814453
201.47193908691406
217.1528778076172
233.0813751220703
249.5396270751953
266.3095703125
280.8360900878906
287.96563720703125
295.62823486328125
302.8421325683594
309.3257751464844
314.8550720214844
319.5967712402344
323.77703857421875
327.6247253417969
331.2305908203125
334.6176452636719
337.75811767578125
340.6243896484375
343.16278076171875
345.25067138671875
346.8204650878906
348.02166748046875
348.9115295410156
349.6454772949219
350.16619873046875
350.4109191894531
350.4154357910156
350.2379150390625
349.90576171875
349.44708251953125
348.9396667480469
348.4153747558594
347.88128662109375
347.3301086425781
346.21246337890625
344.98687744140625
343.80828857421875
342.7442321777344
341.7120666503906
340.6753234863281
339.62286376953125
