0.02432665228843689
0.026658229529857635
0.02995286136865616
0.03311968222260475
0.03383740782737732
0.03407895937561989
0.03435220569372177
0.0345451720058918
0.03469306230545044
0.03487161919474602
0.0350298210978508
0.03516078740358353
0.03533467277884483
0.03551923856139183
0.03573206439614296
0.03597940877079964
0.03624505177140236
0.0365058109164238
0.03675628826022148
0.037006232887506485
0.03727518394589424
0.037591032683849335
0.037974774837493896
0.038425710052251816
0.03893498703837395
0.03949345275759697
0.04009164124727249
0.04074499383568764
0.04143613204360008
0.042160097509622574
0.04291468858718872
0.04370887950062752
0.002290122676640749
0.0021184105426073074
0.0020516428630799055
0.0020211723167449236
0.002005720743909478
0.0019970140419900417
0.039646048098802567
0.04295988380908966
0.044603586196899414
0.0457007922232151
0.04667414352297783
0.047694772481918335
0.04881760850548744
0.05004454404115677
0.05136550962924957
0.05276840552687645
0.05422520637512207
0.0557175874710083
0.056977495551109314
0.05807637795805931
0.05913957953453064
0.06013847142457962
0.0611412487924099
0.062117453664541245
0.0630754828453064
0.06400402635335922
0.0649019330739975
0.06577878445386887
0.06664460152387619
0.0674906000494957
0.06830108165740967
0.06905815005302429
0.06978625059127808
0.07047571986913681
0.06985975801944733
0.06746172159910202
0.0652632936835289
0.06314749270677567
0.062102608382701874
0.06107169762253761
0.059038326144218445
0.05701357498764992
0.05500315874814987
0.05304954946041107
0.05113227665424347
0.049214545637369156
0.04733073338866234
0.04542921856045723
0.04355588182806969
0.04165562242269516
0.03976505622267723
0.038010355085134506
0.036388713866472244
0.03517061099410057
0.03437440097332001
0.033713120967149734
0.033136703073978424
0.03261661157011986
0.03219893202185631
0.03185392543673515
0.03155584633350372
