0.037047289311885834
0.03809916228055954
0.041092198342084885
0.04372616484761238
0.045876096934080124
0.047888416796922684
0.04947725683450699
0.05048481747508049
0.05110819265246391
0.05146869644522667
0.05166999250650406
0.0518072210252285
0.05193132534623146
0.05208504945039749
0.05227432772517204
0.052596595138311386
0.05294439196586609
0.05325549468398094
0.05358044430613518
0.05391388759016991
0.054256733506917953
0.05461035296320915
0.05499586835503578
0.05545848235487938
0.055992450565099716
0.05659659579396248
0.05724924057722092
0.05793360248208046
0.0586412250995636
0.05936533212661743
0.06010355055332184
0.06085610389709473
0.0036283170338720083
0.003472262527793646
0.0034414203837513924
0.003427171381190419
0.003413420869037509
0.003397782100364566
0.05732523649930954
0.05883926525712013
0.05978391319513321
0.060733895748853683
0.06174057722091675
0.06280315667390823
0.06391054391860962
0.06505995988845825
0.06622683256864548
0.06739496439695358
0.0685567632317543
0.06970557570457458
0.070841483771801
0.07198739796876907
0.07312789559364319
0.07424934208393097
0.07542644441127777
0.07655699551105499
0.07768179476261139
0.07885880023241043
0.07984983175992966
0.0808221846818924
0.08184821903705597
0.08290255069732666
0.08395139127969742
0.08497776091098785
0.08596855401992798
0.0869176909327507
0.08781075477600098
0.08866620063781738
0.08948072046041489
0.09027322381734848
0.09102362394332886
0.09168447554111481
0.09221954643726349
0.09269359707832336
0.09313716739416122
0.09355569630861282
0.09395606070756912
0.0943751186132431
0.09485901147127151
0.09541523456573486
0.09600689262151718
0.09664605557918549
0.09747093170881271
0.09844202548265457
0.09932681918144226
0.10052497684955597
0.10216216742992401
0.10459408164024353
0.10771415382623672
0.11067504435777664
0.11293797940015793
0.11414621770381927
