0.006568435579538345
0.007070539984852076
0.007770654279738665
0.008390051312744617
0.008880524896085262
0.009344656020402908
0.009694290347397327
0.009867135435342789
0.009937677532434464
0.010011661797761917
0.010083292610943317
0.01016593724489212
0.010232130065560341
0.010290789417922497
0.010361571796238422
0.010433564893901348
0.01050937082618475
0.010591684840619564
0.010679837316274643
0.010777044110000134
0.010892543010413647
0.011036035604774952
0.011204853653907776
0.011394903995096684
0.011604979634284973
0.011832807213068008
0.0120765445753932
0.01233518123626709
0.012605980969965458
0.012878498062491417
0.013115588575601578
0.013365326449275017
0.0008341792854480445
0.0007550736772827804
0.0007442627102136612
0.0007485375972464681
0.0007556609925813973
0.0007623850251547992
0.013209025375545025
0.013764879666268826
0.014036392793059349
0.01424498576670885
0.01445688121020794
0.014691551215946674
0.014954829588532448
0.015243039466440678
0.015556526370346546
0.01589522697031498
0.01626124605536461
0.016655169427394867
0.017079560086131096
0.017540404573082924
0.018008260056376457
0.018463904038071632
0.018921030685305595
0.01933414116501808
0.019741294905543327
0.020145496353507042
0.020553311333060265
0.02096571959555149
0.021379919722676277
0.021792806684970856
0.02220427244901657
0.022613506764173508
0.02301849238574505
0.023417184129357338
0.023803217336535454
0.024175986647605896
0.024535993114113808
0.024888163432478905
0.025232380256056786
0.02556961216032505
0.02590068243443966
0.02622559666633606
0.026544930413365364
0.026858873665332794
0.027166366577148438
0.02746620401740074
0.02775845304131508
0.028057200834155083
0.028345558792352676
0.02863205038011074
0.028907829895615578
0.0291739534586668
0.029427580535411835
0.029666591435670853
0.029889361932873726
0.03009560890495777
0.03028448298573494
0.030463432893157005
0.03062843158841133
0.03077745996415615
