0.042682744562625885
0.0516321137547493
0.05720076337456703
0.05982707068324089
0.06094031408429146
0.061396460980176926
0.061576712876558304
0.06169215962290764
0.06187128275632858
0.06213993951678276
0.06244657561182976
0.06277001649141312
0.06315862387418747
0.06351615488529205
0.06386309862136841
0.0642218217253685
0.06458757072687149
0.06496267020702362
0.06533700227737427
0.06573788076639175
0.06613116711378098
0.06540276110172272
0.06481131911277771
0.06429744511842728
0.06384529918432236
0.06344474107027054
0.06308358162641525
0.06274542957544327
0.062411122024059296
0.06206243485212326
0.06169327348470688
0.06130075082182884
0.0031870179809629917
0.00274862814694643
0.0026530532632023096
0.0025981361977756023
0.002607874106615782
0.002596142701804638
0.05387071520090103
0.06336887180805206
0.06718926131725311
0.06411506235599518
0.06225975975394249
0.06092479079961777
0.05982355773448944
0.05886220186948776
0.05798674374818802
0.05716066062450409
0.056362710893154144
0.05556729435920715
0.05462871491909027
0.05367467179894447
0.05272773280739784
0.05177408084273338
0.050798382610082626
0.04980750009417534
0.04881842061877251
0.047828156501054764
0.04681965708732605
0.04579797014594078
0.04475109651684761
0.0436570830643177
0.04253402724862099
0.04142012819647789
0.04032999649643898
0.03926701471209526
0.038244448602199554
0.03730524331331253
0.03638966381549835
0.03548341989517212
0.034590475261211395
0.03370531275868416
0.032830655574798584
0.03196430951356888
0.031099773943424225
0.030241886153817177
0.029396550729870796
0.02856563590466976
0.027751348912715912
0.026963986456394196
0.02621825784444809
0.02551981247961521
0.024863988161087036
0.024241972714662552
0.023647448047995567
0.023077556863427162
0.022529156878590584
0.022000757977366447
0.021489020437002182
0.02099575474858284
0.020520946010947227
0.020066477358341217
