0.0241988617926836
0.026440778747200966
0.029514651745557785
0.03280685096979141
0.03359875828027725
0.03385809063911438
0.03407521918416023
0.034375857561826706
0.03457953780889511
0.034771230071783066
0.03493935614824295
0.03511705622076988
0.035306066274642944
0.035516250878572464
0.03575420379638672
0.0360124334692955
0.03629312291741371
0.03659180551767349
0.03689995035529137
0.037209562957286835
0.037528328597545624
0.03789474070072174
0.0383286327123642
0.03882627189159393
0.03938367962837219
0.039986710995435715
0.040621064603328705
0.04129593446850777
0.04199059307575226
0.04270155355334282
0.043423984199762344
0.04415732994675636
0.002391346264630556
0.002294360427185893
0.0022656929213553667
0.0022580816876143217
0.002259163185954094
0.002264718059450388
0.040280889719724655
0.042413730174303055
0.043746646493673325
0.04477996751666069
0.04569251462817192
0.046581633388996124
0.04749676585197449
0.04846184328198433
0.049470990896224976
0.05050881206989288
0.05158109590411186
0.052672285586595535
0.05379471555352211
0.05495969206094742
0.05612700805068016
0.05710386857390404
0.05793798342347145
0.05875026062130928
0.059553056955337524
0.06028112396597862
0.06094687059521675
0.061591390520334244
0.06218951940536499
0.06274861842393875
0.06328766793012619
0.0637953132390976
0.06427086144685745
0.06473731249570847
0.06522741913795471
0.06578131765127182
0.06632417440414429
0.06685913354158401
0.064408078789711
0.06214116886258125
0.05997054651379585
0.057835470885038376
0.05595967918634415
0.054340168833732605
0.05286431685090065
0.051522526890039444
0.05026290565729141
0.04904812201857567
0.047865983098745346
0.04663537070155144
0.04534365236759186
0.044036272913217545
0.04275818541646004
0.04152252525091171
0.04032357037067413
0.03914141654968262
0.03796763718128204
0.03680356591939926
0.035666994750499725
0.03460691124200821
