4.065188407897949
5.039367198944092
6.918177604675293
9.005940437316895
8.4281005859375
7.760765552520752
7.560430526733398
7.748590469360352
8.186378479003906
8.80380916595459
9.478540420532227
9.712447166442871
9.899889945983887
9.90889835357666
9.900813102722168
9.936371803283691
10.043102264404297
10.203886032104492
10.406153678894043
10.629210472106934
10.88672161102295
11.161723136901855
11.465599060058594
11.803473472595215
12.177689552307129
12.58222484588623
13.026501655578613
13.529718399047852
14.107162475585938
14.743782997131348
15.45458698272705
16.29393768310547
0.6493125557899475
0.5141178369522095
0.5203106999397278
0.5466750264167786
0.5786334872245789
0.6116637587547302
21.393077850341797
22.546545028686523
22.559825897216797
22.99876594543457
23.860212326049805
24.973388671875
25.576000213623047
26.195411682128906
27.466922760009766
28.736703872680664
29.978656768798828
31.18973731994629
32.40770721435547
33.62066650390625
34.82700729370117
36.008296966552734
37.307464599609375
38.488094329833984
39.57688522338867
40.61007308959961
41.609439849853516
42.58555221557617
43.528892517089844
44.453125
45.32483673095703
46.13039779663086
46.877899169921875
47.565364837646484
48.188175201416016
48.73948287963867
49.24038314819336
49.70975875854492
50.12739181518555
50.49650192260742
50.82323455810547
51.11622619628906
51.37607192993164
51.690975189208984
51.9577751159668
52.18406295776367
52.38242721557617
52.55956268310547
52.7171745300293
52.856658935546875
52.98150634765625
53.09061050415039
53.177791595458984
53.24604797363281
53.29988098144531
53.3444709777832
53.382965087890625
53.384178161621094
53.36371994018555
53.33676528930664
53.311988830566406
53.298580169677734
