0.04058004543185234
0.044054292142391205
0.04905110225081444
0.054475605487823486
0.055371809750795364
0.05569012090563774
0.056115757673978806
0.05652230232954025
0.05685571953654289
0.05716577544808388
0.05742974951863289
0.05772954225540161
0.05812741443514824
0.0585220530629158
0.05888019874691963
0.05924356356263161
0.0595981664955616
0.05996205285191536
0.060389816761016846
0.06091752275824547
0.06156318262219429
0.06231485679745674
0.06315773725509644
0.06406017392873764
0.06503533571958542
0.06607642024755478
0.0671902745962143
0.0684010460972786
0.06965316832065582
0.07089445739984512
0.0721396654844284
0.07349260151386261
0.004070974420756102
0.003932596649974585
0.0038970832247287035
0.003870525397360325
0.003857269650325179
0.003848896361887455
0.06693829596042633
0.07086008042097092
0.07326803356409073
0.0751720741391182
0.0770101249217987
0.07910793274641037
0.08142027258872986
0.08384433388710022
0.08642140030860901
0.0892748013138771
0.09232371300458908
0.09470631927251816
0.09720644354820251
0.09961332380771637
0.10280065983533859
0.10661036521196365
0.11075145751237869
0.11571796983480453
0.12196025252342224
0.12952134013175964
0.13454575836658478
0.14447401463985443
0.15633414685726166
0.17511926591396332
0.42346885800361633
0.8708363771438599
1.5464524030685425
2.141517400741577
2.7382218837738037
18.86046028137207
61.70182418823242
73.70589447021484
77.64533996582031
79.1344985961914
79.7948226928711
80.13990783691406
80.34114074707031
80.68148803710938
81.01143646240234
81.28376770019531
81.56060028076172
81.8030014038086
81.9040756225586
81.77433776855469
81.57233428955078
81.35008239746094
81.11248016357422
80.85504913330078
80.59813690185547
80.34712219238281
80.09716796875
80.51651000976562
80.98944091796875
81.41974639892578
81.93692016601562
