0.04382968321442604
0.052587710320949554
0.057710736989974976
0.060336291790008545
0.06138032674789429
0.061775825917720795
0.06202683970332146
0.06232495605945587
0.06271761655807495
0.06312243640422821
0.06354585289955139
0.06392861157655716
0.06434039026498795
0.06479724496603012
0.06527294218540192
0.06575974076986313
0.06632895022630692
0.06552449613809586
0.06479127705097198
0.06416597962379456
0.06362370401620865
0.06314975023269653
0.06271473318338394
0.06228015944361687
0.061822567135095596
0.06133377179503441
0.06081318482756615
0.06026110425591469
0.05967472866177559
0.05904941260814667
0.058382075279951096
0.05767406150698662
0.003537955693900585
0.0028081205673515797
0.0027156134601682425
0.0026766823139041662
0.0026141295675188303
0.0026040435768663883
0.061897162348032
0.06999388337135315
0.06450311094522476
0.060029320418834686
0.057681262493133545
0.0560155026614666
0.05461300164461136
0.05314233899116516
0.051779232919216156
0.05044873431324959
0.0491316020488739
0.0478336475789547
0.046543605625629425
0.045231547206640244
0.043877895921468735
0.042471352964639664
0.041086506098508835
0.039758674800395966
0.03847038000822067
0.03722866624593735
0.03608321025967598
0.03495137393474579
0.033820122480392456
0.032695166766643524
0.031588293612003326
0.03050408698618412
0.02944125235080719
0.028406428173184395
0.02742163836956024
0.02649795450270176
0.025633029639720917
0.024825120344758034
0.024068932980298996
0.023358087986707687
0.02268453687429428
0.02204364910721779
0.02142755500972271
0.02083721198141575
0.02027438022196293
0.019738338887691498
0.019224578514695168
0.01873461715877056
0.018263831734657288
0.017807912081480026
0.017365003004670143
0.016936132684350014
0.016522511839866638
0.016123322769999504
0.015731921419501305
0.015356332063674927
0.01500016450881958
0.01465850044041872
0.014323443174362183
0.014006211422383785
0.013699829578399658
