0.4857047200202942
0.5266581177711487
0.7837903499603271
1.0008606910705566
1.0171130895614624
1.0224295854568481
1.0296481847763062
1.0394428968429565
1.0517312288284302
1.0673171281814575
1.087942361831665
1.10832679271698
1.1292169094085693
1.1460041999816895
1.161571741104126
1.179715871810913
1.201419472694397
1.2254668474197388
1.2561273574829102
1.300850510597229
1.3562487363815308
1.4247256517410278
1.5090981721878052
1.6163923740386963
1.759205937385559
1.9516751766204834
2.0451605319976807
2.1097724437713623
2.2175371646881104
6.653382778167725
15.635337829589844
20.798200607299805
0.5328050851821899
0.6708484292030334
0.8197782039642334
0.954889714717865
1.079374074935913
1.1939340829849243
41.40773010253906
40.696929931640625
46.74174118041992
54.36007308959961
61.98671340942383
69.83899688720703
78.4399185180664
86.41338348388672
94.05791473388672
101.27835845947266
108.06251525878906
114.72933197021484
121.11137390136719
127.26119232177734
132.98043823242188
137.9935302734375
142.40968322753906
146.17051696777344
149.3206024169922
151.95838928222656
154.19876098632812
156.05499267578125
157.54234313964844
158.61343383789062
159.44847106933594
160.27606201171875
160.86517333984375
161.3280029296875
161.6718292236328
161.89883422851562
162.00184631347656
162.0095672607422
161.96629333496094
161.90322875976562
161.80838012695312
161.6350860595703
160.99728393554688
160.21463012695312
159.3901824951172
158.5511474609375
157.7149200439453
156.8848419189453
156.0602264404297
155.16656494140625
154.25596618652344
153.35012817382812
152.45358276367188
151.56094360351562
150.67066955566406
149.77748107910156
148.87889099121094
147.98033142089844
147.0858612060547
146.19664001464844
