0.00830493401736021
0.008648833259940147
0.008313619531691074
0.008026761934161186
0.00784379243850708
0.007712795399129391
0.007611782755702734
0.007536099757999182
0.0074693807400763035
0.007406522985547781
0.007347727660089731
0.00728954840451479
0.00723220081999898
0.00717703765258193
0.007124949712306261
0.00707433233037591
0.0070260935463011265
0.006981323938816786
0.006940307095646858
0.006903272587805986
0.006868456490337849
0.006833992432802916
0.006798694841563702
0.0067614163272082806
0.006721461191773415
0.0066762748174369335
0.006628994829952717
0.00658094696700573
0.006531557533890009
0.0064797536469995975
0.006425085011869669
0.006367357913404703
0.0008620512671768665
0.0008471523178741336
0.0008592606172896922
0.0008716371958144009
0.0008809849387034774
0.0008897148072719574
0.0064769322052598
0.006461257580667734
0.006351050920784473
0.006213386543095112
0.0061145662330091
0.0060326713137328625
0.0059568192809820175
0.005880227778106928
0.00579635938629508
0.005707529839128256
0.005619530566036701
0.005528036039322615
0.005433176644146442
0.005334042012691498
0.005231996066868305
0.005127139389514923
0.005019678734242916
0.00491059897467494
0.004800526890903711
0.004745787009596825
0.004690642934292555
0.004580502398312092
0.004471805412322283
0.0043637389317154884
0.00425594812259078
0.004148551728576422
0.004041474312543869
0.003934900276362896
0.0038820430636405945
0.003829186549410224
0.0037248139269649982
0.003622360061854124
0.003522056620568037
0.003424223745241761
0.003329032799229026
0.00323663093149662
0.0031470090616494417
0.0030601283069700003
0.002975923242047429
0.0028942525386810303
0.002815074287354946
0.002738521434366703
0.002664419589564204
0.002592700533568859
0.0025233838241547346
0.002456370508298278
0.002391672693192959
0.0023292903788387775
0.0022690671030431986
0.0022109178826212883
0.002154810354113579
0.0021007710602134466
0.002048812573775649
0.0019988894928246737
0.0019509965786710382
0.0019049003021791577
0.0018603510688990355
