6.997673034667969
8.365544319152832
11.64024543762207
15.918845176696777
16.702489852905273
16.145383834838867
16.14525604248047
16.872478485107422
17.76910400390625
18.50314712524414
19.1109619140625
19.609392166137695
19.84054946899414
20.160751342773438
20.567771911621094
21.228599548339844
22.046993255615234
22.910701751708984
23.878183364868164
25.039443969726562
26.469087600708008
28.2641544342041
30.5194091796875
32.842689514160156
34.60991668701172
36.05299758911133
37.86664581298828
39.8565559387207
42.175106048583984
44.35136032104492
46.55006790161133
48.952335357666016
0.6984524130821228
0.5284542441368103
0.4336908161640167
0.40827351808547974
0.4055275022983551
0.40779635310173035
11.37349796295166
34.405487060546875
64.3708267211914
69.56338500976562
71.55500030517578
72.98512268066406
74.81975555419922
76.9427490234375
76.46912384033203
77.35765075683594
79.05384063720703
81.38327026367188
84.2621078491211
87.64590454101562
91.58927917480469
96.05170440673828
100.89554595947266
106.19789123535156
112.14275360107422
118.38556671142578
124.7917709350586
131.4034881591797
138.38795471191406
145.6095428466797
152.9674835205078
160.377197265625
167.693115234375
174.9102325439453
182.18130493164062
189.17381286621094
196.18218994140625
202.7948455810547
208.9616241455078
214.66543579101562
219.91168212890625
224.9006805419922
229.4334259033203
233.49606323242188
237.17523193359375
240.7076416015625
244.03697204589844
247.01158142089844
249.716064453125
252.1892852783203
254.52976989746094
256.6658935546875
258.56781005859375
260.2870788574219
261.6794738769531
262.8070373535156
263.7560119628906
264.5393981933594
265.1966247558594
265.78045654296875
