0.04015450179576874
0.04319969564676285
0.04729372262954712
0.051709678024053574
0.05478797107934952
0.05545884743332863
0.05565138906240463
0.05587493255734444
0.05628476291894913
0.05665118992328644
0.05690125375986099
0.05716763436794281
0.05748419463634491
0.05773374065756798
0.058024000376462936
0.058342475444078445
0.05865827575325966
0.05895563215017319
0.05925484001636505
0.05956811085343361
0.0598905123770237
0.06022696569561958
0.06059245392680168
0.06100749596953392
0.06150946393609047
0.062100935727357864
0.06275644153356552
0.06345392018556595
0.06418946385383606
0.06497300416231155
0.06582929939031601
0.06671524792909622
0.003726925700902939
0.0034849459771066904
0.003334060311317444
0.0032174093648791313
0.003134980099275708
0.0030758718494325876
0.05822597071528435
0.06248055770993233
0.06478263437747955
0.06646467745304108
0.06790141016244888
0.06931514292955399
0.07077670097351074
0.07229813933372498
0.07387024909257889
0.07547678053379059
0.07709575444459915
0.0787193551659584
0.0803465023636818
0.08197083324193954
0.08354098349809647
0.08505689352750778
0.08657000958919525
0.08801404386758804
0.0894380509853363
0.09083689004182816
0.09221778810024261
0.09329821914434433
0.09426748752593994
0.09524315595626831
0.09629803895950317
0.09742336720228195
0.09855380654335022
0.09973850101232529
0.1010669395327568
0.10344909876585007
0.1055792048573494
0.107782281935215
0.11049272119998932
0.11354473233222961
0.1168302670121193
0.12027386575937271
0.1226554661989212
0.12455874681472778
0.12757712602615356
0.13260509073734283
0.13747729361057281
0.14148519933223724
0.14351150393486023
0.14559613168239594
0.14885134994983673
0.14502432942390442
0.13829399645328522
0.13296197354793549
0.1279899924993515
0.12323298305273056
0.11860737949609756
0.11408571898937225
0.10967408120632172
0.10586302727460861
0.10224726796150208
