0.09852973371744156
0.11377420276403427
0.1263042688369751
0.13562428951263428
0.14175789058208466
0.14373673498630524
0.14510498940944672
0.1465747058391571
0.1476999968290329
0.14848195016384125
0.14926353096961975
0.15008419752120972
0.1509164720773697
0.1515711545944214
0.15222018957138062
0.15296363830566406
0.1537461131811142
0.15459971129894257
0.1554906964302063
0.15639691054821014
0.1573878675699234
0.1585870236158371
0.16004140675067902
0.16182197630405426
0.16454175114631653
0.16800706088542938
0.1721068173646927
0.17652952671051025
0.18112418055534363
0.18598149716854095
0.19130736589431763
0.19721049070358276
0.019236911088228226
0.011436465196311474
0.009882716462016106
0.009168991819024086
0.008722430095076561
0.008446569554507732
0.15954282879829407
0.1888836920261383
0.20659975707530975
0.2226407825946808
0.23920834064483643
0.25767627358436584
0.26828956604003906
0.2821206748485565
0.3139699399471283
0.34790101647377014
0.38704508543014526
0.43537428975105286
0.4853822588920593
0.4893255829811096
0.4971279203891754
2.5688719749450684
7.533145427703857
10.826886177062988
13.32274341583252
15.333902359008789
16.8516845703125
17.985992431640625
18.840150833129883
19.495685577392578
20.008617401123047
20.4198055267334
20.83669090270996
21.153697967529297
21.37788200378418
21.51795768737793
21.585124969482422
21.578733444213867
21.51627540588379
21.41082763671875
21.26954460144043
21.116697311401367
20.96770668029785
20.82855796813965
20.697690963745117
20.57585334777832
20.464309692382812
20.36374282836914
20.28655433654785
20.223474502563477
20.182443618774414
20.16259002685547
20.207298278808594
20.248130798339844
20.277231216430664
20.29436492919922
20.31002426147461
20.327566146850586
20.359983444213867
20.410402297973633
20.446592330932617
