0.022331980988383293
0.02573249116539955
0.02966914512217045
0.031317338347435
0.03176607936620712
0.03203325718641281
0.0323048010468483
0.03253262862563133
0.032739195972681046
0.03293279558420181
0.03315344825387001
0.03340190276503563
0.03365021198987961
0.033874478191137314
0.03407086804509163
0.03426693007349968
0.03448059782385826
0.03473572060465813
0.03506697341799736
0.03549511730670929
0.03602445125579834
0.03665338456630707
0.03738737106323242
0.038220521062612534
0.03914819285273552
0.0401790589094162
0.0413031131029129
0.042532265186309814
0.043873224407434464
0.045328736305236816
0.04689300060272217
0.048575129359960556
0.0023338005412369967
0.0020905740093439817
0.002090630354359746
0.0021459832787513733
0.0022017289884388447
0.0022527046967297792
0.04601765051484108
0.050569240003824234
0.05285976454615593
0.05431121587753296
0.05538897216320038
0.05432548746466637
0.053441163152456284
0.05198855698108673
0.05063535273075104
0.04927290976047516
0.04790860041975975
0.046549323946237564
0.045190487056970596
0.04382273927330971
0.042484018951654434
0.041205666959285736
0.039976395666599274
0.0387791283428669
0.03760622814297676
0.03645903989672661
0.03533434122800827
0.034240324050188065
0.03321127966046333
0.032207190990448
0.031222155317664146
0.030259836465120316
0.029325056821107864
0.02841508388519287
0.027533862739801407
0.026685668155550957
0.025871630758047104
0.025091951712965965
0.024346625432372093
0.023631514981389046
0.022940199822187424
0.02226579748094082
0.021602671593427658
0.020955363288521767
0.020325860008597374
0.01971597783267498
0.01912844367325306
0.01856711320579052
0.018031045794487
0.017517397180199623
0.017020076513290405
0.01653539203107357
0.016064010560512543
0.01561100222170353
0.015175038017332554
0.014749540947377682
0.014334544539451599
0.0139310909435153
0.013538802973926067
0.01315770298242569
0.012788409367203712
