0.021703919395804405
0.02420833148062229
0.028268633410334587
0.030331511050462723
0.030929887667298317
0.03132247179746628
0.03151358664035797
0.03169066458940506
0.03194938600063324
0.03222832456231117
0.03246506303548813
0.032663896679878235
0.032869044691324234
0.03308080509305
0.03331942856311798
0.03358394280076027
0.0339314341545105
0.03442355617880821
0.035045601427555084
0.03575609624385834
0.036521006375551224
0.03733335807919502
0.03822791576385498
0.039224714040756226
0.04031869396567345
0.04149055480957031
0.04272282123565674
0.04401473328471184
0.045354556292295456
0.04675501585006714
0.048251666128635406
0.049624379724264145
0.002839367836713791
0.0024671563878655434
0.0024008287582546473
0.002424511592835188
0.0024729440920054913
0.0025227481964975595
0.04940617084503174
0.052934519946575165
0.05428072065114975
0.055163655430078506
0.05610830336809158
0.05729828029870987
0.05694406479597092
0.05518932268023491
0.05355294421315193
0.05196008086204529
0.05036676302552223
0.048781584948301315
0.047200385481119156
0.04562009498476982
0.044055212289094925
0.04250821843743324
0.04109529033303261
0.039740461856126785
0.03842415660619736
0.03714979812502861
0.03591250255703926
0.03471114858984947
0.03353488817811012
0.03238294646143913
0.0312601737678051
0.030163681134581566
0.029099153354763985
0.028067540377378464
0.027069782838225365
0.026109548285603523
0.025187134742736816
0.02430647239089012
0.02346261590719223
0.02265344187617302
0.021877847611904144
0.021135080605745316
0.0204240120947361
0.019743438810110092
0.019091440364718437
0.01846625655889511
0.017866650596261024
0.017291514202952385
0.01673968695104122
0.016210472211241722
0.0157026220113039
0.015214725397527218
0.014745688997209072
0.014297240413725376
0.013866648077964783
0.013452288694679737
0.01305367425084114
0.012668915092945099
0.012297822162508965
0.011940994299948215
