0.03705354779958725
0.038312025368213654
0.04048639163374901
0.04187652841210365
0.04469738155603409
0.04716898873448372
0.04938676208257675
0.05064873397350311
0.051226917654275894
0.05159994959831238
0.05181150510907173
0.051976460963487625
0.05218508094549179
0.052496299147605896
0.05294458940625191
0.05336480960249901
0.05379866808652878
0.054253268986940384
0.05472903326153755
0.05526377633213997
0.05591735988855362
0.056682370603084564
0.05752408504486084
0.05840706452727318
0.05931118503212929
0.06022774055600166
0.06116217374801636
0.06211395561695099
0.06307835876941681
0.0640658438205719
0.06506995856761932
0.06611377745866776
0.06715235114097595
0.003917878493666649
0.003755587385967374
0.0037125421222299337
0.0036861819680780172
0.003661159425973892
0.0036357142962515354
0.06186509132385254
0.06299281865358353
0.06357601284980774
0.06471031159162521
0.06600727140903473
0.06745029240846634
0.0690208151936531
0.07068853080272675
0.07240831851959229
0.07414969056844711
0.07601363211870193
0.07792215049266815
0.07980096340179443
0.08140453696250916
0.08304716646671295
0.08470924198627472
0.08631447702646255
0.08786053955554962
0.08928393572568893
0.09058728069067001
0.09168834239244461
0.09255978465080261
0.09332094341516495
0.09404148906469345
0.0947648361325264
0.09546239674091339
0.09612930566072464
0.09674371033906937
0.09732989966869354
0.09797442704439163
0.09879153221845627
0.09986542910337448
0.10099545121192932
0.10237754136323929
0.1049581840634346
0.10812878608703613
0.11076170206069946
0.11274289339780807
0.109792560338974
0.10496722906827927
0.10069771856069565
0.09671568125486374
0.09295066446065903
0.0894838273525238
0.08604436367750168
0.08368901163339615
0.08297426998615265
0.08346812427043915
0.08464165776968002
0.09880584478378296
0.11704354733228683
0.1357683688402176
0.15515515208244324
0.17507854104042053
0.19543792307376862
