0.041575461626052856
0.04580345377326012
0.05191081017255783
0.055477891117334366
0.05626365914940834
0.05701332539319992
0.05741273984313011
0.05770689249038696
0.05818145349621773
0.05866480991244316
0.05908142775297165
0.05950303003191948
0.05988018214702606
0.06020744517445564
0.060530856251716614
0.06086508184671402
0.06121469661593437
0.061615921556949615
0.06210438162088394
0.06275483965873718
0.06354673951864243
0.06448286026716232
0.06556543707847595
0.0667932778596878
0.06815295666456223
0.06967440992593765
0.07138839364051819
0.07328701764345169
0.07535091042518616
0.07756958156824112
0.07993578910827637
0.0823715403676033
0.004279806278645992
0.004059090744704008
0.003984756767749786
0.0039641642943024635
0.003965155221521854
0.003973203711211681
0.0735493004322052
0.07936545461416245
0.08259491622447968
0.08385398983955383
0.08496280759572983
0.08721698820590973
0.08846311271190643
0.08988630771636963
0.09317374974489212
0.09593131393194199
0.0991656556725502
0.10361598432064056
0.108922079205513
0.11413141340017319
0.11880732327699661
0.12267705053091049
0.12448614090681076
0.1262160688638687
0.1294669806957245
0.13272444903850555
0.13604159653186798
0.13942746818065643
0.14285002648830414
0.14597423374652863
0.14935655891895294
0.1530066430568695
0.14460457861423492
0.1378822773694992
0.13181078433990479
0.12596124410629272
0.12024706602096558
0.11463236063718796
0.10966359078884125
0.10545334964990616
0.10153603553771973
0.0977129191160202
0.09395456314086914
0.09024018049240112
0.08662676066160202
0.08328240364789963
0.08023044466972351
0.07744340598583221
0.07475046813488007
0.07214739173650742
0.06970031559467316
0.06749670952558517
0.06548141688108444
0.06359703093767166
0.061789095401763916
0.060003459453582764
0.058265432715415955
0.05657981336116791
0.05493598431348801
0.05333991348743439
0.05177969112992287
0.05025946721434593
0.04890232905745506
