0.4830022156238556
0.5170038342475891
0.6821521520614624
0.9837138056755066
1.0142524242401123
1.0180779695510864
1.022369384765625
1.0287452936172485
1.0367555618286133
1.0464895963668823
1.0588573217391968
1.0734668970108032
1.0920709371566772
1.105143427848816
1.1150850057601929
1.127314567565918
1.1400693655014038
1.1534147262573242
1.1671541929244995
1.179461121559143
1.1911970376968384
1.2061127424240112
1.2276145219802856
1.2565226554870605
1.286994218826294
1.3196619749069214
1.354754090309143
1.396005392074585
1.4501216411590576
1.5165557861328125
1.6034133434295654
1.7159525156021118
0.033028341829776764
0.03291795030236244
0.03287537023425102
0.032844673842191696
0.034433986991643906
0.03491354361176491
0.7595545649528503
1.487217903137207
2.077495574951172
2.127981185913086
2.1936371326446533
2.2993311882019043
8.77551555633545
18.150774002075195
24.19636344909668
29.289691925048828
34.34922409057617
39.502708435058594
45.037601470947266
52.29063415527344
60.4571418762207
70.23538208007812
80.0134048461914
89.22295379638672
97.90116119384766
106.16506958007812
114.03523254394531
121.55828857421875
128.79933166503906
135.0400390625
140.37942504882812
144.97178649902344
149.01039123535156
152.58984375
155.75881958007812
158.2882843017578
160.52642822265625
162.73699951171875
164.35789489746094
165.60548400878906
166.59854125976562
167.34304809570312
167.46670532226562
167.22715759277344
166.81942749023438
166.3135223388672
165.755615234375
165.17323303222656
164.58935546875
164.0497589111328
163.494384765625
162.9180145263672
162.3380889892578
161.76905822753906
161.20965576171875
160.6175537109375
159.9948272705078
159.34298706054688
158.66111755371094
157.95132446289062
