6.890222549438477
7.749709606170654
9.602425575256348
11.594823837280273
13.226490020751953
12.9775972366333
13.30992317199707
13.996583938598633
13.741170883178711
13.582212448120117
13.79395580291748
14.309714317321777
14.93343734741211
15.677543640136719
16.53150749206543
17.34661102294922
17.721939086914062
17.96404457092285
18.319650650024414
18.78832244873047
19.432891845703125
20.27957534790039
21.325668334960938
22.583494186401367
23.933795928955078
25.540040969848633
27.644943237304688
30.355775833129883
33.791751861572266
38.30635070800781
44.42103958129883
52.721397399902344
1.0454802513122559
0.9723911881446838
0.9024097919464111
0.7920808792114258
0.8084508180618286
0.8322368264198303
18.659502029418945
31.7600154876709
77.44025421142578
100.07523345947266
118.44768524169922
135.66195678710938
153.55450439453125
173.25083923339844
193.47177124023438
214.35760498046875
236.51248168945312
259.6598205566406
283.3853454589844
307.4578857421875
331.89813232421875
356.53857421875
381.3046569824219
406.25311279296875
431.485595703125
451.2679443359375
460.90484619140625
471.1700439453125
481.3994140625
490.7899475097656
499.00335693359375
506.41949462890625
511.8907775878906
516.7420654296875
521.1098022460938
524.9703369140625
528.3770141601562
531.3906860351562
533.8521728515625
535.7161254882812
537.0260620117188
537.944091796875
538.576904296875
538.9063720703125
538.93896484375
538.7081909179688
538.15185546875
537.1798095703125
535.861572265625
534.17138671875
532.1674194335938
529.9453735351562
527.54541015625
525.0321044921875
522.4255981445312
519.73876953125
517.031982421875
514.3526000976562
511.760498046875
509.20611572265625
