2076.509033203125
2051.218505859375
2014.9444580078125
1988.740478515625
2057.213623046875
2066.7958984375
2064.656982421875
2096.755859375
2107.33740234375
2113.225341796875
2132.85693359375
2150.304443359375
2159.51513671875
2171.36376953125
2192.265625
2214.77099609375
2245.75244140625
2285.060791015625
2327.10009765625
2367.673583984375
2406.072021484375
2443.855712890625
2484.951904296875
2537.461669921875
2606.33935546875
2689.3720703125
2785.311279296875
2893.10498046875
3009.52197265625
3132.0703125
3262.52197265625
3399.25927734375
125.44448852539062
124.8291015625
125.05529022216797
125.37922668457031
125.67755126953125
125.93931579589844
2374.880126953125
3168.528076171875
3517.993408203125
3735.449951171875
3917.102294921875
4101.31787109375
4297.291015625
4505.57763671875
4723.6240234375
4946.61279296875
5171.83447265625
5397.35791015625
5621.51025390625
5845.0791015625
6065.205078125
6287.01806640625
6513.8251953125
6739.197265625
6955.48583984375
7144.548828125
7324.705078125
7502.23779296875
7666.85986328125
7820.24462890625
7971.69970703125
8123.97900390625
8271.4921875
8399.619140625
8495.95703125
8557.376953125
8595.6552734375
8616.982421875
8625.34765625
8627.5595703125
8625.5830078125
8604.52734375
8247.7265625
7932.33154296875
7631.91162109375
7345.751953125
7092.232421875
6858.45361328125
6627.66357421875
6397.9384765625
6148.25830078125
5894.2392578125
5622.97998046875
5343.56103515625
5057.52880859375
4789.244140625
4572.01025390625
4384.1640625
4209.9873046875
4043.90478515625
