2067.22802734375
2031.7392578125
1994.032958984375
2069.781982421875
2082.908203125
2076.870849609375
2088.800537109375
2111.850830078125
2143.14990234375
2162.445556640625
2181.347900390625
2190.83984375
2192.48681640625
2193.18896484375
2196.56982421875
2204.17236328125
2214.337890625
2224.930419921875
2234.951416015625
2246.55029296875
2259.28564453125
2278.777587890625
2306.296630859375
2339.1044921875
2389.805419921875
2453.25048828125
2523.2431640625
2601.700927734375
2685.796142578125
2772.717041015625
2858.788330078125
2944.063720703125
118.39379119873047
121.1738052368164
122.4755630493164
122.8309555053711
123.08541870117188
123.27835845947266
2106.373291015625
2653.919189453125
2912.470703125
3092.08447265625
3237.193603515625
3362.60009765625
3473.734130859375
3575.0859375
3669.0908203125
3757.197998046875
3843.941162109375
3929.347412109375
4011.92431640625
4090.755615234375
4168.9814453125
4254.39501953125
4350.9736328125
4450.17822265625
4553.88427734375
4670.3798828125
4810.06640625
4950.3828125
5045.5537109375
5109.23291015625
5159.74853515625
5205.26220703125
5259.29638671875
5325.64794921875
5400.1630859375
5449.1484375
5576.70361328125
5783.388671875
6036.16064453125
6085.86572265625
6029.33154296875
6082.71240234375
6181.9638671875
5844.71435546875
5459.775390625
5246.15478515625
5059.32421875
4879.62158203125
4694.85400390625
4504.31494140625
4313.55908203125
4118.78515625
3920.553955078125
3744.814697265625
3555.773193359375
3355.9736328125
3150.117919921875
2935.83154296875
2735.09912109375
2624.93310546875
