2067.53515625
2045.595703125
2024.7158203125
2006.0419921875
2007.7037353515625
2048.744140625
2052.856201171875
2062.008056640625
2059.739501953125
2055.84619140625
2086.991943359375
2120.81298828125
2172.87109375
2231.03759765625
2292.1044921875
2362.484130859375
2448.140380859375
2552.18603515625
2677.226318359375
2818.9658203125
2976.158447265625
3148.005859375
3332.519775390625
3528.367919921875
3735.659423828125
3953.40771484375
4181.98583984375
4422.10498046875
4674.091796875
4938.33642578125
5213.76171875
5491.39306640625
241.78355407714844
231.99395751953125
236.2196502685547
242.78121948242188
249.42111206054688
255.59918212890625
5905.15478515625
6701.60302734375
7232.8623046875
7649.17041015625
8013.154296875
8393.140625
8774.623046875
9184.125
9602.5146484375
10024.0302734375
10488.99609375
10967.08984375
11467.1376953125
11968.0126953125
12471.7177734375
12982.029296875
13505.7890625
14049.4892578125
14608.2998046875
15180.6669921875
15761.6240234375
16346.8505859375
16936.423828125
17525.951171875
18113.357421875
18535.9765625
18236.630859375
17978.546875
17728.619140625
17477.54296875
17221.548828125
16959.013671875
16689.384765625
16412.8671875
16130.064453125
15841.82421875
15549.1552734375
15250.7685546875
14950.03125
14647.2177734375
14343.025390625
14038.5166015625
13734.7724609375
13431.8251953125
13131.3994140625
12832.3994140625
12535.7744140625
12242.6591796875
11956.2177734375
11673.3349609375
11395.2216796875
11116.966796875
10848.302734375
10588.814453125
