2071.319580078125
2042.4434814453125
2003.048095703125
2053.95654296875
2107.561767578125
2169.387939453125
2195.71435546875
2193.719970703125
2179.967041015625
2170.195068359375
2184.46240234375
2205.832275390625
2238.37939453125
2258.983642578125
2274.74072265625
2283.362060546875
2291.94873046875
2304.1796875
2321.871337890625
2342.308349609375
2364.76123046875
2394.00537109375
2429.497314453125
2482.056640625
2560.430908203125
2659.78271484375
2773.672119140625
2895.146240234375
3019.511474609375
3144.17431640625
3268.193115234375
3390.408447265625
130.05284118652344
125.62055206298828
125.85430145263672
126.36846923828125
126.60427856445312
126.8595962524414
2562.216796875
3396.180419921875
3671.199951171875
3797.876953125
3900.732666015625
4012.95751953125
4138.17626953125
4272.8466796875
4415.279296875
4563.97314453125
4721.66015625
4890.71044921875
5069.0361328125
5261.01220703125
5482.3662109375
5762.89208984375
6023.62451171875
6271.5
6518.92431640625
6770.61865234375
7025.30712890625
7284.111328125
7536.6708984375
7558.865234375
7434.25732421875
7321.5751953125
7210.24072265625
7091.958984375
6966.0693359375
6835.73046875
6703.3720703125
6569.82568359375
6431.24658203125
6286.67138671875
6136.18798828125
5979.78466796875
5817.39697265625
5649.0546875
5477.47900390625
5305.2724609375
5133.6728515625
4964.65576171875
4801.103515625
4638.24462890625
4475.744140625
4316.84326171875
4165.7177734375
4023.152587890625
3890.319580078125
3768.666748046875
3656.30126953125
3552.054443359375
3454.958251953125
3362.151123046875
