2049.769287109375
2011.2432861328125
2083.652587890625
2070.3056640625
2072.992431640625
2083.54638671875
2093.178466796875
2088.08935546875
2088.90234375
2111.619873046875
2119.71484375
2120.710693359375
2117.990478515625
2121.28271484375
2131.203857421875
2140.37255859375
2154.32275390625
2167.179443359375
2178.363037109375
2193.438232421875
2214.01318359375
2236.19287109375
2255.666015625
2273.160888671875
2291.41943359375
2311.779541015625
2334.6904296875
2362.369384765625
2398.260498046875
2444.890380859375
2504.923583984375
2579.40966796875
120.56127166748047
119.09125518798828
118.93009948730469
119.18553161621094
119.52568817138672
119.96752166748047
1756.8746337890625
2126.40234375
2532.449951171875
2844.147705078125
3073.34912109375
3247.942626953125
3390.952880859375
3518.022216796875
3640.782470703125
3764.060302734375
3891.439697265625
4027.16943359375
4178.69287109375
4346.3564453125
4520.84228515625
4698.681640625
4881.482421875
5077.0263671875
5277.53271484375
5432.822265625
5581.43359375
5725.75244140625
5868.31396484375
6005.458984375
6141.2568359375
6286.267578125
6428.66845703125
6545.01904296875
6241.7578125
6014.93359375
5826.431640625
5649.98583984375
5477.16064453125
5311.94580078125
5180.93212890625
5075.28173828125
4976.36962890625
4867.337890625
4746.4306640625
4620.228515625
4488.91943359375
4366.2724609375
4244.515625
4119.33447265625
3988.331787109375
3852.40869140625
3710.80859375
3564.298828125
3421.99267578125
3289.682861328125
3162.73388671875
3040.888671875
2929.619873046875
2826.0185546875
