2007.849365234375
2720.3525390625
3089.25927734375
2725.760009765625
2478.6865234375
2363.02978515625
2304.069580078125
2274.804443359375
2259.31201171875
2254.57861328125
2250.99267578125
2251.988525390625
2256.609130859375
2260.84326171875
2259.8115234375
2255.341552734375
2257.2646484375
2265.51025390625
2276.757568359375
2288.077880859375
2298.08935546875
2310.0556640625
2322.388916015625
2291.23388671875
2275.40771484375
2273.233642578125
2282.281005859375
2304.275146484375
2335.783203125
2374.0478515625
2416.776611328125
2462.01123046875
91.08392333984375
85.86151885986328
87.43956756591797
87.82450866699219
88.50869750976562
89.28900909423828
1512.883544921875
2742.12353515625
2765.811279296875
2714.239013671875
2737.65576171875
2781.3896484375
2828.14794921875
2873.620849609375
2916.41552734375
2956.193115234375
2992.957275390625
3029.2451171875
3063.67138671875
3091.5546875
3115.619384765625
3137.502197265625
3154.48974609375
3166.88818359375
3177.4501953125
3197.547119140625
3206.3115234375
3210.750244140625
3212.914306640625
3210.42041015625
3195.410888671875
3173.083251953125
3140.373046875
3101.119873046875
3060.402587890625
3014.1796875
2962.57763671875
2905.943359375
2845.63525390625
2783.415771484375
2719.85009765625
2655.373046875
2590.3125
2525.080810546875
2459.99169921875
2394.9619140625
2330.0556640625
2265.58447265625
2202.312255859375
2140.323486328125
2079.594482421875
2020.4595947265625
1962.637939453125
1905.234619140625
1848.42431640625
1792.5186767578125
1737.355224609375
1683.1531982421875
1629.985107421875
1577.6217041015625
