2070.474853515625
2031.8797607421875
1992.426025390625
2082.589599609375
2097.7646484375
2076.142822265625
2061.684326171875
2051.375244140625
2047.407470703125
2044.1343994140625
2039.3148193359375
2033.606689453125
2055.202880859375
2071.156982421875
2085.44775390625
2091.792236328125
2098.432373046875
2109.6640625
2138.563720703125
2171.108154296875
2201.5107421875
2231.17236328125
2263.508056640625
2300.634033203125
2352.24755859375
2413.79296875
2493.56787109375
2592.92919921875
2702.842529296875
2816.419921875
2935.744140625
3061.528564453125
119.90938568115234
122.117431640625
123.06837463378906
123.61988830566406
124.02021026611328
124.3551254272461
2297.048583984375
2711.010498046875
2844.841796875
3010.556396484375
3212.287109375
3433.635498046875
3660.152099609375
3885.052978515625
4122.50048828125
4359.6494140625
4618.9033203125
4884.46923828125
5159.97216796875
5425.44921875
5360.67138671875
5251.4453125
5149.13818359375
5047.57080078125
4941.9013671875
4838.23828125
4732.3134765625
4621.30029296875
4505.08642578125
4386.203125
4270.40966796875
4152.75732421875
4045.60546875
3937.69580078125
3828.310791015625
3718.7890625
3606.7119140625
3496.711669921875
3388.6240234375
3278.0966796875
3163.530517578125
3045.71142578125
2922.59619140625
2794.75048828125
2665.478515625
2535.88525390625
2419.450927734375
2306.952392578125
2193.924560546875
2081.7705078125
1973.0618896484375
1865.6715087890625
1759.612548828125
1656.0816650390625
1580.060791015625
1511.861083984375
1447.298583984375
1383.5643310546875
1323.923095703125
1268.5350341796875
