2039.9876708984375
1868.791015625
1427.5498046875
1360.7254638671875
1293.1995849609375
1242.0478515625
1206.08251953125
1173.8970947265625
1148.2540283203125
1121.1796875
1094.91357421875
1075.4808349609375
1054.406005859375
1035.2540283203125
1020.491455078125
1003.6036376953125
985.3660888671875
966.6093139648438
947.8045654296875
928.8699340820312
909.7946166992188
893.3448486328125
879.6214599609375
867.2910766601562
858.0512084960938
848.9639892578125
838.9567260742188
830.4336547851562
822.3489379882812
814.560546875
807.051025390625
800.2870483398438
118.19612121582031
118.58384704589844
118.99967956542969
119.56830596923828
120.14533996582031
120.70333099365234
849.9574584960938
790.757080078125
793.1885375976562
793.49609375
785.57470703125
772.2774658203125
759.1049194335938
760.5947875976562
768.3081665039062
777.2765502929688
791.2431640625
812.26611328125
837.8517456054688
865.332275390625
892.416015625
918.0372314453125
943.1768188476562
968.1258544921875
993.8515625
1021.3631591796875
1049.864013671875
1078.2138671875
1105.3896484375
1130.7462158203125
1154.1214599609375
1174.768310546875
1192.9481201171875
1209.20166015625
1224.002197265625
1237.2445068359375
1248.46240234375
1257.26318359375
1263.40673828125
1267.248779296875
1270.47900390625
1272.186767578125
1272.713134765625
1272.207275390625
1270.5958251953125
1267.712158203125
1263.526123046875
1258.147216796875
1251.117431640625
1242.410400390625
1232.1488037109375
1220.4730224609375
1207.6405029296875
1193.696533203125
1178.797119140625
1163.1004638671875
1146.7447509765625
1129.843505859375
1112.756103515625
1095.5196533203125
