2069.177734375
2041.151611328125
2004.14794921875
2040.850341796875
2073.00146484375
2128.860595703125
2185.009521484375
2211.709716796875
2217.52587890625
2211.556884765625
2211.47705078125
2239.76611328125
2283.31640625
2327.78173828125
2357.5712890625
2372.39404296875
2384.115478515625
2398.323486328125
2418.2587890625
2441.30029296875
2468.964111328125
2506.749755859375
2555.835693359375
2620.679443359375
2706.59375
2814.43994140625
2941.265380859375
3081.902099609375
3231.783203125
3386.591796875
3542.899169921875
3701.2841796875
133.79049682617188
126.62884521484375
129.29989624023438
132.55555725097656
134.777099609375
135.8745880126953
2958.701171875
3607.858154296875
3904.87255859375
4062.00732421875
4183.02294921875
4308.88818359375
4452.18212890625
4614.71923828125
4793.87255859375
4988.64013671875
5196.21875
5414.51123046875
5684.48828125
5984.89306640625
6255.951171875
6515.64794921875
6766.9384765625
7012.568359375
7254.49853515625
7490.53857421875
7647.8837890625
7500.1318359375
7372.20263671875
7256.16748046875
7142.9404296875
7026.6943359375
6905.51123046875
6778.31396484375
6644.49755859375
6506.8359375
6365.05810546875
6220.07763671875
6072.392578125
5923.2998046875
5772.875
5621.16552734375
5468.3154296875
5314.337890625
5159.43701171875
5002.77294921875
4844.61865234375
4685.1962890625
4525.7236328125
4366.876953125
4210.10986328125
4057.282470703125
3908.7568359375
3764.86376953125
3625.32568359375
3491.080078125
3363.699462890625
3244.238037109375
3133.1201171875
3030.737060546875
