2059.294921875
2026.261962890625
1999.136962890625
2059.046875
2084.891845703125
2067.920166015625
2054.8935546875
2044.5196533203125
2041.79150390625
2047.632080078125
2067.292236328125
2102.667236328125
2117.450927734375
2120.7900390625
2143.715087890625
2176.252685546875
2219.559814453125
2285.341796875
2383.54345703125
2504.110107421875
2643.96142578125
2800.5693359375
2974.63671875
3165.40380859375
3372.5224609375
3594.1171875
3832.410888671875
4087.5703125
4367.66259765625
4665.123046875
4975.30859375
5303.99609375
202.00242614746094
214.40541076660156
238.54498291015625
260.3244934082031
279.38720703125
296.2434997558594
6836.13525390625
7345.3701171875
7621.2294921875
7914.0166015625
8244.6572265625
8611.474609375
9006.1748046875
9438.650390625
9905.037109375
10418.18359375
10978.66015625
11582.9267578125
12229.0654296875
12886.57421875
13558.1875
14250.6650390625
14962.4599609375
15680.0810546875
15953.7294921875
15909.4130859375
15866.5498046875
15804.31640625
15720.8876953125
15616.373046875
15491.3974609375
15347.5087890625
15186.771484375
15010.544921875
14820.4970703125
14617.1748046875
14401.3076171875
14175.3759765625
13939.8388671875
13696.1591796875
13446.275390625
13191.916015625
12934.5703125
12671.8828125
12407.7353515625
12143.732421875
11872.1171875
11601.8095703125
11341.0078125
11083.7939453125
10829.77734375
10578.4609375
10329.333984375
10089.326171875
9856.783203125
9628.517578125
9404.677734375
9185.638671875
8971.4365234375
8762.080078125
