2067.1025390625
2028.0048828125
1989.491943359375
2097.982421875
2090.54345703125
2068.25048828125
2053.920654296875
2045.65869140625
2042.5799560546875
2037.4320068359375
2031.682861328125
2048.087158203125
2054.37060546875
2062.9912109375
2076.84521484375
2078.8935546875
2079.982177734375
2093.06640625
2118.19287109375
2140.703369140625
2159.292236328125
2175.543701171875
2192.93603515625
2210.894775390625
2229.413330078125
2253.937255859375
2289.86474609375
2334.908447265625
2393.26220703125
2467.06396484375
2552.095703125
2644.63720703125
121.30575561523438
121.68510437011719
121.83843994140625
121.98954010009766
122.1421890258789
122.28929138183594
1864.803955078125
2414.27734375
2657.970458984375
2867.329345703125
3082.034423828125
3301.88232421875
3519.54443359375
3731.458740234375
3934.944091796875
4138.90771484375
4334.18212890625
4536.50537109375
4748.07568359375
4956.69580078125
5173.5283203125
5385.884765625
5356.458984375
5263.1845703125
5176.57861328125
5090.84130859375
5003.65185546875
4914.55322265625
4822.39990234375
4730.2509765625
4638.47802734375
4546.98046875
4454.5703125
4363.15185546875
4270.650390625
4191.45263671875
4100.76220703125
4006.493896484375
3908.951904296875
3807.788330078125
3712.03369140625
3621.55029296875
3532.48046875
3444.05078125
3354.238037109375
3260.07958984375
3164.10205078125
3067.748046875
2970.168212890625
2872.069580078125
2773.410888671875
2671.02197265625
2569.583984375
2472.030517578125
2377.503662109375
2286.765869140625
2201.400390625
2118.92822265625
2035.63232421875
1949.4017333984375
