2042.2967529296875
1897.125244140625
1793.1575927734375
1669.6639404296875
1582.594970703125
1509.241943359375
1452.70751953125
1425.1490478515625
1409.6181640625
1395.7044677734375
1388.4654541015625
1382.6458740234375
1374.016845703125
1363.2369384765625
1353.7666015625
1348.4718017578125
1346.296875
1345.6724853515625
1346.3094482421875
1349.0592041015625
1355.321533203125
1366.5792236328125
1384.5859375
1409.8017578125
1441.5916748046875
1478.7359619140625
1519.6949462890625
1563.67236328125
1611.0921630859375
1660.8409423828125
1709.0660400390625
1755.6563720703125
137.88230895996094
129.90879821777344
130.88876342773438
132.3508758544922
137.81312561035156
151.2311553955078
1982.2152099609375
2084.97216796875
2087.002197265625
2092.5947265625
2102.534912109375
2116.128662109375
2132.76416015625
2151.802734375
2173.363037109375
2196.98876953125
2231.314208984375
2265.0595703125
2306.17333984375
2364.57373046875
2414.647216796875
2467.5810546875
2524.563720703125
2575.684326171875
2618.396728515625
2652.7646484375
2679.333740234375
2698.697265625
2711.586181640625
2718.071533203125
2718.45068359375
2713.325439453125
2702.93896484375
2687.87451171875
2668.982666015625
2647.11181640625
2621.863525390625
2593.397216796875
2562.141357421875
2545.71728515625
2528.541259765625
2492.39306640625
2454.48974609375
2414.9375
2373.676513671875
2331.513916015625
2288.559326171875
2245.31591796875
2201.900390625
2158.4462890625
2115.1796875
2072.232177734375
2029.6380615234375
1987.369873046875
1945.4808349609375
1903.9698486328125
1862.89013671875
1822.2967529296875
1782.1292724609375
1742.4486083984375
1703.2933349609375
