1797.5384521484375
1374.6658935546875
1109.1209716796875
946.1848754882812
922.552978515625
891.1735229492188
859.9308471679688
830.7274780273438
804.3439331054688
782.1007080078125
759.5335083007812
736.8186645507812
714.3652954101562
692.4339599609375
670.8872680664062
649.7522583007812
630.160888671875
616.7650146484375
602.5204467773438
587.0905151367188
570.7634887695312
557.7518920898438
544.5004272460938
537.5369873046875
524.9030151367188
509.73583984375
494.2731628417969
478.64202880859375
462.58087158203125
445.96734619140625
431.1888427734375
417.2818908691406
123.43247985839844
125.8877182006836
126.25316619873047
126.67750549316406
127.07209777832031
127.42169952392578
436.5597839355469
414.72900390625
419.37200927734375
398.2670593261719
393.7057189941406
393.12579345703125
389.7301025390625
381.11370849609375
369.9031677246094
358.708740234375
347.4168701171875
342.76165771484375
348.2847900390625
353.953369140625
357.32110595703125
359.3216857910156
360.8484191894531
364.053466796875
370.3356628417969
380.53424072265625
394.2607727050781
409.8822326660156
427.1445007324219
445.7564697265625
470.5024108886719
496.9810791015625
523.7346801757812
551.1325073242188
578.7779541015625
605.82373046875
631.961181640625
656.4950561523438
679.4631958007812
701.0739135742188
721.3081665039062
740.0015258789062
757.794677734375
774.1590576171875
788.4427490234375
800.4412841796875
809.9856567382812
817.0964965820312
821.8925170898438
824.5413208007812
825.299072265625
824.3810424804688
821.9447631835938
818.1859130859375
813.2799072265625
807.367919921875
800.617431640625
793.2546997070312
785.2898559570312
776.733154296875
