2063.773681640625
2019.6544189453125
2003.4849853515625
2102.19921875
2074.001708984375
2056.10595703125
2044.3895263671875
2036.663330078125
2031.6190185546875
2028.187744140625
2042.0838623046875
2048.711669921875
2057.854248046875
2059.16796875
2063.376220703125
2073.281982421875
2087.669677734375
2117.363525390625
2142.362060546875
2159.476318359375
2179.615478515625
2203.184814453125
2230.126953125
2263.482177734375
2313.428955078125
2376.51708984375
2454.321044921875
2548.038330078125
2655.144775390625
2771.849609375
2896.562744140625
3029.12744140625
120.43406677246094
122.5752182006836
123.4501953125
123.9674301147461
124.34395599365234
124.6436996459961
2427.916259765625
2749.17724609375
2878.721435546875
3044.67578125
3249.80419921875
3480.625244140625
3728.018310546875
3986.10400390625
4254.107421875
4530.64501953125
4807.9765625
5079.43701171875
5343.81005859375
5454.419921875
5359.34326171875
5266.38330078125
5171.97265625
5075.46875
4977.78759765625
4878.818359375
4777.45556640625
4675.14892578125
4572.08349609375
4466.75
4360.16357421875
4253.4541015625
4153.00048828125
4068.095458984375
3982.294921875
3894.4580078125
3801.629150390625
3703.43798828125
3605.233642578125
3508.09326171875
3411.66845703125
3316.638916015625
3223.9755859375
3125.571533203125
3026.212646484375
2927.6787109375
2827.080078125
2727.711181640625
2631.0556640625
2542.541748046875
2455.816650390625
2371.1806640625
2286.16064453125
2198.454833984375
2107.955078125
2018.0823974609375
1933.070068359375
1853.0982666015625
1780.4718017578125
1714.5557861328125
