2085.228759765625
2074.0224609375
2048.12744140625
2030.017822265625
2017.1773681640625
2006.4224853515625
2009.62744140625
2008.501708984375
2026.759521484375
2061.95068359375
2065.2392578125
2059.31396484375
2056.661865234375
2063.20751953125
2085.95361328125
2134.680419921875
2174.833984375
2219.304931640625
2266.65576171875
2314.225341796875
2363.47802734375
2419.679931640625
2492.805419921875
2581.9111328125
2684.816162109375
2795.248046875
2909.680908203125
3025.92138671875
3143.972412109375
3264.108642578125
3385.563720703125
3506.954833984375
141.6736297607422
129.92628479003906
127.33049011230469
126.17295837402344
124.85969543457031
123.63584899902344
2890.212158203125
3082.97021484375
3220.427490234375
3369.71142578125
3530.885498046875
3699.010498046875
3869.377685546875
4040.308837890625
4209.89794921875
4374.50390625
4533.3125
4689.4140625
4839.59912109375
4978.47216796875
5124.1708984375
5255.72021484375
5382.0087890625
5506.5263671875
5637.67578125
5757.89990234375
5876.12255859375
5983.81689453125
6078.0703125
6159.84619140625
6229.05029296875
6290.8779296875
6348.021484375
6400.74560546875
6451.44677734375
6501.9482421875
6545.86328125
6594.69189453125
6645.1337890625
6691.7900390625
6744.71533203125
6808.74755859375
6875.62939453125
6915.30126953125
6932.42138671875
7012.869140625
7174.47216796875
7419.75537109375
7612.45556640625
7763.0712890625
7834.5380859375
7777.984375
7661.68310546875
7595.6357421875
7587.34228515625
7616.6904296875
7324.39794921875
6953.87744140625
6619.99755859375
6309.3212890625
6027.9638671875
