2059.30419921875
2026.2708740234375
1999.0809326171875
2059.342041015625
2084.920166015625
2067.9560546875
2054.93994140625
2044.5955810546875
2041.90625
2049.454833984375
2066.829833984375
2101.979736328125
2115.9833984375
2119.31787109375
2141.51513671875
2172.718505859375
2214.68603515625
2279.1845703125
2377.562255859375
2498.072509765625
2637.555908203125
2793.90576171875
2967.774658203125
3158.10546875
3364.250732421875
3584.07275390625
3820.4345703125
4072.529296875
4348.37109375
4641.404296875
4946.94189453125
5267.40966796875
199.9929962158203
212.61422729492188
236.9526824951172
259.1251525878906
278.5708312988281
295.7894592285156
6818.60205078125
7311.57080078125
7574.146484375
7851.56884765625
8177.82373046875
8541.8408203125
8933.16796875
9360.216796875
9822.833984375
10326.333984375
10879.6591796875
11474.98046875
12118.888671875
12776.5859375
13448.3125
14142.326171875
14859.11328125
15582.935546875
16005.162109375
15962.94140625
15927.451171875
15873.1806640625
15796.21875
15697.982421875
15578.3359375
15439.8681640625
15283.248046875
15110.0771484375
14922.29296875
14721.88671875
14509.0078125
14285.775390625
14052.6591796875
13811.119140625
13563.1455078125
13310.2587890625
13054.0078125
12880.0458984375
12792.1640625
12528.0234375
12263.5537109375
11993.044921875
11721.302734375
11460.0869140625
11202.6083984375
10948.111328125
10695.896484375
10445.2802734375
10203.0341796875
9968.1279296875
9737.6416015625
9511.6201171875
9290.4873046875
9074.2626953125
8862.8037109375
