2048.39111328125
2010.017578125
2083.835693359375
2065.342041015625
2070.02001953125
2078.66650390625
2087.568115234375
2084.289306640625
2084.0859375
2109.580322265625
2119.609619140625
2119.816650390625
2116.379150390625
2119.69287109375
2129.6650390625
2139.228759765625
2152.359375
2165.869384765625
2177.934814453125
2193.998291015625
2215.208251953125
2236.603271484375
2255.320068359375
2272.80517578125
2291.315185546875
2312.13720703125
2335.28955078125
2363.321044921875
2399.486572265625
2446.656982421875
2509.251220703125
2583.649169921875
120.14277648925781
118.91184997558594
118.8624038696289
119.19416809082031
119.57689666748047
120.0417251586914
1765.744384765625
2135.510986328125
2545.32421875
2856.30810546875
3084.794921875
3260.03515625
3404.146240234375
3533.203857421875
3658.413818359375
3784.168212890625
3914.212158203125
4054.972412109375
4212.28076171875
4382.92041015625
4558.6240234375
4737.54248046875
4923.00830078125
5119.59130859375
5308.3056640625
5455.17724609375
5600.92333984375
5746.22802734375
5886.109375
6021.3232421875
6160.576171875
6308.1396484375
6443.921875
6500.69384765625
6189.36474609375
5967.00732421875
5780.16650390625
5605.4375
5433.9716796875
5275.60693359375
5160.82666015625
5055.47412109375
4945.50537109375
4824.0986328125
4696.1953125
4562.47265625
4433.54638671875
4314.41748046875
4192.01513671875
4058.52587890625
3923.404541015625
3786.050537109375
3642.7275390625
3496.762451171875
3359.069091796875
3229.119140625
3103.271240234375
2987.859375
2882.151611328125
2780.122802734375
