2072.333984375
2040.003173828125
2004.5831298828125
2011.1353759765625
2071.86865234375
2075.085205078125
2104.01611328125
2110.273193359375
2126.414794921875
2142.128173828125
2153.372802734375
2173.66943359375
2195.97265625
2233.921630859375
2282.201416015625
2334.566162109375
2385.3369140625
2434.860595703125
2490.466796875
2561.944580078125
2655.256591796875
2769.615966796875
2902.448974609375
3048.304931640625
3205.588623046875
3373.098876953125
3549.380859375
3733.06103515625
3926.792724609375
4130.75146484375
4343.37548828125
4563.19091796875
153.70944213867188
133.57850646972656
135.21817016601562
140.92591857910156
146.1531524658203
149.84519958496094
4094.5126953125
4475.2685546875
4664.8837890625
4852.14013671875
5024.8642578125
5236.00341796875
5492.962890625
5778.12890625
6089.60498046875
6419.79150390625
6778.41650390625
7129.98828125
7456.73583984375
7757.771484375
8031.83203125
8279.8134765625
8496.2822265625
8669.8515625
8783.5009765625
8851.6708984375
8885.5048828125
8889.974609375
8873.767578125
8693.1376953125
8267.728515625
7892.78515625
7541.93701171875
7215.138671875
6920.201171875
6634.77880859375
6341.31494140625
6046.4677734375
5754.55908203125
5424.453125
5085.31591796875
4766.498046875
4512.13623046875
4293.83837890625
4093.3994140625
3903.8056640625
3727.805908203125
3563.951171875
3410.92236328125
3265.8642578125
3127.067626953125
2993.594970703125
2866.052490234375
2744.383056640625
2628.070556640625
2523.572998046875
2423.20654296875
2326.5390625
2233.260498046875
2143.064697265625
2056.301513671875
