2036.705078125
1892.34912109375
1768.783447265625
1639.572265625
1535.2647705078125
1459.6431884765625
1421.2861328125
1403.974365234375
1389.7501220703125
1381.6578369140625
1371.4986572265625
1358.899658203125
1348.4154052734375
1344.1820068359375
1343.627685546875
1344.8619384765625
1349.21875
1359.170166015625
1377.9322509765625
1406.83984375
1444.9119873046875
1489.966552734375
1539.7396240234375
1592.736328125
1650.53662109375
1706.111572265625
1759.307861328125
1811.1397705078125
1861.458251953125
1909.9931640625
1956.240966796875
2001.51806640625
235.0931396484375
220.0763397216797
231.54998779296875
249.2883758544922
267.11553955078125
283.18804931640625
2311.099609375
2328.35986328125
2325.3701171875
2338.77685546875
2354.608154296875
2397.929443359375
2438.29248046875
2486.18701171875
2537.365966796875
2581.747802734375
2617.162841796875
2643.674560546875
2661.800048828125
2672.127197265625
2674.7001953125
2670.1572265625
2658.787109375
2641.128662109375
2618.19384765625
2591.130859375
2559.476318359375
2538.071044921875
2524.00341796875
2484.342529296875
2441.718505859375
2396.699951171875
2349.935546875
2301.8115234375
2252.097412109375
2201.88232421875
2151.03173828125
2100.27734375
2049.859619140625
1999.826171875
1950.355712890625
1901.4954833984375
1853.5225830078125
1806.3607177734375
1759.8875732421875
1713.8880615234375
1668.6041259765625
1624.07568359375
1580.4364013671875
1537.7896728515625
1496.1767578125
1455.19677734375
1414.908447265625
1375.90478515625
1338.0859375
1301.406982421875
1266.0810546875
1231.8958740234375
1198.678955078125
1166.4229736328125
1135.0328369140625
