2085.000732421875
2062.958984375
2030.0540771484375
2005.3304443359375
2041.2337646484375
2038.2305908203125
2079.93017578125
2073.516845703125
2079.81787109375
2097.08837890625
2135.430419921875
2170.09130859375
2160.479248046875
2154.11474609375
2163.380126953125
2193.4619140625
2217.728759765625
2246.400390625
2273.601806640625
2300.73291015625
2331.61962890625
2367.524169921875
2436.42822265625
2543.963134765625
2714.3251953125
2850.431640625
2855.7353515625
2830.686279296875
2861.734130859375
2916.958740234375
3002.1337890625
3082.85693359375
87.03048706054688
83.02392578125
84.2089614868164
84.55802917480469
84.99065399169922
85.44456481933594
1388.48486328125
1468.275390625
1829.79931640625
4854.39697265625
5386.119140625
5266.37158203125
4735.16064453125
4495.46533203125
4388.3740234375
4344.22021484375
4338.04833984375
4362.0029296875
4409.8291015625
4473.4423828125
4544.0166015625
4610.91552734375
4669.33544921875
4717.7099609375
4756.45361328125
4793.64697265625
4834.46044921875
4878.2568359375
4917.38330078125
4947.51171875
4964.8427734375
4967.0283203125
4953.59765625
4925.54736328125
4884.0888671875
4832.9482421875
4771.96533203125
4703.197265625
4628.32177734375
4548.98828125
4466.55224609375
4381.8212890625
4296.0478515625
4209.84619140625
4123.19482421875
4036.05224609375
3948.5537109375
3860.185302734375
3770.310546875
3681.49072265625
3593.78173828125
3507.4267578125
3422.646240234375
3340.041748046875
3260.8037109375
3186.010498046875
3116.60302734375
3052.616943359375
2993.9423828125
2939.935302734375
