2011.0120849609375
2419.756103515625
2230.753662109375
2265.6943359375
2214.393798828125
2154.4404296875
2113.494384765625
2094.08203125
2107.034423828125
2132.189208984375
2177.218994140625
2214.796142578125
2239.084716796875
2268.264892578125
2312.2646484375
2364.7744140625
2420.215087890625
2475.9619140625
2532.5703125
2598.00146484375
2681.551513671875
2788.7041015625
2918.80029296875
3068.946044921875
3235.8056640625
3417.2236328125
3612.595947265625
3820.74853515625
3965.386962890625
4021.408935546875
4089.174560546875
4158.66650390625
120.3763427734375
117.60668182373047
118.8471908569336
120.05379486083984
152.5719451904297
173.17453002929688
4575.7705078125
4543.25634765625
4425.978515625
4321.9521484375
4269.96875
4257.5361328125
4272.58154296875
4303.4072265625
4340.35107421875
4382.609375
4430.9287109375
4473.853515625
4499.30810546875
4513.07373046875
4529.880859375
4521.05859375
4491.75341796875
4446.69775390625
4380.248046875
4294.61474609375
4194.765625
4085.372802734375
3969.166748046875
3847.951904296875
3723.039794921875
3595.02734375
3465.066162109375
3334.274658203125
3203.70458984375
3074.00439453125
2944.867919921875
2817.30810546875
2694.14501953125
2575.816162109375
2517.813232421875
2460.924072265625
2350.131591796875
2242.76416015625
2139.466064453125
2040.885986328125
1946.8538818359375
1856.8563232421875
1769.8372802734375
1686.126708984375
1606.4100341796875
1531.4208984375
1460.59912109375
1393.3076171875
1330.6842041015625
1272.68701171875
1219.2197265625
1169.4815673828125
1122.7100830078125
1078.657958984375
1037.0469970703125
997.6951293945312
