2084.989990234375
2065.092529296875
2026.9737548828125
2010.539306640625
2032.386474609375
2038.318603515625
2086.931396484375
2082.226806640625
2088.937744140625
2113.251220703125
2164.97021484375
2187.348388671875
2214.1474609375
2236.609619140625
2262.130615234375
2292.466796875
2299.37158203125
2300.98681640625
2324.338134765625
2369.350341796875
2423.642333984375
2491.849609375
2579.8603515625
2666.28515625
2765.631103515625
2879.1728515625
3019.55859375
3230.147705078125
3562.7744140625
3821.9482421875
4010.838134765625
4067.8681640625
93.60308074951172
92.76321411132812
92.23848724365234
91.0429458618164
91.3266830444336
91.95001983642578
1461.0045166015625
1492.836669921875
2833.3251953125
4480.0556640625
5161.0751953125
5404.2216796875
5536.49267578125
5638.2548828125
5256.89306640625
4977.91357421875
4794.39990234375
4659.12451171875
4549.423828125
4457.5556640625
4378.642578125
4319.67431640625
4273.55615234375
4230.1142578125
4184.89013671875
4137.41748046875
4087.10009765625
4034.9404296875
3980.898193359375
3925.115478515625
3870.583251953125
3819.182373046875
3768.125
3714.919921875
3659.30908203125
3601.321533203125
3542.583984375
3486.851806640625
3435.596923828125
3387.73974609375
3341.052734375
3293.769287109375
3245.71826171875
3197.642822265625
3150.60693359375
3104.620849609375
3059.445556640625
3014.936767578125
2971.196533203125
2926.2265625
2882.283935546875
2839.342529296875
2796.306640625
2753.13818359375
2709.579345703125
2665.721435546875
2622.101806640625
2579.123291015625
2537.0595703125
2496.095947265625
