2080.52392578125
2051.81640625
2027.773193359375
2009.7545166015625
1995.8050537109375
2044.87255859375
2043.141845703125
2039.905029296875
2048.138671875
2073.583984375
2116.6005859375
2191.304443359375
2272.17431640625
2354.713623046875
2455.945068359375
2592.33642578125
2770.547119140625
2983.05810546875
3214.7880859375
3454.023193359375
3697.728759765625
3962.5751953125
4248.216796875
4555.4775390625
4881.2978515625
5225.02490234375
5587.4638671875
5961.69775390625
6345.0068359375
6745.8818359375
7170.85986328125
7666.46923828125
383.4266357421875
385.7754821777344
398.9410095214844
411.24371337890625
421.0260009765625
428.374267578125
8133.99267578125
8914.693359375
9626.240234375
10248.30859375
10834.5302734375
11417.4736328125
11995.697265625
12581.6494140625
13167.8154296875
13749.05859375
14325.3447265625
14887.181640625
15428.2265625
15951.3505859375
16456.322265625
16942.501953125
17396.916015625
17820.17578125
17627.22265625
16759.505859375
15996.7646484375
15278.0771484375
14603.4287109375
13961.7587890625
13350.265625
12764.3662109375
12204.064453125
11670.134765625
11163.8583984375
10689.734375
10245.564453125
9828.015625
9433.6650390625
9062.1748046875
8711.1533203125
8378.4150390625
8062.63671875
7763.220703125
7478.99560546875
7209.10498046875
6951.99169921875
6706.8115234375
6472.7919921875
6249.2373046875
6035.32373046875
5830.7861328125
5635.05224609375
5447.525390625
5267.84716796875
5095.578125
4930.173828125
4771.03515625
4618.06787109375
4470.52685546875
