2037.0413818359375
2002.4478759765625
2115.541259765625
2205.1220703125
2286.765380859375
2332.82861328125
2352.091552734375
2366.09716796875
2381.90576171875
2375.08447265625
2370.70703125
2360.89306640625
2359.677734375
2369.0712890625
2384.8486328125
2409.632080078125
2444.564453125
2495.3740234375
2576.31396484375
2695.478271484375
2853.16552734375
3045.441650390625
3267.259521484375
3514.763916015625
3785.593994140625
4074.1533203125
4379.35791015625
4696.8203125
5025.90576171875
5365.60107421875
5718.18115234375
6089.27001953125
267.5469665527344
259.28009033203125
263.8042907714844
266.8022155761719
263.3318786621094
257.16009521484375
6139.47802734375
7258.4169921875
7390.9365234375
7456.150390625
7492.92138671875
7532.79931640625
7562.4072265625
7581.27734375
7587.19921875
7579.12841796875
7557.091796875
7523.3720703125
7475.64990234375
7413.0380859375
7335.12646484375
7240.70458984375
7129.6337890625
7002.98193359375
6861.8564453125
6707.52392578125
6543.35302734375
6371.41796875
6193.72802734375
6012.36865234375
5828.9482421875
5644.41748046875
5459.68896484375
5276.01611328125
5094.2890625
4914.8349609375
4739.1123046875
4646.4716796875
4566.39794921875
4400.62744140625
4240.47021484375
4086.073974609375
3937.52734375
3794.8994140625
3658.15966796875
3527.151123046875
3401.75244140625
3281.763916015625
3167.067138671875
3057.30908203125
2952.436279296875
2851.98486328125
2754.854736328125
2661.01416015625
2571.18017578125
2485.638916015625
2403.484375
2325.26513671875
2250.431884765625
2178.51025390625
2109.376220703125
