2062.9462890625
2020.1275634765625
1998.4598388671875
2111.921142578125
2076.96728515625
2054.908203125
2046.106201171875
2040.3548583984375
2033.406494140625
2048.493408203125
2057.611328125
2078.867431640625
2082.283447265625
2084.404052734375
2103.999267578125
2130.898681640625
2155.316162109375
2176.02880859375
2198.060791015625
2219.493408203125
2247.108642578125
2289.4423828125
2347.05322265625
2424.44189453125
2519.5478515625
2628.913330078125
2747.11376953125
2882.17578125
3038.462646484375
3214.35400390625
3403.514892578125
3599.00927734375
116.9958724975586
119.41635131835938
120.39137268066406
120.96376037597656
121.34309387207031
121.62220764160156
2925.237060546875
3107.265380859375
3171.5166015625
3402.73193359375
3727.531494140625
4131.91552734375
4593.37255859375
5102.708984375
5412.044921875
5312.00537109375
5212.16796875
5106.82177734375
4993.87255859375
4871.40087890625
4742.2216796875
4608.96435546875
4475.20458984375
4354.21826171875
4246.63330078125
4122.0
3991.04931640625
3858.154296875
3726.38330078125
3596.284912109375
3470.063232421875
3349.34130859375
3233.64013671875
3117.585205078125
2999.63134765625
2879.568359375
2761.368408203125
2642.959716796875
2524.07958984375
2407.99072265625
2351.085693359375
2294.8525390625
2187.370361328125
2085.963623046875
1988.58203125
1888.288330078125
1788.7901611328125
1690.473388671875
1592.6378173828125
1496.022705078125
1401.0562744140625
1308.0703125
1239.197509765625
1171.8447265625
1106.1595458984375
1043.3179931640625
982.041748046875
930.7858276367188
886.4414672851562
845.7290649414062
807.2490844726562
770.0870971679688
