2077.735107421875
2046.3125
2011.538818359375
1998.1712646484375
2045.9742431640625
2053.238525390625
2084.390869140625
2106.73046875
2131.5634765625
2153.50634765625
2171.0986328125
2205.624755859375
2250.103515625
2286.1328125
2322.116943359375
2356.795654296875
2391.030029296875
2433.10205078125
2494.21533203125
2577.289306640625
2678.640869140625
2794.853271484375
2921.101806640625
3056.162841796875
3204.891845703125
3361.631103515625
3515.776611328125
3666.818359375
3813.25634765625
3996.80029296875
4231.53173828125
4469.40185546875
160.90658569335938
142.14102172851562
138.434326171875
137.7474365234375
137.849853515625
138.0224151611328
3450.072265625
3873.3115234375
4114.21484375
4330.96142578125
4575.49169921875
4846.734375
5161.703125
5511.61328125
5878.37255859375
6278.18408203125
6626.16552734375
7028.41552734375
7402.8515625
7803.0361328125
8222.3447265625
8673.083984375
8911.447265625
8956.546875
9071.05078125
9155.396484375
9237.54296875
9365.9501953125
9561.55859375
8952.8828125
8290.3349609375
7911.8173828125
7590.12060546875
7301.82275390625
7041.6806640625
6802.99365234375
6581.53857421875
6367.99658203125
6160.1953125
5954.71484375
5752.7177734375
5558.5859375
5367.26025390625
5184.56591796875
5011.6044921875
4851.20263671875
4699.87158203125
4554.970703125
4415.1416015625
4282.6123046875
4153.23291015625
4027.0615234375
3906.5146484375
3802.13916015625
3703.114013671875
3608.662353515625
3517.6513671875
3430.012451171875
3346.712890625
3266.07275390625
3185.697021484375
