2076.218505859375
2042.7171630859375
2004.573486328125
2008.2137451171875
2098.432861328125
2085.98291015625
2074.1376953125
2061.75048828125
2054.626953125
2054.292724609375
2059.964111328125
2079.8779296875
2101.52685546875
2127.55517578125
2148.302490234375
2166.427490234375
2181.796630859375
2199.002685546875
2219.904296875
2240.973388671875
2262.63671875
2290.87109375
2327.76611328125
2375.59130859375
2436.33447265625
2512.15234375
2603.4052734375
2708.715576171875
2824.6337890625
2947.818359375
3081.45361328125
3226.408203125
119.37014770507812
121.48971557617188
122.40762329101562
122.8025894165039
123.06607818603516
123.26907348632812
2266.358154296875
2932.123291015625
3203.30517578125
3407.881103515625
3631.63525390625
3892.665771484375
4192.525390625
4532.546875
4895.7841796875
5273.97607421875
5656.67626953125
6033.810546875
5913.9375
5809.56689453125
5730.0615234375
5646.4375
5555.576171875
5461.2333984375
5362.1806640625
5265.8984375
5184.69091796875
5094.24462890625
5000.60546875
4901.150390625
4789.84814453125
4667.9169921875
4537.6123046875
4399.80859375
4261.11572265625
4124.5048828125
3988.715087890625
3855.525146484375
3724.050048828125
3594.93798828125
3479.60302734375
3379.112548828125
3286.313720703125
3198.95556640625
3115.258544921875
3034.615234375
2955.908447265625
2878.833740234375
2802.818115234375
2727.13916015625
2651.9755859375
2578.01611328125
2505.459228515625
2437.694580078125
2380.929931640625
2328.20263671875
2278.23583984375
2230.982666015625
2187.019775390625
2144.826904296875
