2075.11474609375
2037.6346435546875
1996.264892578125
2038.6153564453125
2086.718505859375
2093.615234375
2090.941650390625
2097.987548828125
2107.341552734375
2141.115234375
2198.30712890625
2244.258544921875
2279.411376953125
2316.322265625
2369.520751953125
2443.3671875
2532.804443359375
2639.0244140625
2768.440185546875
2918.4609375
3084.370361328125
3265.19091796875
3459.42919921875
3668.337890625
3895.516845703125
4145.6103515625
4438.91015625
4772.78564453125
5146.283203125
5536.7431640625
5967.0126953125
5833.96630859375
220.83169555664062
206.40065002441406
208.87750244140625
212.987548828125
216.07464599609375
217.52455139160156
5021.87939453125
5210.712890625
5399.6513671875
5196.94140625
5065.59423828125
4983.1875
4902.83154296875
4813.1494140625
4704.689453125
4593.5546875
4473.19677734375
4323.29736328125
4157.12646484375
3983.02001953125
3801.071044921875
3614.134521484375
3426.81201171875
3241.774169921875
3062.212646484375
2889.8203125
2726.420166015625
2581.731689453125
2451.690673828125
2334.2919921875
2228.055419921875
2131.785400390625
2043.7781982421875
1962.8133544921875
1923.894775390625
1886.6514892578125
1817.6190185546875
1753.1219482421875
1691.4698486328125
1633.8878173828125
1580.7991943359375
1531.1834716796875
1483.243896484375
1437.019775390625
1414.247802734375
1392.091552734375
1349.82373046875
1309.7794189453125
1271.96337890625
1236.0255126953125
1201.9984130859375
1169.830810546875
1139.4185791015625
1109.921630859375
1081.0679931640625
1052.8707275390625
1025.4678955078125
999.0841674804688
974.0494995117188
950.9392700195312
928.900390625
907.5093383789062
