2073.059814453125
2037.541259765625
1999.01513671875
2031.953369140625
2098.218505859375
2075.33056640625
2059.633544921875
2050.474609375
2047.0751953125
2046.7060546875
2046.6373291015625
2073.192626953125
2100.93359375
2122.544189453125
2144.645751953125
2165.620849609375
2183.1845703125
2196.278564453125
2207.619140625
2230.33935546875
2262.23388671875
2302.518798828125
2356.276123046875
2427.996337890625
2516.510009765625
2619.0048828125
2731.83447265625
2861.584228515625
3015.616943359375
3191.45556640625
3386.005126953125
3597.342529296875
117.25860595703125
119.6255111694336
120.63347625732422
121.23579406738281
121.63582611083984
121.92840576171875
2945.013671875
3425.879150390625
3666.54345703125
3943.31591796875
4293.11181640625
4700.27734375
5139.8037109375
5589.8193359375
5786.1572265625
5679.2744140625
5592.3212890625
5504.701171875
5399.66455078125
5283.609375
5159.48095703125
5038.7861328125
4930.626953125
4808.30810546875
4675.98583984375
4532.986328125
4391.521484375
4244.82421875
4092.095703125
3943.298583984375
3784.313232421875
3625.971435546875
3479.880859375
3339.36669921875
3204.338623046875
3076.009521484375
2948.065185546875
2818.7978515625
2689.30224609375
2559.398681640625
2497.5224609375
2440.705810546875
2338.220947265625
2244.7421875
2159.37744140625
2079.858154296875
2001.6986083984375
1923.0772705078125
1844.15625
1765.52783203125
1689.439697265625
1614.2012939453125
1539.6151123046875
1465.9095458984375
1393.303955078125
1321.771484375
1251.3018798828125
1181.4224853515625
1112.1368408203125
1050.3092041015625
1000.9940185546875
