2085.017333984375
2059.049560546875
2028.712646484375
2005.486083984375
1988.21044921875
2046.447021484375
2064.108154296875
2052.542724609375
2054.110107421875
2092.624267578125
2159.8466796875
2227.360595703125
2292.26708984375
2362.7998046875
2451.207275390625
2573.56640625
2731.13134765625
2914.70458984375
3117.56884765625
3333.46728515625
3557.734130859375
3791.118408203125
4032.256591796875
4281.5
4537.08251953125
4796.72802734375
5062.71484375
5338.361328125
5623.13818359375
5922.48974609375
6231.0439453125
6590.33837890625
308.17327880859375
290.0723876953125
283.0712890625
280.0623779296875
278.635009765625
277.7004699707031
5835.2119140625
6254.22998046875
6597.5888671875
6923.7841796875
7236.416015625
7576.48291015625
7940.34765625
8342.2841796875
8767.736328125
9234.666015625
9726.1162109375
10198.5126953125
10641.55078125
11055.9697265625
11444.892578125
11794.763671875
12080.05859375
12298.7822265625
12469.4482421875
12086.205078125
11406.8408203125
10820.572265625
10289.037109375
9796.6259765625
9335.791015625
8901.103515625
8489.7333984375
8100.76025390625
7733.77734375
7388.1982421875
7062.859375
6756.39013671875
6467.0419921875
6193.466796875
5934.0009765625
5687.45166015625
5453.00634765625
5229.8369140625
5017.0517578125
4813.39501953125
4618.3994140625
4432.623046875
4256.24560546875
4088.3056640625
3927.949462890625
3774.67919921875
3628.2626953125
3487.91943359375
3353.10107421875
3223.28466796875
3097.975341796875
2977.079833984375
2860.27099609375
2747.779296875
