2080.1357421875
2053.859130859375
2028.21630859375
2008.3192138671875
2010.39111328125
2040.601318359375
2034.605712890625
2031.888671875
2045.33251953125
2058.8046875
2095.18798828125
2137.088623046875
2166.896728515625
2189.29248046875
2216.070556640625
2258.209228515625
2328.728271484375
2433.821533203125
2567.8662109375
2724.998291015625
2899.208740234375
3087.375732421875
3287.874755859375
3495.966796875
3712.422119140625
3937.589111328125
4172.4365234375
4416.4169921875
4669.580078125
4932.72412109375
5205.14404296875
5488.48291015625
247.17572021484375
246.32691955566406
254.52503967285156
262.6797790527344
269.8457336425781
276.12255859375
5919.6513671875
6104.9541015625
6069.173828125
6105.9287109375
6254.3125
6499.099609375
6819.95654296875
7195.314453125
7675.71142578125
8182.28466796875
8691.7802734375
9188.87109375
9666.3154296875
10126.916015625
10559.203125
10959.9658203125
11330.8984375
11666.052734375
11968.052734375
12241.001953125
12488.7900390625
12711.30078125
12904.7685546875
13065.5078125
13187.1875
13272.6474609375
13319.451171875
13327.017578125
13305.5810546875
13264.9716796875
13210.2158203125
13143.2822265625
13066.1455078125
12970.224609375
12371.2939453125
11848.8232421875
11365.7275390625
10909.486328125
10475.1162109375
10059.21875
9658.7021484375
9271.326171875
8896.1044921875
8532.71484375
8179.9892578125
7837.244140625
7505.14404296875
7187.75244140625
6885.91796875
6598.93798828125
6326.59033203125
6067.1416015625
5819.67578125
5583.74658203125
