2051.43408203125
2004.921630859375
2107.19140625
2118.611083984375
2167.90966796875
2196.59130859375
2211.801025390625
2214.117431640625
2219.51025390625
2237.41259765625
2269.19580078125
2307.89013671875
2352.525146484375
2398.446044921875
2448.02099609375
2505.022216796875
2571.88671875
2667.75146484375
2798.767333984375
2958.3876953125
3138.79052734375
3341.20751953125
3560.00732421875
3785.643310546875
4012.30029296875
4242.1357421875
4475.62109375
4717.43212890625
4980.265625
5269.82373046875
5623.0419921875
5996.6396484375
240.8942108154297
175.02601623535156
170.6244659423828
175.39178466796875
180.61256408691406
184.43502807617188
4651.0185546875
5352.98486328125
5810.18310546875
6197.23828125
6628.1103515625
7263.029296875
8022.85498046875
7652.21240234375
7377.380859375
7145.51220703125
6919.01416015625
6687.21826171875
6440.50146484375
6185.23583984375
5942.86474609375
5708.69873046875
5480.7998046875
5258.55322265625
5045.0048828125
4839.0146484375
4639.5625
4446.896484375
4261.36328125
4082.785400390625
3911.006103515625
3747.54443359375
3592.012451171875
3443.0078125
3299.77392578125
3162.642578125
3031.977294921875
2907.859130859375
2790.0751953125
2678.383056640625
2572.19775390625
2471.445068359375
2376.15087890625
2286.269287109375
2201.1728515625
2120.5849609375
2044.1260986328125
1971.3475341796875
1901.9892578125
1834.930908203125
1769.7872314453125
1707.1611328125
1648.513427734375
1594.0208740234375
1542.396728515625
1492.5416259765625
1444.194091796875
1397.481689453125
1352.5904541015625
1309.4627685546875
