2085.0478515625
2060.041748046875
2029.9569091796875
2004.7337646484375
1987.4478759765625
2057.705078125
2048.065673828125
2037.0736083984375
2057.910400390625
2076.599853515625
2108.74169921875
2128.951904296875
2153.684814453125
2184.641845703125
2209.21435546875
2230.73681640625
2257.41796875
2288.97314453125
2323.15087890625
2358.671875
2410.297119140625
2484.819091796875
2578.44384765625
2689.472412109375
2815.016357421875
2954.31787109375
3105.60791015625
3266.50048828125
3434.505859375
3610.055419921875
3790.051513671875
3974.4541015625
150.83782958984375
137.58352661132812
137.4994354248047
140.3131103515625
143.02703857421875
144.83999633789062
3506.50732421875
3737.996337890625
3868.73388671875
4034.139404296875
4249.8955078125
4505.13427734375
4786.39599609375
5076.81591796875
5366.91064453125
5656.19189453125
5962.82177734375
6257.6923828125
6535.427734375
6795.39794921875
7069.744140625
7268.6640625
7421.88330078125
7556.6318359375
7657.19970703125
7695.14111328125
7685.5302734375
7653.1865234375
7618.75927734375
7590.041015625
7570.99072265625
7552.49951171875
7529.9384765625
7513.982421875
7481.828125
7442.18115234375
7280.96875
6907.99267578125
6576.1005859375
6265.0419921875
5960.65283203125
5671.712890625
5399.1552734375
5141.1328125
4906.3544921875
4688.5634765625
4478.896484375
4281.20751953125
4091.289306640625
3913.007568359375
3733.927001953125
3562.5498046875
3397.535400390625
3237.27685546875
3082.254150390625
2930.75146484375
2790.80078125
2659.805419921875
2534.97802734375
2411.29296875
