2085.07470703125
2062.737548828125
2034.7247314453125
2013.228515625
1997.9906005859375
2005.9342041015625
2033.6591796875
2068.970703125
2068.864990234375
2080.30029296875
2127.398193359375
2193.7373046875
2268.860107421875
2347.4833984375
2430.107666015625
2539.896728515625
2679.0986328125
2840.827392578125
3015.55859375
3199.55517578125
3387.39892578125
3580.6162109375
3779.102294921875
3983.297607421875
4194.4990234375
4412.2763671875
4634.69775390625
4865.333984375
5109.04052734375
5369.19580078125
5674.69287109375
6006.72900390625
284.1060485839844
268.0300598144531
255.26266479492188
244.30857849121094
234.88987731933594
226.40562438964844
4972.1806640625
5363.78125
5754.07275390625
6133.23095703125
6477.71337890625
6795.04248046875
7101.0712890625
7412.982421875
7733.51220703125
8090.79443359375
8445.140625
8778.1787109375
9100.7001953125
9396.736328125
9651.9033203125
9871.8193359375
10050.1318359375
10175.603515625
10264.625
10306.62890625
10305.8427734375
10264.1962890625
10187.49609375
9893.943359375
9288.080078125
8766.1025390625
8296.5615234375
7868.07568359375
7472.0966796875
7104.30859375
6761.41162109375
6595.037109375
6435.185546875
6132.93798828125
5846.17236328125
5576.67041015625
5324.4990234375
5088.75048828125
4869.0849609375
4664.3046875
4470.74853515625
4286.66552734375
4111.73486328125
3945.449951171875
3785.664794921875
3632.50048828125
3486.196533203125
3347.205078125
3215.802490234375
3091.688232421875
2974.495361328125
2863.48046875
2757.812744140625
2656.5
2558.844970703125
