2067.048583984375
2034.9638671875
2007.6875
2058.65283203125
2120.22119140625
2210.628173828125
2250.578369140625
2254.95556640625
2270.332275390625
2326.63916015625
2384.272705078125
2429.87841796875
2460.87841796875
2488.97509765625
2519.732666015625
2559.93798828125
2613.29541015625
2691.58740234375
2804.880615234375
2952.2421875
3126.810302734375
3321.2802734375
3527.9130859375
3741.614501953125
3960.334228515625
4183.23974609375
4409.9501953125
4641.0205078125
4880.2021484375
5128.87451171875
5391.2236328125
5667.908203125
253.2019500732422
226.25502014160156
224.35768127441406
228.453125
233.48976135253906
237.96949768066406
5454.3818359375
6493.83935546875
7093.96435546875
7395.865234375
7664.4169921875
7971.41552734375
8316.9921875
8534.630859375
8446.0947265625
8421.5224609375
8417.26171875
8409.3623046875
8384.01953125
8338.1611328125
8271.69140625
8165.72314453125
8038.966796875
7894.7451171875
7722.0302734375
7535.0869140625
7340.1640625
7138.3095703125
6930.44580078125
6717.912109375
6503.3427734375
6287.3232421875
6072.10693359375
5859.7626953125
5653.2890625
5453.30712890625
5260.11474609375
5074.1416015625
4895.11181640625
4723.10546875
4558.36376953125
4400.83935546875
4250.39306640625
4106.7333984375
3969.468017578125
3838.12060546875
3712.01611328125
3590.768310546875
3474.157470703125
3361.518798828125
3250.801513671875
3141.05517578125
3032.272216796875
2924.883056640625
2819.3173828125
2715.92919921875
2615.065673828125
2516.784423828125
2421.638671875
2329.8955078125
