2080.1025390625
2053.629150390625
2027.7789306640625
2007.5169677734375
2006.684326171875
2042.6002197265625
2038.96142578125
2036.7037353515625
2051.3486328125
2074.7578125
2117.75244140625
2157.637939453125
2182.339599609375
2205.806396484375
2242.07275390625
2306.1474609375
2408.262451171875
2543.19091796875
2705.7724609375
2889.744384765625
3090.393310546875
3304.54052734375
3526.622314453125
3757.102783203125
3997.130615234375
4247.08154296875
4506.38134765625
4775.6220703125
5054.8564453125
5343.80517578125
5646.181640625
5972.470703125
277.80364990234375
276.4570617675781
285.3094177246094
295.0415954589844
304.29388427734375
312.8201599121094
6526.48095703125
6648.8291015625
6569.23974609375
6427.1728515625
6457.91064453125
6646.6533203125
6942.50537109375
7343.6240234375
7844.0771484375
8350.9111328125
8861.7978515625
9358.1474609375
9835.80859375
10282.8203125
10693.162109375
11070.08203125
11411.390625
11721.384765625
11999.7060546875
12249.04296875
12466.359375
12646.5927734375
12786.212890625
12883.888671875
12947.9033203125
12974.69140625
12968.25390625
12935.6123046875
12881.8701171875
12807.650390625
12714.9208984375
12612.1796875
12189.1611328125
11633.357421875
11134.1767578125
10665.7001953125
10218.82421875
9789.8916015625
9376.341796875
8975.4794921875
8586.005859375
8209.2763671875
7846.9501953125
7499.6953125
7167.3798828125
6851.34326171875
6551.52001953125
6267.36669921875
5998.51318359375
5744.3212890625
5503.7451171875
5274.97314453125
5057.25390625
4851.22021484375
4655.75341796875
