2085.0
2061.8740234375
2026.3702392578125
1999.283447265625
2059.534912109375
2087.8193359375
2088.7236328125
2082.6015625
2082.99462890625
2088.203857421875
2103.90869140625
2111.3759765625
2039.0706787109375
1972.26318359375
1928.3480224609375
1893.1234130859375
1864.560546875
1830.603759765625
1799.5762939453125
1775.6270751953125
1762.5357666015625
1751.55126953125
1742.671630859375
1736.281005859375
1730.0537109375
1730.4261474609375
1739.454345703125
1753.792724609375
1784.3719482421875
1825.8680419921875
1861.8668212890625
1901.6754150390625
114.76547241210938
118.42313385009766
119.68843841552734
120.2447509765625
120.51493072509766
120.66121673583984
1630.350341796875
2143.330322265625
2155.52978515625
2167.66259765625
2221.214111328125
2300.376708984375
2389.2392578125
2475.022216796875
2552.30126953125
2620.315185546875
2679.055908203125
2728.3623046875
2768.621826171875
2800.774169921875
2825.283203125
2842.3447265625
2852.521240234375
2856.584228515625
2855.3330078125
2849.387939453125
2839.453857421875
2825.41162109375
2807.744140625
2787.269775390625
2764.539794921875
2739.1572265625
2713.290283203125
2685.780517578125
2656.57958984375
2625.8505859375
2593.859375
2560.755615234375
2526.737060546875
2492.096435546875
2456.804443359375
2421.078369140625
2385.072509765625
2348.9716796875
2312.911865234375
2276.986328125
2241.26171875
2205.80859375
2170.69287109375
2135.9619140625
2101.6015625
2067.668701171875
2034.198486328125
2001.2047119140625
1968.7183837890625
1936.781005859375
1905.36865234375
1874.52099609375
1844.4404296875
1814.8968505859375
