2076.598388671875
2036.39453125
1993.025634765625
2051.657958984375
2083.9853515625
2070.551513671875
2069.1767578125
2069.196533203125
2068.056640625
2091.10546875
2109.75634765625
2141.060546875
2169.70458984375
2197.622314453125
2235.1005859375
2283.34912109375
2334.5712890625
2403.21044921875
2506.278564453125
2617.09765625
2732.081787109375
2887.741455078125
3103.389404296875
3369.421142578125
3482.77294921875
3437.691162109375
3416.385009765625
3402.8544921875
3385.516357421875
3362.9921875
3334.895263671875
3295.591796875
106.30122375488281
110.80256652832031
112.61502838134766
113.53800201416016
114.138427734375
114.64280700683594
3078.355712890625
3032.285888671875
2905.2607421875
2847.756591796875
2894.919189453125
2975.467041015625
3042.13720703125
3088.06005859375
3100.0947265625
3080.384521484375
3045.618408203125
2988.614501953125
2915.350830078125
2829.523193359375
2738.29248046875
2644.56689453125
2550.226806640625
2456.549072265625
2365.287109375
2278.364013671875
2195.574462890625
2116.678466796875
2040.8746337890625
1968.2828369140625
1899.2640380859375
1832.9200439453125
1769.3165283203125
1708.255859375
1650.489013671875
1596.2728271484375
1544.3524169921875
1494.08154296875
1472.8671875
1444.902099609375
1397.887939453125
1352.016357421875
1307.64208984375
1265.52587890625
1226.1968994140625
1189.703369140625
1155.485595703125
1123.0914306640625
1092.3828125
1063.2774658203125
1035.523193359375
1008.9484252929688
983.4346313476562
959.382080078125
936.3157958984375
914.0502319335938
892.5385131835938
871.6936645507812
851.654296875
832.4378051757812
814.0775756835938
