1996.9024658203125
2767.08935546875
3061.28857421875
2647.03173828125
2425.586181640625
2325.64404296875
2285.997314453125
2271.9150390625
2264.748046875
2266.4580078125
2270.5224609375
2268.609130859375
2263.774658203125
2268.01220703125
2279.45458984375
2292.609375
2306.259521484375
2322.54296875
2300.046875
2278.457763671875
2274.022705078125
2289.145263671875
2321.914306640625
2366.734130859375
2418.5947265625
2474.623046875
2534.77978515625
2597.959716796875
2661.93701171875
2726.457763671875
2790.70166015625
2852.23046875
97.95948028564453
91.51334381103516
94.66828155517578
96.10791778564453
97.67833709716797
99.28071594238281
3246.75244140625
3235.939208984375
3040.6591796875
2978.2666015625
2969.9150390625
2982.925048828125
3007.320068359375
3033.121337890625
3057.284423828125
3085.123779296875
3114.709228515625
3132.3564453125
3148.401611328125
3148.2685546875
3126.78369140625
3097.77734375
3058.4033203125
3036.509765625
3011.2685546875
2951.696533203125
2885.052490234375
2811.7705078125
2733.769287109375
2652.5390625
2569.0966796875
2483.95703125
2397.8330078125
2311.648681640625
2226.1767578125
2142.38427734375
2061.602294921875
1984.2025146484375
1908.88232421875
1835.744873046875
1765.175537109375
1697.439453125
1632.3475341796875
1569.975341796875
1508.8504638671875
1448.0975341796875
1387.635986328125
1328.8470458984375
1274.239013671875
1221.1522216796875
1169.1251220703125
1118.9832763671875
1071.3046875
1025.8819580078125
983.2994384765625
943.618408203125
905.8324584960938
869.0643920898438
833.4683227539062
800.0135498046875
770.2620239257812
