2085.0009765625
2063.99853515625
2031.4351806640625
2004.6497802734375
2042.338134765625
2031.2744140625
2083.761962890625
2073.81201171875
2078.19580078125
2096.397216796875
2130.636474609375
2167.83837890625
2157.93408203125
2150.3681640625
2156.996337890625
2183.53466796875
2205.4794921875
2232.4541015625
2255.468994140625
2284.355224609375
2312.605712890625
2351.190185546875
2413.61376953125
2510.342041015625
2671.11376953125
2810.535888671875
2822.386474609375
2773.495361328125
2800.91845703125
2854.96435546875
2941.19775390625
3015.075927734375
87.99556732177734
84.2694320678711
85.34676361083984
85.59674835205078
86.01971435546875
86.47451782226562
1402.252685546875
1478.252685546875
1857.8267822265625
4730.20068359375
5173.8603515625
5109.392578125
4692.81201171875
4429.07080078125
4310.94189453125
4256.20458984375
4236.28173828125
4245.4130859375
4282.1181640625
4339.39111328125
4407.7568359375
4474.72998046875
4529.97265625
4557.81640625
4577.76025390625
4610.87109375
4645.6025390625
4682.18994140625
4725.275390625
4767.341796875
4803.48486328125
4828.13623046875
4839.1875
4835.02783203125
4816.193359375
4783.65283203125
4739.45751953125
4684.7470703125
4622.16357421875
4553.23974609375
4479.13427734375
4401.59228515625
4320.9892578125
4239.0380859375
4156.00244140625
4069.36083984375
3982.008056640625
3894.12890625
3805.9833984375
3717.4013671875
3628.9580078125
3541.720947265625
3456.19873046875
3372.5
3290.505615234375
3210.775634765625
3134.555908203125
3063.058837890625
2997.037841796875
2936.49609375
2881.18701171875
