2036.691650390625
1890.0185546875
1767.71484375
1638.6473388671875
1534.441162109375
1460.2406005859375
1421.6724853515625
1404.138671875
1390.4609375
1383.713134765625
1375.610107421875
1364.197509765625
1355.5775146484375
1353.8798828125
1355.671875
1360.101806640625
1371.067138671875
1392.91162109375
1426.1064453125
1468.4835205078125
1517.6181640625
1570.659912109375
1628.190185546875
1687.7838134765625
1744.581298828125
1798.4420166015625
1849.1842041015625
1896.383544921875
1939.4102783203125
1977.7230224609375
2011.5521240234375
2040.7232666015625
294.4837951660156
283.5376281738281
295.706298828125
312.8875732421875
329.8798828125
345.1566467285156
2298.864013671875
2290.994384765625
2304.4228515625
2323.25634765625
2364.36083984375
2403.663818359375
2432.7734375
2450.1728515625
2456.46240234375
2452.909423828125
2440.15625
2418.730224609375
2389.37939453125
2352.519775390625
2308.64990234375
2258.87451171875
2204.303466796875
2146.01318359375
2084.9091796875
2021.976806640625
1958.064697265625
1893.666259765625
1828.943603515625
1764.66357421875
1701.145751953125
1638.6192626953125
1576.9842529296875
1516.899658203125
1458.7579345703125
1402.65673828125
1348.8541259765625
1297.3662109375
1248.1510009765625
1201.12548828125
1156.199951171875
1113.3341064453125
1072.400634765625
1033.1031494140625
995.2030639648438
959.0161743164062
924.5223999023438
891.5341186523438
859.9583129882812
829.7227172851562
800.7669067382812
773.0325927734375
746.4696044921875
721.0128784179688
696.60693359375
673.2003784179688
650.736572265625
629.1657104492188
608.4557495117188
588.56103515625
