2048.123291015625
2010.886474609375
1497.4605712890625
1395.157470703125
1335.1456298828125
1286.36572265625
1245.167724609375
1209.781494140625
1176.3819580078125
1154.920166015625
1139.9285888671875
1119.8575439453125
1102.52978515625
1084.89111328125
1065.665283203125
1049.2777099609375
1033.975341796875
1016.6090698242188
998.1890869140625
979.3825073242188
963.0850219726562
949.8626708984375
936.4672241210938
921.7484130859375
905.6510009765625
889.5
878.2074584960938
871.5811157226562
861.6737670898438
850.9029541015625
842.7952270507812
836.1365966796875
119.50704193115234
120.28353881835938
120.71715545654297
121.13078308105469
121.49418640136719
121.87462615966797
864.5814819335938
811.9632568359375
807.1868286132812
801.8893432617188
826.2633056640625
831.0546264648438
847.0039672851562
859.9801635742188
867.28857421875
874.175048828125
881.6220092773438
892.4138793945312
908.372314453125
928.1150512695312
950.30224609375
972.4193725585938
993.881591796875
1017.2232666015625
1042.604248046875
1069.6290283203125
1096.6837158203125
1123.625732421875
1150.3895263671875
1176.1531982421875
1200.741455078125
1223.950927734375
1245.8701171875
1266.8206787109375
1286.3895263671875
1304.477783203125
1320.88818359375
1335.3814697265625
1347.962890625
1358.7069091796875
1367.714599609375
1374.991455078125
1380.456787109375
1384.4952392578125
1387.4508056640625
1388.451904296875
1387.3963623046875
1384.2705078125
1379.4149169921875
1373.1180419921875
1365.840576171875
1357.4949951171875
1348.148681640625
1337.95947265625
1327.1253662109375
1315.6343994140625
1303.6575927734375
1291.3428955078125
1278.653564453125
1265.65087890625
1252.3743896484375
