2080.7470703125
2052.234375
2019.4844970703125
1992.6463623046875
2021.46142578125
2057.012939453125
2047.892822265625
2066.17626953125
2093.0380859375
2110.879150390625
2124.5947265625
2134.130126953125
2139.386474609375
2147.99365234375
2169.779541015625
2199.614990234375
2225.953125
2244.921875
2262.711669921875
2282.440673828125
2302.69287109375
2323.151123046875
2345.876220703125
2374.286376953125
2412.48291015625
2462.87548828125
2525.194580078125
2597.19287109375
2677.908203125
2767.54541015625
2866.55908203125
2974.92724609375
120.44943237304688
122.4681167602539
123.73485565185547
124.18720245361328
124.25728607177734
124.32339477539062
1870.980224609375
2646.578857421875
3023.33447265625
3253.395263671875
3441.745849609375
3632.968994140625
3836.326171875
4048.587646484375
4264.49951171875
4478.35302734375
4686.9296875
4889.984375
5085.5869140625
5275.32080078125
5453.30908203125
5613.8359375
5762.7841796875
5912.349609375
6068.037109375
6246.76416015625
6439.71435546875
6619.2685546875
6811.453125
7016.93115234375
7210.95654296875
7400.5634765625
7601.71337890625
7777.98779296875
7925.04248046875
8047.7001953125
8166.07568359375
8290.8642578125
8432.0029296875
8577.814453125
8691.4775390625
8799.0849609375
8899.58203125
8966.271484375
9026.54296875
9070.05078125
9115.3759765625
9162.6943359375
9209.4453125
9261.2548828125
9319.1064453125
9386.7783203125
9443.0322265625
9162.357421875
8668.1298828125
8268.56640625
7929.80322265625
7633.35986328125
7363.2646484375
7105.62841796875
