2085.599853515625
2064.58642578125
2042.0120849609375
2025.0535888671875
2013.5028076171875
2003.548828125
2015.62744140625
2007.424560546875
2021.27685546875
2032.259765625
2055.742431640625
2076.67529296875
2099.916748046875
2121.742431640625
2141.86572265625
2164.73046875
2191.16455078125
2226.673828125
2268.213134765625
2315.192626953125
2381.394775390625
2470.319091796875
2581.660888671875
2713.7314453125
2873.027099609375
3051.375
3237.82470703125
3428.0830078125
3620.937744140625
3813.213623046875
4011.363037109375
4214.27099609375
187.85935974121094
193.0348663330078
200.53512573242188
206.5771942138672
210.97250366210938
213.93637084960938
4085.451171875
4415.0078125
4656.65234375
4856.7490234375
5037.41162109375
5217.02392578125
5407.4384765625
5615.0732421875
5839.81396484375
6078.99609375
6331.19873046875
6600.38916015625
6887.4609375
7215.26025390625
7592.61181640625
7994.197265625
8448.7470703125
8879.5
9285.974609375
9684.140625
10079.3818359375
10474.681640625
10868.072265625
11250.224609375
11616.2421875
11972.9736328125
12312.763671875
12630.87890625
12929.318359375
13211.2744140625
13476.533203125
13725.490234375
13957.1357421875
14170.337890625
14365.1015625
14538.681640625
14686.74609375
14808.4267578125
14904.3740234375
14974.095703125
15018.8876953125
15039.955078125
15040.9677734375
15025.1103515625
14989.423828125
14930.3125
14852.44140625
14750.7451171875
14634.38671875
14512.5732421875
14393.4345703125
14279.9677734375
14158.8642578125
14019.59375
