2067.9150390625
2030.5269775390625
1989.89208984375
2080.892333984375
2109.7158203125
2091.6669921875
2087.372314453125
2102.2158203125
2133.346435546875
2158.45751953125
2166.650390625
2165.8818359375
2163.053955078125
2167.326904296875
2174.744873046875
2179.929443359375
2188.057861328125
2195.3251953125
2199.90185546875
2211.219482421875
2229.210205078125
2248.33984375
2272.23291015625
2296.593017578125
2323.03857421875
2364.708740234375
2422.576416015625
2490.984375
2570.520751953125
2657.61279296875
2752.231201171875
2854.95068359375
119.10748291015625
121.34957122802734
121.87321472167969
122.30480194091797
122.62269592285156
122.85172271728516
2025.3765869140625
2636.709716796875
2929.0126953125
3147.697021484375
3334.697509765625
3501.525390625
3653.4716796875
3794.46435546875
3927.693603515625
4057.610107421875
4188.4873046875
4320.39111328125
4455.6552734375
4595.107421875
4737.66943359375
4882.5927734375
5043.43017578125
5206.74658203125
5376.328125
5549.66943359375
5725.400390625
5900.03759765625
6091.029296875
6246.61328125
6396.5859375
6541.744140625
6674.40283203125
6780.875
6871.68896484375
6952.80859375
7003.61962890625
7032.2861328125
7045.41943359375
7051.42919921875
7057.69775390625
7067.9736328125
7075.091796875
7077.87353515625
7093.01220703125
7120.81298828125
6914.10888671875
6658.541015625
6424.4169921875
6184.5791015625
5948.53955078125
5735.91552734375
5550.208984375
5373.28515625
5206.810546875
5049.88525390625
4896.6767578125
4744.15234375
4593.61669921875
4449.22900390625
