2058.20947265625
2019.2567138671875
2050.423828125
2201.270263671875
2200.68701171875
2175.8916015625
2211.830078125
2271.03955078125
2305.747802734375
2345.10205078125
2383.9931640625
2414.74609375
2447.925048828125
2490.538818359375
2542.90478515625
2607.181884765625
2686.697265625
2783.65283203125
2898.339599609375
3028.71240234375
3172.28125
3327.5048828125
3492.45751953125
3666.68359375
3849.778076171875
4043.01220703125
4249.0751953125
4471.56591796875
4703.02197265625
4942.361328125
5192.267578125
5455.07861328125
161.62445068359375
141.0128173828125
138.66517639160156
139.10963439941406
140.33689880371094
141.79537963867188
4948.265625
5793.8349609375
6252.05224609375
6800.45361328125
7283.9921875
7708.2919921875
8044.892578125
8338.6796875
8614.384765625
8915.69921875
9228.8037109375
9539.970703125
9460.955078125
9443.083984375
9455.521484375
9472.857421875
9490.560546875
9504.427734375
9513.259765625
9515.275390625
9504.2841796875
9477.2880859375
9438.13671875
9388.2578125
9323.705078125
9246.53515625
9162.2236328125
9069.203125
8967.81640625
8859.47265625
8744.92578125
8624.51953125
8498.583984375
8367.8623046875
8233.35546875
8096.326171875
7958.45703125
7818.52978515625
7676.232421875
7531.84765625
7385.80224609375
7237.548828125
7088.23583984375
6939.35107421875
6790.93017578125
6643.4208984375
6497.23974609375
6353.06787109375
6210.642578125
6070.54296875
5933.19677734375
5796.4892578125
5663.51318359375
5534.99609375
5410.37060546875
