0.11175098270177841
0.11959104984998703
0.13397090137004852
0.14671362936496735
0.1498972326517105
0.15075236558914185
0.15113313496112823
0.15148749947547913
0.15197615325450897
0.15251024067401886
0.15305496752262115
0.1535472571849823
0.15400375425815582
0.1547025591135025
0.15545007586479187
0.1561613529920578
0.1567811369895935
0.15742401778697968
0.15810143947601318
0.15876638889312744
0.1594005972146988
0.1599949449300766
0.16055911779403687
0.16120418906211853
0.16199420392513275
0.16288526356220245
0.1638851761817932
0.16504265367984772
0.16641263663768768
0.16800515353679657
0.16979405283927917
0.1718234270811081
0.008672568947076797
0.007777202408760786
0.007814280688762665
0.00776637764647603
0.007745136972516775
0.007728492375463247
0.14988762140274048
0.16451717913150787
0.17198094725608826
0.17742501199245453
0.18214598298072815
0.18678943812847137
0.19151006639003754
0.19637025892734528
0.20137332379817963
0.20819419622421265
0.2166287899017334
0.22515445947647095
0.23398765921592712
0.2431303709745407
0.25248634815216064
0.26230108737945557
0.273805171251297
0.2703990042209625
0.265703022480011
0.2611980140209198
0.25652438402175903
0.2517719864845276
0.24700477719306946
0.24224045872688293
0.23743566870689392
0.23253026604652405
0.22760388255119324
0.22251498699188232
0.21703319251537323
0.21150629222393036
0.20608803629875183
0.20076265931129456
0.19545118510723114
0.19013230502605438
0.18485336005687714
0.1795814037322998
0.17420420050621033
0.16884714365005493
0.16381224989891052
0.1591053158044815
0.15459983050823212
0.15020427107810974
0.14588633179664612
0.14170829951763153
0.1376139521598816
0.13356661796569824
0.12953199446201324
0.1254664957523346
0.12152914702892303
0.11822488903999329
0.11567329615354538
0.11367569118738174
0.11208313703536987
0.1117764264345169
