0.16471119225025177
0.16811315715312958
0.17682351171970367
0.19203981757164001
0.2062990665435791
0.22064031660556793
0.2273053377866745
0.22966481745243073
0.23179586231708527
0.2332840859889984
0.23434679210186005
0.23532162606716156
0.2364247739315033
0.23749366402626038
0.23842507600784302
0.23919664323329926
0.23993803560733795
0.24070386588573456
0.24130184948444366
0.24186904728412628
0.2427763044834137
0.24356412887573242
0.24424532055854797
0.24491886794567108
0.24570003151893616
0.24653570353984833
0.24726606905460358
0.24806857109069824
0.24913008511066437
0.25042563676834106
0.25198084115982056
0.25379836559295654
0.0225638747215271
0.02213023602962494
0.0219984520226717
0.02183506451547146
0.020334266126155853
0.019334370270371437
0.22579459846019745
0.24305227398872375
0.2503809332847595
0.25856640934944153
0.26875609159469604
0.2786734700202942
0.28865137696266174
0.29923146963119507
0.3104461133480072
0.322004109621048
0.3334171175956726
0.3445078432559967
0.3556249141693115
0.36676645278930664
0.3774521052837372
0.38733208179473877
0.3961085379123688
0.41383999586105347
0.4511197507381439
0.5026049613952637
0.5722382068634033
0.6655519604682922
0.7921900749206543
0.9768097996711731
1.1661523580551147
2.033813953399658
20.70166015625
30.358049392700195
36.87452697753906
42.38176727294922
49.59598159790039
57.38474655151367
64.82684326171875
72.05679321289062
79.15990447998047
86.13077545166016
93.01652526855469
99.77857208251953
106.24382019042969
112.31552124023438
118.64385223388672
125.76519012451172
133.16998291015625
140.64761352539062
148.20877075195312
155.7248077392578
163.38638305664062
166.2300567626953
168.89730834960938
171.5922088623047
174.2678680419922
176.72994995117188
178.75119018554688
180.36679077148438
