0.04166897386312485
0.045892272144556046
0.052253082394599915
0.055163975805044174
0.055854227393865585
0.05615086108446121
0.05644816905260086
0.05672377720475197
0.05707230046391487
0.05735151842236519
0.057603590190410614
0.05782428756356239
0.05797123536467552
0.05809752643108368
0.05824006721377373
0.05840517207980156
0.05858214944601059
0.058760762214660645
0.05893849954009056
0.05912337079644203
0.05932091921567917
0.05955061316490173
0.05982283502817154
0.060124073177576065
0.06050477549433708
0.06098446995019913
0.06154142692685127
0.062146417796611786
0.06280551105737686
0.06350229680538177
0.06421052664518356
0.0649246796965599
0.003109964542090893
0.0028581449296325445
0.0028084423393011093
0.002804071642458439
0.002797618741169572
0.002791532315313816
0.05809519812464714
0.062288399785757065
0.0644199326634407
0.06596200168132782
0.06724262237548828
0.06837549060583115
0.06940934807062149
0.07037587463855743
0.07130565494298935
0.07220198214054108
0.0730966180562973
0.07400458306074142
0.07494016736745834
0.07589847594499588
0.07686145603656769
0.07786737382411957
0.07892508804798126
0.07999346405267715
0.08112484961748123
0.0823516771197319
0.08373741060495377
0.08528177440166473
0.08681367337703705
0.08810381591320038
0.08920808881521225
0.09020838141441345
0.0912281945347786
0.09244133532047272
0.09381713718175888
0.09507574886083603
0.09589514136314392
0.09725033491849899
0.09926298260688782
0.10168751329183578
0.10313191264867783
0.10345087945461273
0.10372375696897507
0.10609201341867447
0.10954976826906204
0.10509225726127625
0.09963905066251755
0.10110939294099808
0.10401121526956558
0.10762958228588104
0.12638145685195923
0.16545793414115906
0.2102959156036377
0.26425376534461975
0.32953935861587524
0.40284377336502075
0.48377490043640137
0.5771581530570984
0.6865885853767395
0.8170472383499146
0.9747301936149597
