0.03793508931994438
0.03993308171629906
0.04333151504397392
0.04688497260212898
0.049845073372125626
0.05213317647576332
0.05262815207242966
0.05276031419634819
0.05285278707742691
0.05299941822886467
0.05328235402703285
0.05350390076637268
0.05378662794828415
0.0540144219994545
0.05421732738614082
0.054428935050964355
0.05466208979487419
0.05486908182501793
0.05505995452404022
0.05525356903672218
0.05548090860247612
0.05572304502129555
0.05597382411360741
0.05623272433876991
0.056517891585826874
0.056895911693573
0.05735624209046364
0.05789104849100113
0.058494918048381805
0.059152837842702866
0.059862155467271805
0.060627590864896774
0.0034433614928275347
0.0032049808651208878
0.0030987735372036695
0.0030377593357115984
0.0029991520568728447
0.002972562098875642
0.0553738959133625
0.058854538947343826
0.06072577089071274
0.06214636191725731
0.06343837827444077
0.06474948674440384
0.06606772541999817
0.06739440560340881
0.06871103495359421
0.0700080543756485
0.07129352539777756
0.07257993519306183
0.07387220859527588
0.07516832649707794
0.07646965235471725
0.07778213173151016
0.07913041114807129
0.08053606003522873
0.08176371455192566
0.08297064155340195
0.08420094847679138
0.08549001067876816
0.08675949275493622
0.08804596215486526
0.08938190340995789
0.09070292860269547
0.09183406829833984
0.09279651194810867
0.09364721924066544
0.09447472542524338
0.09531760215759277
0.09608161449432373
0.09676511585712433
0.0973905399441719
0.09794197976589203
0.09848610311746597
0.09904554486274719
0.09961225837469101
0.10018837451934814
0.10082478821277618
0.10145455598831177
0.1022656038403511
0.10319815576076508
0.10414690524339676
0.10522224754095078
0.10244953632354736
0.09898597747087479
0.09570026397705078
0.09266450256109238
0.08980133384466171
0.08703772723674774
0.08435326814651489
0.0818994790315628
0.07960199564695358
