0.15906384587287903
0.1755068302154541
0.19942626357078552
0.20699772238731384
0.20823661983013153
0.20893988013267517
0.20963622629642487
0.21030330657958984
0.21096131205558777
0.21157130599021912
0.21218612790107727
0.21314993500709534
0.21375924348831177
0.21451151371002197
0.2152494490146637
0.21575309336185455
0.21626798808574677
0.21711164712905884
0.218129500746727
0.21907402575016022
0.21994641423225403
0.2207968533039093
0.2216886579990387
0.2226024866104126
0.22355666756629944
0.22468101978302002
0.22607839107513428
0.22770331799983978
0.22975529730319977
0.2322101593017578
0.23498108983039856
0.23800407350063324
0.010928692296147346
0.010698804631829262
0.010726993903517723
0.010737204924225807
0.01071745902299881
0.010701351799070835
0.21600733697414398
0.23083573579788208
0.23819074034690857
0.24476931989192963
0.25143668055534363
0.25821587443351746
0.2649913728237152
0.2717437744140625
0.2790753245353699
0.29202041029930115
0.3049868941307068
0.31925714015960693
0.33428865671157837
0.350148469209671
0.3672432601451874
0.37954407930374146
0.3728172481060028
0.36605104804039
0.35942742228507996
0.35280030965805054
0.34622815251350403
0.3396443724632263
0.33302339911460876
0.3263357877731323
0.31955114006996155
0.3126615583896637
0.30567899346351624
0.2988012731075287
0.2914772629737854
0.28388679027557373
0.2763262093067169
0.2688731551170349
0.26177582144737244
0.25485584139823914
0.2481072098016739
0.2414432018995285
0.2347584217786789
0.22802981734275818
0.22144843637943268
0.21499991416931152
0.20865318179130554
0.20231346786022186
0.19595634937286377
0.18970781564712524
0.1837228238582611
0.17792749404907227
0.17227256298065186
0.16708940267562866
0.162192240357399
0.1577221006155014
0.1540345549583435
0.1531839221715927
0.15457415580749512
0.1578318178653717
