0.04177429527044296
0.046097926795482635
0.05266813561320305
0.05517193302512169
0.05584872514009476
0.05615505576133728
0.056455109268426895
0.05675835534930229
0.05710527300834656
0.05738130956888199
0.05764805153012276
0.05784304440021515
0.05798108130693436
0.05811082199215889
0.058255281299352646
0.05843198671936989
0.05861237272620201
0.05879686400294304
0.05898157134652138
0.059173740446567535
0.05937933549284935
0.059622783213853836
0.05991616100072861
0.060240454971790314
0.06068260967731476
0.06121086701750755
0.061793822795152664
0.062442414462566376
0.0631365180015564
0.063855841755867
0.06458162516355515
0.06531497091054916
0.0031367831397801638
0.002909659640863538
0.002824211260303855
0.002804226242005825
0.0027983998879790306
0.0027927886694669724
0.058586474508047104
0.06269099563360214
0.06480814516544342
0.06635554879903793
0.06765851378440857
0.06882397085428238
0.06989487260580063
0.07090170681476593
0.07186409085988998
0.07279650121927261
0.07373227179050446
0.07466492801904678
0.07564001530408859
0.07664868235588074
0.07769700139760971
0.07877431064844131
0.07987817376852036
0.08100485801696777
0.08218041062355042
0.08352117240428925
0.08499672263860703
0.08654498308897018
0.08801660686731339
0.08928035944700241
0.09037439525127411
0.09136257320642471
0.09255371987819672
0.09379829466342926
0.09504573047161102
0.09598638862371445
0.0968995988368988
0.09866110980510712
0.10087355226278305
0.10330457240343094
0.10431765019893646
0.10570941120386124
0.10855134576559067
0.10688868165016174
0.09960813820362091
0.09776189178228378
0.10016394406557083
0.10375525802373886
0.11250268667936325
0.15442624688148499
0.20214803516864777
0.25811052322387695
0.32567113637924194
0.40219825506210327
0.48803436756134033
0.5880625247955322
0.7075308561325073
0.8552754521369934
1.0304679870605469
1.172715663909912
