0.4812970459461212
0.5142823457717896
0.656171441078186
0.9384715557098389
1.0137218236923218
1.0215641260147095
1.0277318954467773
1.0366346836090088
1.0461091995239258
1.0580477714538574
1.0723575353622437
1.0858157873153687
1.0987884998321533
1.115203619003296
1.127878189086914
1.1429321765899658
1.1567856073379517
1.1705238819122314
1.1845295429229736
1.1993048191070557
1.2153526544570923
1.2348031997680664
1.2587611675262451
1.285138487815857
1.316347360610962
1.3543437719345093
1.400777816772461
1.4624662399291992
1.5297949314117432
1.6043012142181396
1.701515793800354
1.8377234935760498
0.033151935786008835
0.033017996698617935
0.032973576337099075
0.03294306620955467
0.032918937504291534
0.03289707005023956
0.6516752243041992
1.4077051877975464
2.0434792041778564
2.0850565433502197
2.1193482875823975
2.1857242584228516
5.89009428024292
18.57748031616211
27.703645706176758
34.975852966308594
41.19860076904297
46.839439392089844
52.126136779785156
57.185760498046875
62.131553649902344
67.23218536376953
72.37890625
77.33452606201172
82.3337173461914
87.45052337646484
93.15998077392578
99.17593383789062
105.22509765625
111.18561553955078
116.98286437988281
122.71124267578125
127.73719787597656
132.18203735351562
136.09703063964844
139.52740478515625
142.50462341308594
145.0713348388672
147.32752990722656
149.2132110595703
150.70782470703125
151.7883758544922
152.55393981933594
153.30068969726562
153.65399169921875
153.7659454345703
153.70864868164062
153.52847290039062
153.23265075683594
152.8241424560547
152.32887268066406
151.7867431640625
151.21905517578125
150.63638305664062
150.0384521484375
149.42311096191406
148.64309692382812
147.78958129882812
146.9211883544922
146.05978393554688
