0.037902284413576126
0.039740659296512604
0.04290264472365379
0.04616504907608032
0.04889470711350441
0.0514187254011631
0.05240127444267273
0.05264060199260712
0.05286107584834099
0.05304967984557152
0.053337857127189636
0.05368547514081001
0.05397768318653107
0.05424128845334053
0.05452140420675278
0.054847992956638336
0.055176474153995514
0.055491331964731216
0.05580475181341171
0.05611886456608772
0.05643877014517784
0.05679016560316086
0.05719759687781334
0.05767471343278885
0.05822252109646797
0.05883852019906044
0.05951505899429321
0.06023526191711426
0.06098532676696777
0.06176021695137024
0.06255513429641724
0.06337518244981766
0.0037252167239785194
0.003540700301527977
0.003452203469350934
0.0033946381881833076
0.0033534581307321787
0.003322402946650982
0.05811312049627304
0.06084468215703964
0.06237579509615898
0.06358514726161957
0.06472331285476685
0.06585701555013657
0.06704401969909668
0.06831299513578415
0.06969200074672699
0.07116694003343582
0.07269349694252014
0.0741966962814331
0.07566522806882858
0.07710056006908417
0.07858996838331223
0.0798906683921814
0.08116799592971802
0.08249863982200623
0.08388260006904602
0.08524801582098007
0.08659931272268295
0.0879250094294548
0.08929283171892166
0.09055840969085693
0.09165585786104202
0.09252749383449554
0.09327766299247742
0.09400800615549088
0.09472664445638657
0.09568607807159424
0.09661517292261124
0.09753238409757614
0.09860461950302124
0.0997847393155098
0.10102996975183487
0.10247611999511719
0.10450796782970428
0.10602354258298874
0.10711057484149933
0.10805602371692657
0.10568360984325409
0.10221656411886215
0.09897477924823761
0.09583327174186707
0.09271606057882309
0.08960136026144028
0.08665139973163605
0.08355605602264404
0.08030287176370621
0.07708918303251266
0.07430171221494675
0.07169870287179947
0.06912754476070404
0.06808587908744812
