8.8158597946167
13.00459098815918
11.557071685791016
9.48147964477539
8.50294303894043
8.065452575683594
7.884252071380615
7.788575172424316
7.7264485359191895
7.647444248199463
7.568243503570557
7.501504421234131
7.450423717498779
7.414095401763916
7.393877029418945
7.387967586517334
7.3493194580078125
7.307689666748047
7.274000644683838
7.252775192260742
7.246190547943115
7.25813102722168
7.29000186920166
7.338377475738525
7.4021430015563965
7.478209495544434
7.558971405029297
7.619956970214844
7.676293849945068
7.735406398773193
7.80423641204834
7.88746976852417
0.53095543384552
0.44440439343452454
0.4277057647705078
0.4162950813770294
0.4125191867351532
0.4150286912918091
9.109108924865723
9.441832542419434
9.494833946228027
9.642590522766113
9.8394136428833
10.082096099853516
10.353248596191406
10.651427268981934
10.981406211853027
11.368898391723633
11.789342880249023
12.227115631103516
12.676974296569824
13.143083572387695
13.620452880859375
14.10138988494873
14.582860946655273
15.06436538696289
15.542223930358887
16.01230239868164
16.46880531311035
16.907758712768555
17.328998565673828
17.733694076538086
18.121858596801758
18.491825103759766
18.851499557495117
19.209924697875977
19.559091567993164
19.89412498474121
20.212657928466797
20.514039993286133
20.79806137084961
21.08151626586914
21.38102912902832
21.64249610900879
21.87331771850586
22.076459884643555
22.25543212890625
22.4146728515625
22.559978485107422
22.69803810119629
22.83262825012207
22.971567153930664
23.10948371887207
23.243282318115234
23.373445510864258
23.500030517578125
23.62164306640625
23.73697853088379
23.84495735168457
23.946027755737305
24.0408878326416
24.129743576049805
