3.951650619506836
4.595842361450195
5.8680853843688965
7.143536567687988
8.126891136169434
7.845508098602295
7.138879776000977
6.8043622970581055
6.780935764312744
6.951300144195557
7.252598285675049
7.580060958862305
7.971263408660889
8.422615051269531
8.935004234313965
9.506315231323242
9.720307350158691
9.895639419555664
10.023193359375
10.015475273132324
10.017293930053711
10.064931869506836
10.147047996520996
10.288046836853027
10.46955394744873
10.670450210571289
10.890263557434082
11.125187873840332
11.387036323547363
11.662130355834961
11.955081939697266
12.27236270904541
0.21957840025424957
0.16874775290489197
0.17232581973075867
0.17629219591617584
0.17968253791332245
0.18371905386447906
12.868680953979492
14.387662887573242
14.944567680358887
15.397883415222168
15.871023178100586
16.409927368164062
17.023515701293945
17.654441833496094
18.41189193725586
19.188739776611328
19.963096618652344
20.74706268310547
21.545360565185547
22.35744285583496
23.18271255493164
24.021575927734375
24.88254165649414
25.770170211791992
26.677467346191406
27.602092742919922
28.536344528198242
29.46997833251953
30.38905906677246
31.284048080444336
32.168697357177734
33.03315353393555
33.86489486694336
34.660606384277344
35.423667907714844
36.16007614135742
36.987152099609375
37.74850845336914
38.44358825683594
39.06748580932617
39.62025833129883
40.1070671081543
40.536216735839844
40.73648452758789
40.91889572143555
41.248023986816406
41.54708480834961
41.818050384521484
42.069549560546875
42.304466247558594
42.532711029052734
42.75384521484375
42.9663200378418
43.168514251708984
43.36338806152344
43.557960510253906
43.747283935546875
43.928836822509766
44.11034393310547
44.29423141479492
44.45856475830078
