19.17568588256836
18.655691146850586
16.723888397216797
14.468144416809082
12.833115577697754
11.754727363586426
11.027078628540039
10.512350082397461
10.138056755065918
9.858304977416992
9.655465126037598
9.509133338928223
9.403189659118652
9.302987098693848
9.219261169433594
9.153430938720703
9.110279083251953
9.091090202331543
9.097672462463379
9.13081169128418
9.18669319152832
9.261462211608887
9.376169204711914
9.533084869384766
9.723943710327148
9.94797420501709
10.201302528381348
10.483731269836426
10.793097496032715
11.125622749328613
11.502479553222656
11.961228370666504
2.159492015838623
1.747869610786438
1.6059069633483887
1.5762989521026611
1.58722722530365
1.616196870803833
15.211882591247559
15.963897705078125
16.22616958618164
16.757997512817383
17.410110473632812
18.16853904724121
19.01876449584961
19.929288864135742
20.854095458984375
21.719287872314453
22.538616180419922
23.35715103149414
24.179603576660156
24.99244499206543
25.7824764251709
26.555971145629883
27.35067367553711
28.145957946777344
28.899091720581055
29.60945701599121
30.269554138183594
30.922727584838867
31.49650001525879
31.986047744750977
32.38325881958008
32.684906005859375
32.90951919555664
33.07374572753906
33.1866455078125
33.25651931762695
33.29008865356445
33.29133605957031
33.270896911621094
33.23984909057617
33.1919059753418
33.12869644165039
33.05364227294922
32.97429656982422
32.89393997192383
32.81368637084961
32.735107421875
32.65971374511719
32.58595657348633
32.51597595214844
32.451595306396484
32.39356231689453
32.34218215942383
32.29652404785156
32.25638198852539
32.22100067138672
32.19074249267578
32.16498565673828
32.16023635864258
32.167545318603516
