0.04021305590867996
0.043328117579221725
0.04746800661087036
0.05197004973888397
0.054862719029188156
0.05547027289867401
0.055645652115345
0.05591724440455437
0.05633390322327614
0.05667673796415329
0.05692560225725174
0.057220350950956345
0.05753341317176819
0.05779959633946419
0.05811002478003502
0.05844154953956604
0.05875050649046898
0.059048645198345184
0.05936046317219734
0.059688203036785126
0.060023438185453415
0.06038476154208183
0.06078990548849106
0.061277590692043304
0.06186172366142273
0.06251930445432663
0.06322439759969711
0.06397249549627304
0.06476860493421555
0.0656471699476242
0.0665605291724205
0.06750757992267609
0.0037861226592212915
0.0035674001555889845
0.003434550715610385
0.0033278909977525473
0.003245731582865119
0.0031839327421039343
0.059262968599796295
0.06200462579727173
0.06368525326251984
0.06575770676136017
0.06733762472867966
0.06880315393209457
0.07032345980405807
0.07193822413682938
0.07363501936197281
0.07538937777280807
0.0771704912185669
0.07895564287900925
0.08074352890253067
0.08250648528337479
0.08420992642641068
0.08584605157375336
0.08740758150815964
0.0889432430267334
0.090455062687397
0.09193481504917145
0.09311985969543457
0.09416845440864563
0.09521953016519547
0.09636473655700684
0.09756270051002502
0.0987389013171196
0.09996695071458817
0.10154109448194504
0.10412771999835968
0.10646972805261612
0.10889127850532532
0.11191568523645401
0.11516735702753067
0.1185561791062355
0.12200380861759186
0.12443029135465622
0.12705720961093903
0.1318001002073288
0.1369626522064209
0.14079919457435608
0.144845113158226
0.1485137641429901
0.14715662598609924
0.13942717015743256
0.1334111988544464
0.1279481053352356
0.12272165715694427
0.11777294427156448
0.11305053532123566
0.10894465446472168
0.10514216125011444
0.1014617383480072
0.09875909239053726
0.09642169624567032
0.09411223977804184
