0.03790697082877159
0.03980357199907303
0.04321268945932388
0.04678286612033844
0.04974525794386864
0.05189137905836105
0.052519477903842926
0.05277276784181595
0.05291121080517769
0.053083933889865875
0.05339878797531128
0.05365832522511482
0.05392361804842949
0.05419597029685974
0.05444611236453056
0.05468975752592087
0.05496987700462341
0.05524750053882599
0.055517181754112244
0.05579693242907524
0.05608690530061722
0.0563972182571888
0.056722573935985565
0.05711960792541504
0.057635772973299026
0.0582490898668766
0.05893290787935257
0.05966262146830559
0.060422997921705246
0.06120326370000839
0.06199759617447853
0.06280656158924103
0.003754901699721813
0.0035602101124823093
0.003468540497124195
0.003411974525079131
0.003373915096744895
0.003346583805978298
0.057777632027864456
0.06058430299162865
0.06221986189484596
0.06345126777887344
0.06457868218421936
0.06566154956817627
0.06675006449222565
0.06785543262958527
0.06897218525409698
0.07009278982877731
0.07121942192316055
0.0723545104265213
0.07349392771720886
0.07464241981506348
0.07579651474952698
0.07700119912624359
0.07832426577806473
0.07954015582799911
0.08078889548778534
0.08209314197301865
0.08343186974525452
0.08475881069898605
0.08606430143117905
0.08731236308813095
0.08850748091936111
0.0896984189748764
0.09082444757223129
0.09185947477817535
0.09285096824169159
0.09366541355848312
0.09449827671051025
0.09560224413871765
0.09675575792789459
0.09730887413024902
0.09778448939323425
0.09853524714708328
0.09927088767290115
0.1003945991396904
0.10175472497940063
0.10371626168489456
0.10551763325929642
0.1061025932431221
0.10649196058511734
0.10711444914340973
0.10362894833087921
0.10029961168766022
0.0973871573805809
0.09590841829776764
0.09515164792537689
0.09485376626253128
0.09491574764251709
0.09563378989696503
0.11973145604133606
0.15731213986873627
0.2032218724489212
