0.09650953114032745
0.10626786202192307
0.11854395270347595
0.1259237676858902
0.13207951188087463
0.13763894140720367
0.14188389480113983
0.14372049272060394
0.14521530270576477
0.14664575457572937
0.1479858160018921
0.1489970088005066
0.14974772930145264
0.15049555897712708
0.15128545463085175
0.15207917988300323
0.15283805131912231
0.15362384915351868
0.15439753234386444
0.1552627831697464
0.1561320722103119
0.157038152217865
0.15797768533229828
0.15890257060527802
0.15985478460788727
0.1610131561756134
0.1624608337879181
0.16468840837478638
0.16752313077449799
0.1705198734998703
0.17363859713077545
0.1770390272140503
0.024157794192433357
0.01811114512383938
0.014486481435596943
0.011902420781552792
0.010651144199073315
0.010048819705843925
0.13714919984340668
0.14852935075759888
0.16041199862957
0.17107361555099487
0.18040229380130768
0.18871155381202698
0.19655689597129822
0.20412597060203552
0.21143795549869537
0.2200269252061844
0.23014649748802185
0.24210435152053833
0.25940218567848206
0.2801477611064911
0.30252814292907715
0.328004390001297
0.3619941771030426
0.4095146059989929
0.4715854525566101
0.497018426656723
0.5050848126411438
0.5155324339866638
2.9839560985565186
8.840906143188477
13.313776969909668
17.156675338745117
20.01456642150879
22.16648292541504
23.79440689086914
25.056550979614258
26.14320182800293
26.926733016967773
27.477462768554688
27.8505802154541
28.094301223754883
28.239778518676758
28.316999435424805
28.34889793395996
28.345857620239258
28.319690704345703
28.303348541259766
28.269317626953125
28.234769821166992
28.207244873046875
28.200162887573242
28.186933517456055
28.164230346679688
40.944576263427734
53.908203125
60.82447052001953
64.46569061279297
66.51828002929688
67.7781982421875
68.62405395507812
