0.03790489211678505
0.039811499416828156
0.04327180236577988
0.04692278802394867
0.04996239021420479
0.0519140288233757
0.052513666450977325
0.052766598761081696
0.052906375378370285
0.05309756100177765
0.053395044058561325
0.05365074425935745
0.05390217900276184
0.05416451394557953
0.05440615490078926
0.054637860506772995
0.05491000786423683
0.05518173426389694
0.055446866899728775
0.055716563016176224
0.055996332317590714
0.05629175528883934
0.056605495512485504
0.056979116052389145
0.05747687816619873
0.05807623267173767
0.05874817073345184
0.05946704372763634
0.060216423124074936
0.060985106974840164
0.061767712235450745
0.06256537139415741
0.003763428423553705
0.0035639943089336157
0.0034694832284003496
0.00341070257127285
0.003371491562575102
0.0033437414094805717
0.05758310481905937
0.06038442254066467
0.062008507549762726
0.06322476267814636
0.0643329992890358
0.06540427356958389
0.06648065149784088
0.0675753802061081
0.0686827227473259
0.06978995352983475
0.07089519500732422
0.07200626283884048
0.07312676310539246
0.07425636053085327
0.07539861649274826
0.07657202333211899
0.0778505727648735
0.07907870411872864
0.0802910327911377
0.08156580477952957
0.08289474993944168
0.08424638956785202
0.08557774126529694
0.08684468269348145
0.08801521360874176
0.08914465457201004
0.0902581587433815
0.09135320037603378
0.09244571626186371
0.09337672591209412
0.09419600665569305
0.09521151334047318
0.09630810469388962
0.0974598303437233
0.09845193475484848
0.09913075715303421
0.09988167881965637
0.10104713588953018
0.10249123722314835
0.10492639243602753
0.10587529838085175
0.10638280212879181
0.10693055391311646
0.10544363409280777
0.10204457491636276
0.09882457554340363
0.096939317882061
0.09604603052139282
0.09567476063966751
0.09569293260574341
0.09603847563266754
0.10872501134872437
0.1416572630405426
0.18532899022102356
