0.03790668025612831
0.039817292243242264
0.04329608380794525
0.04695633426308632
0.04999740421772003
0.05193158611655235
0.05252851918339729
0.05276736989617348
0.05289897695183754
0.05308706313371658
0.05338151380419731
0.053629036992788315
0.05387848988175392
0.05414222553372383
0.054381757974624634
0.05460818111896515
0.05487857758998871
0.055149197578430176
0.055410660803318024
0.055676769465208054
0.055955324321985245
0.056242167949676514
0.056549932807683945
0.05690421909093857
0.057372331619262695
0.057947590947151184
0.05860243737697601
0.05930929258465767
0.06005096435546875
0.06081506982445717
0.06159430369734764
0.06238917261362076
0.0037472641561180353
0.0035459273494780064
0.0034512211568653584
0.0033931455109268427
0.0033546274062246084
0.0033278227783739567
0.057414744049310684
0.0602390393614769
0.06187891215085983
0.06309962272644043
0.0642053410410881
0.06527421623468399
0.06634114682674408
0.06742320954799652
0.06851932406425476
0.06962165236473083
0.07071799784898758
0.07181645184755325
0.0729261115193367
0.07404790818691254
0.07518191635608673
0.07634013891220093
0.07758080214262009
0.07882346957921982
0.08000504225492477
0.08125009387731552
0.08253501355648041
0.08388174325227737
0.08524937182664871
0.08658027648925781
0.08779344707727432
0.08892907947301865
0.09004153311252594
0.09113474935293198
0.09224971383810043
0.09321177750825882
0.09404056519269943
0.09498506039381027
0.09606894105672836
0.0972125455737114
0.09833887219429016
0.09918545931577682
0.09983202815055847
0.10088712722063065
0.10218777507543564
0.10414748638868332
0.10613247007131577
0.10672112554311752
0.10723400115966797
0.10743946582078934
0.10399989038705826
0.10080962628126144
0.09767089784145355
0.0954885184764862
0.0944925919175148
0.09403407573699951
0.09400753676891327
0.09437165409326553
0.10400407761335373
0.13703055679798126
