0.1564856618642807
0.16108523309230804
0.18530617654323578
0.21412283182144165
0.22370560467243195
0.22917653620243073
0.23318247497081757
0.23645901679992676
0.23914213478565216
0.24110138416290283
0.24313420057296753
0.24556486308574677
0.2478923201560974
0.2498655766248703
0.25177237391471863
0.25338688492774963
0.2547643482685089
0.25635918974876404
0.25912562012672424
0.26652947068214417
0.27512165904045105
0.2846938669681549
0.29534777998924255
0.30678510665893555
0.3192901909351349
0.3327733874320984
0.34746554493904114
0.3638567328453064
0.3823055326938629
0.4026215076446533
0.42503130435943604
0.4506308436393738
0.03787074238061905
0.03654243052005768
0.032724883407354355
0.028091933578252792
0.025281371548771858
0.023517202585935593
0.33903563022613525
0.4047667980194092
0.45263081789016724
0.5033707618713379
0.5514402389526367
0.5988068580627441
0.6494939923286438
0.7010364532470703
0.7541689276695251
0.8076645731925964
0.864250898361206
0.9242594242095947
0.9872539639472961
1.000887393951416
0.9488521218299866
0.9073460698127747
0.8709225654602051
0.8373973965644836
0.8058261871337891
0.7757604718208313
0.7472087144851685
0.7199221849441528
0.6938521862030029
0.6680887341499329
0.6414204239845276
0.614078164100647
0.5864766836166382
0.5624685287475586
0.5406757593154907
0.5271681547164917
0.5297118425369263
0.5360205769538879
0.5461671352386475
0.5600103139877319
0.577083170413971
0.5969180464744568
0.6191578507423401
0.6437883973121643
0.6707044839859009
0.69993656873703
2.158092737197876
7.850442886352539
10.533689498901367
11.916049003601074
13.050749778747559
14.497273445129395
15.917247772216797
17.19806671142578
18.376543045043945
19.392189025878906
20.429391860961914
21.443449020385742
22.371856689453125
23.238176345825195
