0.15950477123260498
0.17963798344135284
0.20402227342128754
0.20888511836528778
0.20987090468406677
0.21081750094890594
0.2118079960346222
0.21275575459003448
0.2139584869146347
0.21548132598400116
0.21670867502689362
0.21787738800048828
0.2195671796798706
0.2214374542236328
0.22340106964111328
0.2254968285560608
0.22811034321784973
0.23132693767547607
0.23550191521644592
0.24029043316841125
0.24541999399662018
0.25097358226776123
0.256938636302948
0.26328954100608826
0.2700278162956238
0.2772004008293152
0.292203426361084
0.30920854210853577
0.3292481005191803
0.3512669503688812
0.37611398100852966
0.37752053141593933
0.01562768593430519
0.015365689992904663
0.01567399501800537
0.015891902148723602
0.01599285751581192
0.015984565019607544
0.30454227328300476
0.31535106897354126
0.3308869004249573
0.3558645248413086
0.3465757668018341
0.336514949798584
0.32639235258102417
0.31615760922431946
0.3057836592197418
0.2952280044555664
0.2847837209701538
0.2730327248573303
0.2613273859024048
0.24987643957138062
0.23886822164058685
0.22816576063632965
0.21810127794742584
0.20849129557609558
0.1992950439453125
0.1905340999364853
0.18227717280387878
0.17445038259029388
0.16697533428668976
0.1600097119808197
0.15356692671775818
0.14752905070781708
0.1418626606464386
0.1365080326795578
0.1314350664615631
0.12691351771354675
0.12314969301223755
0.12084508687257767
0.11952715367078781
0.11894719302654266
0.11891376972198486
0.11955438554286957
0.12091904878616333
0.12294204533100128
0.12553630769252777
0.1286078691482544
0.13147671520709991
0.13463588058948517
0.13803383708000183
0.14162835478782654
0.1454305648803711
0.1494056135416031
0.15352703630924225
0.15777599811553955
0.16214095056056976
0.16663816571235657
0.17127461731433868
0.17607232928276062
0.1810106784105301
0.1860857456922531
