0.11295950412750244
0.1238102912902832
0.13902965188026428
0.1490515172481537
0.15082643926143646
0.15134084224700928
0.1518229991197586
0.15238061547279358
0.15300658345222473
0.15361608564853668
0.1542735993862152
0.15525852143764496
0.15618322789669037
0.1569482684135437
0.1577768325805664
0.15860366821289062
0.1593574434518814
0.16003890335559845
0.16073940694332123
0.1616840809583664
0.162772074341774
0.1640239953994751
0.16559220850467682
0.16749612987041473
0.16968610882759094
0.17223486304283142
0.175063818693161
0.17829962074756622
0.18203681707382202
0.18625396490097046
0.19090969860553741
0.1959850788116455
0.00991396326571703
0.009200837463140488
0.009107843972742558
0.009129988960921764
0.009197581559419632
0.00927997287362814
0.1809360533952713
0.1887740194797516
0.19247855246067047
0.19864137470722198
0.20578894019126892
0.21935336291790009
0.2349780648946762
0.25234541296958923
0.27110815048217773
0.2685912847518921
0.26231473684310913
0.25578173995018005
0.24926379323005676
0.24267920851707458
0.23607592284679413
0.22950270771980286
0.22265206277370453
0.2156839519739151
0.208755224943161
0.20199927687644958
0.19541217386722565
0.18881644308567047
0.18228550255298615
0.1758316457271576
0.16917826235294342
0.16298583149909973
0.15714938938617706
0.15163454413414001
0.14634522795677185
0.14118768274784088
0.13617557287216187
0.13129965960979462
0.12644106149673462
0.12154734879732132
0.1191021129488945
0.11679419130086899
0.1128801628947258
0.10989303141832352
0.10751279443502426
0.10561063140630722
0.10423070937395096
0.10447611659765244
0.10599637031555176
0.1086096242070198
0.11207153648138046
0.11623626947402954
0.12096887081861496
0.12613458931446075
0.13168640434741974
0.1375264972448349
0.14358803629875183
0.14987263083457947
0.15639612078666687
0.16313385963439941
0.1693141758441925
0.1753145009279251
