6.998811721801758
8.171661376953125
10.737865447998047
13.935627937316895
15.131430625915527
14.923965454101562
14.31936264038086
14.428585052490234
15.123007774353027
16.158702850341797
17.01422119140625
17.71712875366211
18.425405502319336
19.08601188659668
19.710206985473633
20.67831039428711
21.98603630065918
23.844318389892578
26.219228744506836
29.032075881958008
32.35118865966797
36.441810607910156
41.543304443359375
47.75901412963867
54.61417770385742
61.3990364074707
68.6097183227539
76.06401824951172
83.5755386352539
91.6367416381836
100.50601196289062
110.68495178222656
3.233114719390869
2.493537425994873
2.225203275680542
2.2277188301086426
2.209376335144043
2.2213475704193115
47.20234680175781
56.49291229248047
79.23509979248047
163.63119506835938
183.31256103515625
198.0465545654297
213.9474639892578
231.91732788085938
251.64625549316406
272.4450378417969
282.5116882324219
292.880859375
302.3038024902344
310.4395446777344
317.16632080078125
322.9276123046875
328.1034240722656
332.8282165527344
337.0733337402344
340.8193664550781
344.09234619140625
346.7771301269531
348.53515625
349.645263671875
350.353759765625
350.9219055175781
351.1612548828125
351.15533447265625
350.9962463378906
350.6847839355469
350.25390625
349.79437255859375
349.3232116699219
348.82952880859375
347.8495178222656
346.6398010253906
345.3875732421875
344.1375732421875
342.8939208984375
341.6360168457031
340.3507995605469
339.05438232421875
337.7478332519531
336.4222717285156
335.1180725097656
333.81854248046875
332.5205993652344
331.2285461425781
329.94232177734375
328.7909851074219
327.575439453125
326.3345642089844
325.1002197265625
323.8840637207031
322.6156005859375
