0.03786959499120712
0.04065519943833351
0.04448148235678673
0.04857662692666054
0.05194726213812828
0.05263916030526161
0.05280177667737007
0.052938636392354965
0.053211111575365067
0.053508300334215164
0.05385778471827507
0.0541149340569973
0.054368194192647934
0.054646607488393784
0.054879266768693924
0.05509929731488228
0.05535285919904709
0.055640172213315964
0.05594710260629654
0.05626143142580986
0.056636061519384384
0.0571371428668499
0.0577455498278141
0.058466896414756775
0.05927599221467972
0.060165759176015854
0.06113694980740547
0.062171872705221176
0.06326635926961899
0.06444390118122101
0.0656813532114029
0.0669659823179245
0.003811206202954054
0.0036803109105676413
0.0036548064090311527
0.003659808076918125
0.003673403523862362
0.0036852380726486444
0.0637204721570015
0.0651567280292511
0.06593839824199677
0.06709343940019608
0.06842660903930664
0.07005501538515091
0.07194774597883224
0.07402770966291428
0.0762133002281189
0.07844322174787521
0.08073554933071136
0.08287530392408371
0.08491763472557068
0.08692870289087296
0.08887915313243866
0.09053155034780502
0.09199918806552887
0.09331060200929642
0.09443198889493942
0.09550893306732178
0.09657570719718933
0.09780139476060867
0.09875339269638062
0.09962368756532669
0.10038739442825317
0.10074245184659958
0.10108385980129242
0.10175474733114243
0.10245510190725327
0.1034131795167923
0.10435447096824646
0.10540638118982315
0.10638336837291718
0.10399099439382553
0.10025886446237564
0.09662199020385742
0.09304974228143692
0.08951441943645477
0.08612556755542755
0.08298321813344955
0.08000686019659042
0.07708163559436798
0.07446163147687912
0.07201506197452545
0.06952457875013351
0.06687387824058533
0.06405343115329742
0.061189934611320496
0.05871400237083435
0.056468360126018524
0.05431939661502838
0.05237513780593872
0.05067671462893486
0.04914247989654541
0.047890059649944305
0.04772039130330086
