0.021656259894371033
0.024023571982979774
0.0279802605509758
0.030186263844370842
0.030797790735960007
0.031216617673635483
0.031421877443790436
0.031542886048555374
0.03171100094914436
0.031932976096868515
0.03215940669178963
0.032346032559871674
0.032497696578502655
0.032642610371112823
0.032806843519210815
0.03298598527908325
0.03318052366375923
0.03339570015668869
0.03365630283951759
0.03403107821941376
0.034527748823165894
0.035113681107759476
0.03574308007955551
0.0363943837583065
0.037054553627967834
0.03771248459815979
0.038385216146707535
0.03910008445382118
0.039892032742500305
0.0407748706638813
0.04173814132809639
0.04276258498430252
0.0025141448713839054
0.002159497933462262
0.0020815215539187193
0.002083970932289958
0.0021107844077050686
0.002140079392120242
0.04064847528934479
0.04329491779208183
0.044250525534152985
0.04487411305308342
0.045609187334775925
0.0465693473815918
0.04775787517428398
0.04892341047525406
0.0501570962369442
0.051441021263599396
0.052777256816625595
0.05414428934454918
0.055547527968883514
0.054223403334617615
0.05260618031024933
0.051076002418994904
0.04958709329366684
0.04813167452812195
0.046713635325431824
0.04536972567439079
0.04407663270831108
0.04282718524336815
0.04162561520934105
0.04047106206417084
0.03936203941702843
0.0382935032248497
0.03725690767168999
0.03624603897333145
0.03525656834244728
0.034306708723306656
0.03340311348438263
0.032526105642318726
0.031650643795728683
0.030781112611293793
0.029921481385827065
0.029105843976140022
0.02833971381187439
0.027590559795498848
0.026823656633496284
0.026078911498188972
0.025299137458205223
0.024491865187883377
0.023669805377721786
0.02293807454407215
0.022431455552577972
0.022081559523940086
0.021812213584780693
0.021603060886263847
0.02143220044672489
0.02131429873406887
0.021220708265900612
0.02112770825624466
0.021084368228912354
0.022390233352780342
