0.04209791123867035
0.05338277295231819
0.06105494871735573
0.06176382675766945
0.06150367110967636
0.06153224781155586
0.06175869703292847
0.062062159180641174
0.06242619827389717
0.06288642436265945
0.06341157108545303
0.06396941095590591
0.06442340463399887
0.06480458378791809
0.06520740687847137
0.06547152996063232
0.06463909149169922
0.06399007141590118
0.0634351372718811
0.06292703747749329
0.06247418001294136
0.0620465986430645
0.06160847097635269
0.061134908348321915
0.060620859265327454
0.06006518006324768
0.05947078391909599
0.05883986875414848
0.05817273631691933
0.057472191751003265
0.05674269050359726
0.055979788303375244
0.004120421130210161
0.002863731235265732
0.0027493899688124657
0.0027075924444943666
0.0026870809961110353
0.0026838784106075764
0.06616407632827759
0.06244868040084839
0.057374533265829086
0.05492771789431572
0.053029924631118774
0.05145787075161934
0.05003345385193825
0.048671405762434006
0.04733448848128319
0.04600013047456741
0.04462685436010361
0.04321203753352165
0.04172929376363754
0.04031006991863251
0.038890689611434937
0.0375431589782238
0.03629692271351814
0.0350746288895607
0.033842794597148895
0.03266157954931259
0.031552210450172424
0.030512280762195587
0.029541675001382828
0.02860242687165737
0.027667436748743057
0.02676551789045334
0.025900334119796753
0.02506968379020691
0.02426741272211075
0.023482412099838257
0.02271483838558197
0.021971408277750015
0.02125024050474167
0.020548813045024872
0.019855940714478493
0.019169099628925323
0.018490225076675415
0.017821134999394417
0.0171994399279356
0.01664860174059868
0.01614714413881302
0.015683721750974655
0.015278741717338562
0.014910669066011906
0.014568365179002285
0.014247111976146698
0.013942718505859375
0.013651832938194275
0.013372624292969704
0.013104860670864582
0.012847588397562504
0.012603630311787128
0.012376856990158558
0.012357017956674099
