7.0005574226379395
8.18954849243164
10.776284217834473
14.00515365600586
15.174039840698242
14.950295448303223
14.371822357177734
14.514301300048828
15.251752853393555
16.292509078979492
17.151609420776367
17.880674362182617
18.624704360961914
19.272294998168945
19.956417083740234
20.98862648010254
22.4091854095459
24.402326583862305
26.90338897705078
29.864240646362305
33.391456604003906
37.76483917236328
43.26756286621094
49.968101501464844
56.64752960205078
63.879066467285156
71.17438507080078
79.03624725341797
86.93025207519531
95.43934631347656
104.91157531738281
115.83505249023438
1.621085286140442
2.9894471168518066
2.538881540298462
2.516906261444092
2.4799468517303467
2.4831087589263916
52.019691467285156
86.6577377319336
171.1729278564453
190.12745666503906
205.1362762451172
222.21640014648438
241.46963500976562
262.6770324707031
276.8854064941406
287.5091857910156
297.63555908203125
306.5730895996094
313.9403076171875
320.1150817871094
325.585205078125
330.5044860839844
334.9477233886719
338.87213134765625
342.2785339355469
345.0818176269531
346.9414978027344
348.1587219238281
348.9342956542969
349.5787353515625
349.8505859375
349.82818603515625
349.62445068359375
349.26251220703125
348.7969055175781
348.30413818359375
347.8113098144531
347.29852294921875
346.2596130371094
344.9776306152344
343.747802734375
342.51519775390625
341.27105712890625
340.0036315917969
338.71441650390625
337.41485595703125
336.0989074707031
334.7751159667969
333.48028564453125
332.1939697265625
330.9100341796875
329.6300354003906
328.3489990234375
327.21832275390625
325.9815368652344
324.7236022949219
323.47052001953125
322.23663330078125
321.0275573730469
319.7649230957031
