0.022757844999432564
0.026969783008098602
0.02865290828049183
0.029828744009137154
0.03069375455379486
0.03101343661546707
0.031056242063641548
0.031039848923683167
0.0310698002576828
0.031141845509409904
0.031314417719841
0.031501270830631256
0.03175770863890648
0.032079942524433136
0.03241617605090141
0.03274893760681152
0.033070068806409836
0.0333833210170269
0.033704113215208054
0.03403695300221443
0.03438461199402809
0.034779466688632965
0.035244278609752655
0.035787299275398254
0.03640208765864372
0.03707992658019066
0.03780820593237877
0.038571834564208984
0.03935351222753525
0.040166132152080536
0.04101434350013733
0.041538577526807785
0.0018290996085852385
0.001472029834985733
0.0014500532997772098
0.0014488702872768044
0.001446136157028377
0.0014578881673514843
0.034267302602529526
0.03877933323383331
0.041710615158081055
0.041304249316453934
0.04028930515050888
0.03955152630805969
0.03893633559346199
0.038364335894584656
0.03780924156308174
0.037149716168642044
0.03646402433514595
0.03576570749282837
0.03504693880677223
0.03431383892893791
0.033567000180482864
0.032812755554914474
0.032065123319625854
0.03132498636841774
0.03056943789124489
0.029817484319210052
0.029072118923068047
0.028329504653811455
0.027593890205025673
0.0268661230802536
0.02614779584109783
0.025438912212848663
0.024739880114793777
0.024051059037446976
0.023374108597636223
0.02271112985908985
0.022057918831706047
0.021413208916783333
0.02077852562069893
0.020153028890490532
0.019539684057235718
0.018940789625048637
0.018645618110895157
0.018354257568717003
0.017788901925086975
0.017238730564713478
0.016706623136997223
0.01619870960712433
0.015713663771748543
0.015247846022248268
0.014801856130361557
0.014376147650182247
0.013968423008918762
0.013575519435107708
0.013195524923503399
0.012830269522964954
0.01248343475162983
0.012156441807746887
0.01184902060776949
0.011559481732547283
0.011281395331025124
