0.007954569533467293
0.008805405348539352
0.009806466288864613
0.010924414731562138
0.01146759744733572
0.011594771407544613
0.011687781661748886
0.011781466193497181
0.011882823891937733
0.011973762884736061
0.012088294140994549
0.012230834923684597
0.012356682680547237
0.012484521605074406
0.012626048177480698
0.012812117114663124
0.013082682155072689
0.013414853252470493
0.013787719421088696
0.014182666316628456
0.014585763216018677
0.014936444349586964
0.015279019251465797
0.015632759779691696
0.015998536720871925
0.01637880504131317
0.016784215345978737
0.01720954105257988
0.017650369554758072
0.01810750551521778
0.018581746146082878
0.019077884033322334
0.001081055961549282
0.0010659295367076993
0.0010686734458431602
0.0010718615958467126
0.001072712941095233
0.0010714964009821415
0.018910055980086327
0.01956889033317566
0.019930891692638397
0.020290980115532875
0.02073838748037815
0.021300429478287697
0.02187384106218815
0.022397298365831375
0.022946372628211975
0.023516172543168068
0.024089794605970383
0.024664875119924545
0.02522778883576393
0.025766810402274132
0.026278460398316383
0.026776820421218872
0.027260797098279
0.027725059539079666
0.02816731110215187
0.028451912105083466
0.0285920612514019
0.028986798599362373
0.029355861246585846
0.02970822900533676
0.030060356482863426
0.030408935621380806
0.030731922015547752
0.03103063255548477
0.031305719166994095
0.03155782073736191
0.031784363090991974
0.03198020160198212
0.03214707970619202
0.032288212329149246
0.031233450397849083
0.03028978779911995
0.029405342414975166
0.028563551604747772
0.027758769690990448
0.026985513046383858
0.02624271623790264
0.02552887424826622
0.02484254166483879
0.024182364344596863
0.023545406758785248
0.022928869351744652
0.02233130671083927
0.021750696003437042
0.021187799051404
0.020643336698412895
0.020120074972510338
0.019615652039647102
0.019131559878587723
0.018666019663214684
0.01821892336010933
