0.09941638261079788
0.11441221833229065
0.12586109340190887
0.13413260877132416
0.14027930796146393
0.14269697666168213
0.1439903825521469
0.14521059393882751
0.14652881026268005
0.1474694311618805
0.14814476668834686
0.1488439440727234
0.14958564937114716
0.15037693083286285
0.15105222165584564
0.15169034898281097
0.15240921080112457
0.15316838026046753
0.1538853943347931
0.15456168353557587
0.15534710884094238
0.15627367794513702
0.1572883278131485
0.15852931141853333
0.16007104516029358
0.16187995672225952
0.16467788815498352
0.16814199090003967
0.17220661044120789
0.1765556037425995
0.1810072660446167
0.18566903471946716
0.017268357798457146
0.010772249661386013
0.009601738303899765
0.009058608673512936
0.008849677629768848
0.00881090946495533
0.1520431488752365
0.1754908561706543
0.1886218637228012
0.19842490553855896
0.20761968195438385
0.21817059814929962
0.2309449166059494
0.2455034852027893
0.2638307213783264
0.2859507203102112
0.30993393063545227
0.33522891998291016
0.3645192086696625
0.40022364258766174
0.4421238303184509
0.46809351444244385
0.4727672338485718
0.47964662313461304
0.4896024465560913
5.7983927726745605
9.680006980895996
12.688382148742676
15.11060905456543
16.1168270111084
16.96460723876953
18.22690773010254
19.143898010253906
19.795825958251953
20.256240844726562
20.57227897644043
20.856088638305664
21.061296463012695
21.191574096679688
21.25585174560547
21.277021408081055
21.26333236694336
21.207809448242188
21.126859664916992
21.03585433959961
20.94217872619629
20.851356506347656
20.76976203918457
20.696304321289062
20.629114151000977
20.565967559814453
20.511890411376953
20.463220596313477
20.377099990844727
20.28233528137207
20.19829559326172
20.13201332092285
20.112300872802734
20.149951934814453
20.170684814453125
20.203201293945312
