18.78615379333496
17.626131057739258
14.891762733459473
12.409777641296387
11.184465408325195
10.591143608093262
10.325872421264648
10.21541690826416
10.252697944641113
10.412116050720215
10.66836929321289
11.029894828796387
11.450784683227539
11.898981094360352
12.373729705810547
12.88142204284668
13.435465812683105
14.034153938293457
14.741037368774414
15.588356971740723
16.63837242126465
17.882911682128906
19.24227523803711
20.70680046081543
22.250268936157227
23.706256866455078
25.020448684692383
26.200042724609375
27.280786514282227
28.339576721191406
29.414960861206055
30.57305145263672
7.451025485992432
6.508079528808594
6.665311336517334
7.018710136413574
7.404296875
7.812811851501465
42.558345794677734
40.98976135253906
40.9150505065918
41.224945068359375
41.7894401550293
42.66093826293945
43.73521041870117
44.87958526611328
46.03622055053711
47.14938735961914
48.194984436035156
49.151039123535156
50.07093048095703
50.86473083496094
51.48350524902344
51.87831497192383
52.12953567504883
52.25114822387695
52.244258880615234
52.13352584838867
51.94785690307617
51.707244873046875
51.40703201293945
51.26961898803711
51.088741302490234
50.66312789916992
50.225955963134766
49.763797760009766
49.29570770263672
48.83717346191406
48.39802551269531
47.98573684692383
47.59688186645508
47.22722625732422
46.875362396240234
46.54621505737305
46.24047088623047
45.959896087646484
45.70173645019531
45.45357894897461
45.18263626098633
44.91838455200195
44.66905212402344
44.43328857421875
44.21284103393555
44.0093994140625
43.82176971435547
43.54191970825195
43.28131103515625
43.05124282836914
42.859275817871094
42.669288635253906
42.48335647583008
42.30489730834961
42.134071350097656
