0.04089272394776344
0.044566560536623
0.04967871680855751
0.0547323152422905
0.05558955296874046
0.055809300392866135
0.056253548711538315
0.056608475744724274
0.05687251314520836
0.05706511810421944
0.05725027993321419
0.05751810222864151
0.05785931274294853
0.058178260922431946
0.05844223126769066
0.058707255870103836
0.05897948890924454
0.05926021933555603
0.05957068130373955
0.05996054410934448
0.06045316532254219
0.0610506571829319
0.061750657856464386
0.06254538893699646
0.0634341612458229
0.06445926427841187
0.06557388603687286
0.06679726392030716
0.06816466152667999
0.06967614591121674
0.07129449397325516
0.07299903780221939
0.003920728340744972
0.003766188630834222
0.003752885153517127
0.0037701670080423355
0.0037964158691465855
0.0038178872782737017
0.06853514164686203
0.07129068672657013
0.07273191213607788
0.07418224215507507
0.07569079101085663
0.07766375690698624
0.08014950156211853
0.08298327773809433
0.08588191121816635
0.08880298584699631
0.09179279208183289
0.0940152257680893
0.0963025763630867
0.09842170774936676
0.1003795713186264
0.1037256270647049
0.10670733451843262
0.10966537147760391
0.11249711364507675
0.11514335870742798
0.1179068386554718
0.1207837462425232
0.12322904914617538
0.12469197809696198
0.1258300542831421
0.12804986536502838
0.13029736280441284
0.13299976289272308
0.13571622967720032
0.13853077590465546
0.14141209423542023
0.1447726935148239
0.14854474365711212
0.1509820967912674
0.1423007994890213
0.13542048633098602
0.12939798831939697
0.12438271939754486
0.11983184516429901
0.11535480618476868
0.11090666055679321
0.10645408928394318
0.10205935686826706
0.09811367094516754
0.09466449171304703
0.09168891608715057
0.08884594589471817
0.0860922634601593
0.0834282860159874
0.08082055300474167
0.07855025678873062
0.07646273821592331
0.0745946541428566
0.07281995564699173
0.07110723853111267
0.06947477161884308
