0.04499106854200363
0.05487239360809326
0.06092995032668114
0.06117231771349907
0.06060442328453064
0.06040642783045769
0.060571782290935516
0.06091221794486046
0.06127316877245903
0.06167925149202347
0.06209626421332359
0.062483303248882294
0.06279438734054565
0.06316769868135452
0.06356791406869888
0.06397368758916855
0.0644112080335617
0.06478011608123779
0.06409383565187454
0.06354130059480667
0.06306464225053787
0.06263969093561172
0.062221709638834
0.06179441511631012
0.061335489153862
0.06085149198770523
0.06034570559859276
0.05980801582336426
0.059235867112874985
0.05862410366535187
0.05796552449464798
0.057260025292634964
0.003251439891755581
0.0026050189044326544
0.0025847340002655983
0.002579426858574152
0.0025751027278602123
0.0025712454225867987
0.06820197403430939
0.06405361741781235
0.059363607317209244
0.05611792951822281
0.05436494201421738
0.052971966564655304
0.051676299422979355
0.050406742841005325
0.04912037402391434
0.047826752066612244
0.04642609879374504
0.0449959821999073
0.04359108954668045
0.04222415015101433
0.0410621203482151
0.03991125896573067
0.038816459476947784
0.03772927448153496
0.036647915840148926
0.03556026145815849
0.03448176756501198
0.03339984640479088
0.03233618661761284
0.031281016767024994
0.030235325917601585
0.029198279604315758
0.028185904026031494
0.02719869278371334
0.026240140199661255
0.02531461976468563
0.024425039067864418
0.023585932329297066
0.02278986945748329
0.022025085985660553
0.021282801404595375
0.020561717450618744
0.01985182985663414
0.019156700000166893
0.018491920083761215
0.017863985151052475
0.017263298854231834
0.01668676547706127
0.01613543927669525
0.015612378716468811
0.01511854026466608
0.014654159545898438
0.014208957552909851
0.013777568936347961
0.013364412821829319
0.012975662015378475
0.012613044120371342
0.012277302332222462
0.011963601224124432
0.011666378006339073
0.011342348530888557
