3.993436813354492
4.980960369110107
7.064542293548584
8.878972053527832
8.377348899841309
7.9933295249938965
8.080018043518066
8.518294334411621
9.197372436523438
9.939339637756348
10.150500297546387
10.28139591217041
10.284687042236328
10.340888977050781
10.487813949584961
10.70682430267334
10.969881057739258
11.25483226776123
11.523978233337402
11.76917552947998
12.006431579589844
12.252142906188965
12.506673812866211
12.750571250915527
13.002089500427246
13.249282836914062
13.48289680480957
13.693462371826172
13.900955200195312
14.218316078186035
14.518465995788574
14.753503799438477
1.072437047958374
1.0715868473052979
1.1403217315673828
1.2336808443069458
1.3533927202224731
1.4909471273422241
16.353389739990234
17.015958786010742
16.70904541015625
16.558496475219727
16.501502990722656
16.487215042114258
16.489839553833008
16.496177673339844
16.499496459960938
16.49768829345703
16.490896224975586
16.480541229248047
16.46848487854004
16.456008911132812
16.44606590270996
16.441160202026367
16.446800231933594
16.46681785583496
16.505884170532227
16.563936233520508
16.643449783325195
16.747760772705078
16.878955841064453
17.038358688354492
17.22728157043457
17.451122283935547
17.709665298461914
18.001434326171875
18.31964111328125
18.6592960357666
19.01833724975586
19.39673614501953
19.788795471191406
20.191415786743164
20.605188369750977
21.037866592407227
21.546663284301758
22.038007736206055
22.525165557861328
23.004032135009766
23.47275733947754
23.930280685424805
24.377918243408203
24.818801879882812
25.250385284423828
25.672086715698242
26.08769416809082
26.50579833984375
26.920032501220703
27.326786041259766
27.72416877746582
28.11172866821289
28.48934555053711
28.858545303344727
