0.16202688217163086
0.1827130913734436
0.2042800486087799
0.20765182375907898
0.2086474895477295
0.20957225561141968
0.2104286104440689
0.21128879487514496
0.2123161107301712
0.21329422295093536
0.2142617255449295
0.2150111347436905
0.21597157418727875
0.21709613502025604
0.21855491399765015
0.2198256403207779
0.2211129069328308
0.22249920666217804
0.2240481972694397
0.2260771095752716
0.22859914600849152
0.2317867875099182
0.2356947809457779
0.24020029604434967
0.2451055645942688
0.25035545229911804
0.25594937801361084
0.261819988489151
0.26792967319488525
0.2744264006614685
0.28440508246421814
0.29798734188079834
0.01431960891932249
0.014516621828079224
0.014869208447635174
0.015049519948661327
0.01508285477757454
0.0150518286973238
0.26548829674720764
0.27105143666267395
0.27767497301101685
0.2929413914680481
0.3160695433616638
0.3450023829936981
0.36931222677230835
0.3611927628517151
0.3523530960083008
0.3434814512729645
0.3345080018043518
0.3255043625831604
0.3165843188762665
0.3076852560043335
0.29815685749053955
0.2885094881057739
0.2792765498161316
0.27018052339553833
0.26119092106819153
0.25678491592407227
0.25240498781204224
0.24379965662956238
0.23547840118408203
0.2275066375732422
0.219821959733963
0.21216849982738495
0.20453689992427826
0.19728600978851318
0.1902674287557602
0.18354620039463043
0.1769147515296936
0.17031487822532654
0.16423673927783966
0.158875972032547
0.1546228528022766
0.15120235085487366
0.14863060414791107
0.14690633118152618
0.15089549124240875
0.15923373401165009
0.17037726938724518
0.18648409843444824
0.2052576243877411
0.22573554515838623
0.24820846319198608
0.2708764672279358
0.2924744188785553
0.3137727677822113
0.33517518639564514
0.35677140951156616
0.37859809398651123
1.5271621942520142
7.040490627288818
10.803521156311035
13.461684226989746
