0.15938962996006012
0.1792493313550949
0.20387515425682068
0.20879754424095154
0.20977050065994263
0.21070417761802673
0.21167413890361786
0.2126181572675705
0.2137502282857895
0.21519172191619873
0.21643313765525818
0.21750833094120026
0.2189807891845703
0.22074154019355774
0.2225770801305771
0.22453171014785767
0.22684362530708313
0.229603573679924
0.23321937024593353
0.23760667443275452
0.24237984418869019
0.247499480843544
0.2530013918876648
0.2588749825954437
0.2651214301586151
0.2717423141002655
0.2798139452934265
0.2951371967792511
0.3119818866252899
0.33169180154800415
0.35323581099510193
0.3775515556335449
0.015260875225067139
0.015020075254142284
0.015356440097093582
0.01558659877628088
0.01569991186261177
0.015715040266513824
0.2925513684749603
0.30382534861564636
0.31794261932373047
0.3419117331504822
0.35679665207862854
0.3473716378211975
0.33739715814590454
0.3274298906326294
0.3173949718475342
0.3071885406970978
0.2969185411930084
0.2864488363265991
0.27499228715896606
0.26365527510643005
0.25255921483039856
0.24189907312393188
0.23151901364326477
0.22159120440483093
0.21225441992282867
0.20328041911125183
0.19466058909893036
0.18639320135116577
0.1785958707332611
0.17119795083999634
0.16420118510723114
0.15771202743053436
0.15167313814163208
0.14597007632255554
0.1405034363269806
0.13525277376174927
0.13052557408809662
0.126335009932518
0.12491568177938461
0.12353716045618057
0.12217103689908981
0.12150833755731583
0.12133621424436569
0.12147896736860275
0.12188868224620819
0.12257492542266846
0.12384890019893646
0.12567618489265442
0.12801212072372437
0.1303064376115799
0.13293258845806122
0.13583321869373322
0.13897894322872162
0.1423540860414505
0.14597520232200623
0.14979687333106995
0.15377892553806305
0.15789027512073517
0.16210991144180298
0.16644200682640076
0.17091238498687744
