0.03790039196610451
0.03969959542155266
0.04284166917204857
0.0460800863802433
0.04878123849630356
0.051280222833156586
0.05238170176744461
0.05264446884393692
0.05286477506160736
0.05305120721459389
0.05335764214396477
0.0536959208548069
0.053983453661203384
0.05425484851002693
0.054534681141376495
0.054857607930898666
0.05518375709652901
0.05550092086195946
0.05581628531217575
0.056129179894924164
0.05644644796848297
0.0568000003695488
0.05721321329474449
0.057697638869285583
0.05825255066156387
0.05887465924024582
0.059556227177381516
0.06028027459979057
0.06103360280394554
0.06180969625711441
0.06260570138692856
0.06342508643865585
0.0037375346291810274
0.0035573069471865892
0.0034700152464210987
0.003412656718865037
0.003371039405465126
0.0033392622135579586
0.058172550052404404
0.05997370183467865
0.061042238026857376
0.062427930533885956
0.06360132247209549
0.06473403424024582
0.06587369740009308
0.06706386059522629
0.06832437962293625
0.06968411058187485
0.07113391906023026
0.07265117764472961
0.07417573034763336
0.07566413283348083
0.07710537314414978
0.0785798728466034
0.07988588511943817
0.08119317889213562
0.0825679674744606
0.0840005949139595
0.08541365712881088
0.0868043452501297
0.08815399557352066
0.08950358629226685
0.09071129560470581
0.09176008403301239
0.092616505920887
0.09337031841278076
0.09410669654607773
0.09489165991544724
0.09586524963378906
0.09682173281908035
0.09782295674085617
0.09891605377197266
0.10009467601776123
0.10135292261838913
0.10277065634727478
0.10496252775192261
0.1063193827867508
0.1070840135216713
0.10788162052631378
0.10510919988155365
0.1015731543302536
0.09820030629634857
0.09483632445335388
0.09174200892448425
0.08863198757171631
0.08533615618944168
0.08192931115627289
0.07839330285787582
0.07522035390138626
0.07251967489719391
0.07154379040002823
0.07167329639196396
0.07274546474218369
