1500.0
1500.0
1500.0
1500.0
1500.0
1500.0
1500.0
1500.0
1500.0
1500.0
1500.0
1500.0
1500.0
1500.0
1500.0
1500.0
1500.0
1500.0
1500.0
1500.0
1500.0
1500.0
1500.0
1500.0
1500.0
1500.0
1500.0
1500.0
1500.0
1500.0
1500.0
1500.0
100.0
100.0
100.0
100.0
100.0
100.0
1500.0
1500.0
1500.0
1500.0
1500.0
1500.0
1500.0
1500.0
1500.0
1500.0
1500.0
1500.0
1500.0
1500.0
1500.0
1437.3787841796875
1359.11181640625
1286.239990234375
1219.125
1158.21630859375
1101.9219970703125
1050.330078125
1000.041259765625
950.7852172851562
901.6275634765625
853.1588134765625
807.6735229492188
767.1600952148438
728.8587646484375
691.6660766601562
656.2706298828125
621.8876953125
588.9181518554688
557.2911376953125
527.9482421875
500.57550048828125
477.6877746582031
457.5878601074219
438.87176513671875
420.53076171875
401.8094177246094
382.2958068847656
372.5245056152344
362.8027648925781
343.8421936035156
327.640625
313.52960205078125
300.92230224609375
289.3691101074219
280.45770263671875
271.8727111816406
263.04705810546875
254.01565551757812
244.82359313964844
236.46975708007812
228.4060516357422
