1499.9998779296875
1500.0009765625
1500.0
1500.0029296875
1500.0
1500.0
1500.0
1500.0
1500.0
1500.0
1500.0
1500.0
1500.0
1500.0
1500.0
1500.0
1500.0
1500.0
1500.0
1500.0
1499.635986328125
1483.1351318359375
1469.687255859375
1457.0567626953125
1444.2081298828125
1430.3475341796875
1415.0025634765625
1397.890380859375
1378.9786376953125
1358.48583984375
1336.7086181640625
1313.9202880859375
100.0
100.0
100.0
100.0
100.0
100.0
1500.0
1500.0
1468.78662109375
1362.7825927734375
1293.6214599609375
1240.2125244140625
1195.6103515625
1156.8988037109375
1122.1417236328125
1090.029052734375
1059.8145751953125
1030.7767333984375
1002.3850708007812
975.4314575195312
949.2823486328125
923.1375732421875
896.9868774414062
871.0791015625
845.4403076171875
819.9542846679688
794.5636596679688
768.9407348632812
742.5969848632812
715.884033203125
689.4856567382812
664.3740234375
640.474609375
617.7344360351562
595.8268432617188
574.3021240234375
554.3946533203125
535.461669921875
517.6903686523438
500.4627990722656
484.180419921875
468.6338806152344
453.4381408691406
438.8122253417969
424.7082214355469
410.89654541015625
397.34814453125
384.0970764160156
371.2713623046875
358.9463195800781
347.36663818359375
341.8005676269531
336.4661865234375
326.77593994140625
317.9642028808594
309.794921875
302.0642395019531
294.6401672363281
287.38525390625
280.2723083496094
273.35888671875
