1499.999755859375
1499.9998779296875
1500.0
1500.0
1500.0
1500.0
1500.0
1500.0
1500.0
1500.0
1500.0
1500.0
1500.0
1500.0
1500.0
1500.0
1500.0
1500.0
1500.0
1500.0
1500.0
1500.0
1500.0
1500.0
1500.0
1500.0
1500.0
1500.0
1500.0
1500.0
1500.0
1500.0
100.0
100.0
100.0
100.0
100.0
100.0
1499.9754638671875
1500.0
1500.0
1500.0
1500.0
1500.0
1500.0
1500.0
1500.0
1500.0
1500.0
1500.0
1500.0
1500.0
1500.0
1500.0
1500.0
1500.0
1499.9996337890625
1500.0
1500.0
1500.0
1500.0
1500.0
1500.0
1499.9998779296875
1499.9998779296875
1500.0
1500.0
1500.0
1499.999755859375
1499.999755859375
1500.0
1499.9998779296875
1500.0
1499.998779296875
1500.0
1500.0
1499.9998779296875
1476.768310546875
1429.10546875
1387.7042236328125
1348.968017578125
1311.14013671875
1273.1680908203125
1235.3026123046875
1199.1990966796875
1165.517578125
1132.72119140625
1099.6356201171875
1066.6365966796875
1034.5523681640625
1006.5391845703125
983.1407470703125
