1500.0
1500.0
1500.0
1500.0
1500.0
1500.0
1500.005126953125
1500.0
1500.0
1500.0
1500.0
1500.0
1500.0
1500.0
1500.0
1500.0
1495.8563232421875
1463.8565673828125
1427.71533203125
1390.094482421875
1357.8238525390625
1330.901123046875
1308.4049072265625
1285.87939453125
1263.139892578125
1240.685791015625
1217.3251953125
1193.294921875
1166.9620361328125
1137.20458984375
1106.8546142578125
1075.960205078125
100.0
100.0
100.0
100.0
100.0
100.0
1500.0
1157.73095703125
1006.1298828125
945.9213256835938
908.6389770507812
875.7193603515625
848.698486328125
821.0238647460938
791.4111938476562
762.4163208007812
736.1890869140625
717.8729858398438
700.6329956054688
685.2638549804688
670.029052734375
654.6401977539062
639.7967529296875
625.2792358398438
611.004150390625
596.8726806640625
582.7476196289062
568.6690673828125
554.7426147460938
541.0553588867188
527.624267578125
514.4432373046875
501.536376953125
488.9193420410156
476.5750427246094
464.4468688964844
452.52813720703125
440.85711669921875
429.452392578125
418.3459777832031
407.56298828125
397.1121520996094
386.9576110839844
377.1134948730469
367.58416748046875
358.3644104003906
349.395751953125
340.6645202636719
332.15850830078125
324.1123962402344
316.35552978515625
308.7967224121094
301.4717102050781
294.3163757324219
287.3277893066406
280.5303649902344
273.9441833496094
267.5800476074219
261.43145751953125
255.48463439941406
