1500.0
1500.0
1500.0
1500.0
1500.0
1500.0
1500.0
1500.0
1500.0
1500.0
1499.9998779296875
1500.0
1500.0
1499.999755859375
1499.9990234375
1499.9996337890625
1499.9996337890625
1499.998779296875
1499.9996337890625
1500.0
1499.9990234375
1500.0
1500.0
1500.0
1500.0
1499.9991455078125
1499.9967041015625
1500.0
1499.9979248046875
1500.0
1500.0
1499.9976806640625
99.98426055908203
100.0
100.0
100.0
100.0
100.0
1500.0
1500.0
1500.0
1500.0006103515625
1500.0
1500.0
1500.0
1500.0
1500.0
1500.0
1500.0
1500.0
1500.0
1500.0
1500.0
1500.0
1476.3177490234375
1439.2100830078125
1407.5650634765625
1376.918701171875
1346.1502685546875
1315.3858642578125
1284.9420166015625
1255.17236328125
1225.3280029296875
1195.7247314453125
1166.430908203125
1137.5623779296875
1109.11572265625
1081.009765625
1053.3966064453125
1026.3311767578125
999.7528686523438
973.6806030273438
948.239990234375
923.4780883789062
899.5588989257812
876.3485717773438
853.849609375
832.2105712890625
811.5711059570312
791.4967651367188
772.10205078125
753.3544921875
735.2330932617188
717.8468017578125
701.1315307617188
684.9828491210938
669.3449096679688
654.2079467773438
639.5671997070312
625.379150390625
611.6327514648438
598.3178100585938
