1499.9991455078125
1500.0
1500.0
1500.00146484375
1500.0
1500.0
1500.0
1500.0
1500.0
1500.0
1500.0
1500.0
1500.0
1500.0
1500.0
1500.0
1500.0
1500.0
1500.0
1500.0
1500.0
1500.0
1500.0
1500.0
1500.0
1500.0
1500.0
1500.0
1500.0
1500.0
1500.0
1500.0
100.0
100.0
100.0
100.0
100.0
100.0
1500.0
1500.0
1500.0
1500.0
1500.0
1500.0
1500.0
1500.0
1500.0
1500.0
1500.0
1500.0
1500.0
1500.0
1500.0
1500.0
1500.0
1500.0
1500.0
1500.0
1500.0
1499.999755859375
1499.999755859375
1500.0
1500.0
1500.0
1458.9342041015625
1404.22021484375
1353.4339599609375
1304.52783203125
1256.640625
1209.3572998046875
1162.8797607421875
1117.23876953125
1071.95654296875
1025.9892578125
980.519287109375
936.2053833007812
895.2982788085938
875.3331298828125
854.8837280273438
817.0745239257812
782.1774291992188
749.81005859375
719.6218872070312
691.1965942382812
668.258056640625
647.830078125
627.8643188476562
608.5039672851562
589.4403686523438
571.47998046875
554.7490844726562
538.9286499023438
523.886962890625
