1500.0
1500.0
1500.0
1499.9998779296875
1500.0
1500.0
1500.0
1500.0
1500.0
1500.0
1500.0
1500.0
1500.0
1500.0
1500.0
1500.0
1500.0
1500.0
1500.0
1500.0
1500.0
1500.0
1500.0
1500.0
1500.0
1500.0
1500.0
1500.0
1500.0
1500.0
1500.0
1500.0
99.99979400634766
100.0
100.0
100.0
100.0
100.0
1500.0
1500.0
1500.0
1500.0
1500.0
1500.0
1500.0
1500.0
1500.0
1500.0
1500.0
1500.0
1500.0
1500.0
1500.0
1500.0
1500.0
1500.0
1500.0
1500.0
1500.0
1500.0
1499.999267578125
1500.0
1500.0
1500.0
1500.0
1500.0
1500.0
1500.0
1500.0
1500.0
1473.2357177734375
1415.5093994140625
1361.9503173828125
1315.0274658203125
1271.6083984375
1229.7257080078125
1188.2427978515625
1151.93115234375
1120.6971435546875
1091.81005859375
1063.5625
1036.198974609375
1011.2672729492188
988.1654663085938
966.1104125976562
944.5652465820312
921.661376953125
896.7531127929688
870.7990112304688
844.3284301757812
818.4489135742188
792.7782592773438
