1499.9998779296875
1500.0
1500.0
1500.0
1500.0
1500.0
1500.0
1500.0
1500.0
1500.0
1500.0
1500.0
1500.0
1500.0
1500.0
1500.0
1500.0
1500.0
1500.0
1500.0
1500.0
1500.0
1500.0
1500.0
1500.0
1500.0
1500.0
1500.0
1500.0
1500.0
1500.0
1500.0
100.0
100.0
100.0
100.0
100.0
100.0
1500.0
1500.0
1500.0
1500.0
1500.0
1453.9161376953125
1389.5150146484375
1334.0369873046875
1281.8758544921875
1231.361572265625
1181.5726318359375
1132.194091796875
1083.2490234375
1034.7010498046875
986.9252319335938
940.6133422851562
895.9912109375
852.867431640625
811.5601196289062
772.1261596679688
734.6834106445312
699.0840454101562
665.2450561523438
633.067138671875
602.4688720703125
573.2906494140625
545.4772338867188
518.9774169921875
493.7365417480469
469.69464111328125
446.7701416015625
424.9742736816406
404.3258056640625
384.6722717285156
365.845703125
348.5186462402344
332.1905822753906
316.7888488769531
301.43975830078125
287.42730712890625
274.545654296875
262.36688232421875
250.87852478027344
240.00926208496094
229.7375946044922
220.03062438964844
210.88192749023438
202.02513122558594
193.88638305664062
186.22024536132812
178.9872283935547
172.1501922607422
165.69386291503906
159.58566284179688
153.77398681640625
