1500.0
1500.0
1500.0
1500.0
1500.0
1500.0
1500.0
1500.0
1500.0
1500.0
1500.0
1500.0
1500.0
1500.0
1500.0
1500.0
1500.0
1500.0
1500.0
1500.0
1500.0
1500.0
1500.0
1500.0
1500.0
1500.0
1500.0
1500.0
1500.0
1500.0
1500.0
1500.0
100.0
100.0
100.0
100.0
100.0
100.0
1500.0
1500.0
1500.0
1500.0
1500.0
1500.0
1500.0
1500.0
1500.0
1392.3099365234375
1283.6048583984375
1185.9495849609375
1095.239990234375
1012.7579345703125
936.2479248046875
866.1422119140625
804.7139892578125
749.0222778320312
697.0110473632812
648.2910766601562
603.9024658203125
563.072021484375
526.2442016601562
495.09503173828125
467.512939453125
442.36505126953125
418.95123291015625
396.32415771484375
373.4586181640625
350.9607849121094
331.6988525390625
315.4779052734375
301.1853332519531
290.3943786621094
281.1930847167969
272.01959228515625
262.3418884277344
252.03704833984375
241.35845947265625
230.6135711669922
219.99240112304688
210.00840759277344
200.6370849609375
191.6826934814453
182.9271697998047
174.6494903564453
166.64532470703125
160.84034729003906
155.56654357910156
150.50852966308594
145.461181640625
143.10121154785156
140.45822143554688
137.5791778564453
134.593017578125
