1500.0
1311.59716796875
1005.765869140625
924.0258178710938
879.20361328125
843.51025390625
811.7625732421875
784.9310913085938
759.5555419921875
734.707763671875
713.2364501953125
694.3624267578125
675.9426879882812
657.07275390625
637.146728515625
616.1847534179688
594.9089965820312
575.6666870117188
560.4246215820312
545.6846923828125
530.961669921875
515.174560546875
496.896728515625
476.86700439453125
456.1733703613281
436.6666564941406
415.9368591308594
395.32464599609375
375.8448486328125
359.8851013183594
348.3594055175781
337.0639343261719
100.0
100.0
100.0
100.0
100.0
100.0
371.8742370605469
344.94775390625
319.9037170410156
298.0352478027344
285.8919677734375
280.46282958984375
275.24053955078125
265.4022216796875
256.0011901855469
246.74728393554688
237.61399841308594
228.59735107421875
219.75416564941406
211.1013641357422
202.72109985351562
194.6709747314453
186.9557342529297
179.8311004638672
172.91525268554688
166.24578857421875
159.8843994140625
153.90943908691406
148.3474884033203
143.08428955078125
138.081787109375
133.27870178222656
128.65359497070312
124.22313690185547
119.99127197265625
115.97516632080078
112.17888641357422
108.63066864013672
105.2798080444336
102.10099792480469
99.08924102783203
96.23290252685547
93.52371215820312
90.96434020996094
88.5574722290039
86.29486846923828
84.159912109375
82.14476776123047
80.23982238769531
78.43629455566406
76.72408294677734
75.0927963256836
73.5392837524414
72.06295776367188
70.65894317626953
69.3192367553711
68.05772399902344
66.86837768554688
65.73342895507812
64.6483154296875
63.608272552490234
62.606536865234375
