1500.0
1500.0
1500.0
1500.0
1500.0
1500.0
1500.0
1500.0
1500.0
1500.0
1500.0
1500.0
1500.0
1500.0
1500.0
1500.0
1500.0
1500.0
1500.0
1500.0
1500.0
1500.0
1500.0
1500.0
1500.0
1500.0
1500.0
1500.0
1500.0
1500.0
1500.0
1500.0
100.0
100.0
100.0
100.0
100.0
100.0
1500.0
1500.0
1500.0
1500.0
1500.0
1500.0
1500.0
1500.0
1500.0
1500.0
1500.0
1500.0
1500.0
1445.5291748046875
1379.80126953125
1316.3399658203125
1254.9786376953125
1195.910888671875
1139.2203369140625
1084.895263671875
1032.80126953125
982.8636474609375
935.0053100585938
889.14794921875
845.26806640625
803.3632202148438
763.4815063476562
725.4972534179688
689.3706665039062
655.2045288085938
622.5966186523438
591.9702758789062
563.0700073242188
535.8006591796875
510.07818603515625
485.8290100097656
462.99163818359375
440.29888916015625
419.6724853515625
400.776123046875
382.7643737792969
365.449462890625
349.1141052246094
333.81488037109375
319.3697204589844
305.8470458984375
293.1430358886719
281.1199035644531
269.7917785644531
259.1329345703125
249.0821990966797
239.59242248535156
230.6094970703125
222.084716796875
213.9899444580078
