1500.0
1500.0
1500.0
1500.0
1500.002685546875
1500.0
1500.0
1500.0
1500.0
1500.0
1500.0
1500.0
1500.0
1500.0
1500.0
1500.0
1500.0
1500.0
1500.0
1500.0
1500.0
1500.0
1500.0
1500.0
1500.0
1500.0
1500.0
1500.0
1500.0
1500.0
1500.0
1500.0
1500.0
1500.0
100.0
100.0
100.0
100.0
100.0
100.0
1500.0
1500.0
1500.0
1500.0
1500.0
1500.0
1500.0
1500.0
1500.0
1500.0
1500.0
1424.538818359375
1351.664794921875
1281.5880126953125
1214.2513427734375
1149.4957275390625
1087.31640625
1027.8399658203125
971.1224365234375
917.306640625
866.4326782226562
818.3944702148438
772.8495483398438
730.04541015625
689.8067016601562
651.9779052734375
616.3894653320312
582.7665405273438
551.1107788085938
521.350341796875
493.2822265625
467.0846252441406
442.6596374511719
419.7911376953125
398.4095764160156
384.8360595703125
378.22650146484375
359.47711181640625
341.8980407714844
325.3958740234375
308.972412109375
294.0927734375
280.59027099609375
267.7561340332031
255.39788818359375
243.70895385742188
232.7522735595703
222.4315643310547
212.67784118652344
203.459228515625
194.72268676757812
186.45021057128906
178.62364196777344
171.21234130859375
164.1982879638672
