1500.0
1500.003662109375
1500.0
1500.0
1500.0
1500.0
1500.0
1500.0
1500.0
1500.0
1499.999755859375
1500.0
1500.0
1500.0
1499.39404296875
1472.9752197265625
1450.3089599609375
1428.144775390625
1404.203125
1377.411865234375
1347.781494140625
1315.8021240234375
1282.100341796875
1247.3104248046875
1211.607666015625
1175.0006103515625
1137.564208984375
1099.5013427734375
1061.1162109375
1022.6263427734375
985.4375
948.5115966796875
911.853759765625
874.584716796875
99.999755859375
100.00000762939453
100.0
100.0
100.0
100.0
1134.1361083984375
947.9231567382812
860.7874755859375
804.1748046875
758.2291259765625
716.1332397460938
675.4022216796875
633.9945068359375
594.82666015625
556.5485229492188
519.005615234375
481.25146484375
445.6273193359375
412.2496643066406
381.6888427734375
353.7008972167969
327.95989990234375
304.2452392578125
282.460693359375
262.50653076171875
244.19549560546875
227.43533325195312
212.09254455566406
197.9941864013672
184.99229431152344
173.19949340820312
162.56617736816406
152.97984313964844
144.3193817138672
136.45530700683594
129.2792205810547
122.7179946899414
116.72830200195312
111.27381134033203
106.30342864990234
103.20271301269531
101.70519256591797
97.62114715576172
93.95398712158203
90.65959167480469
87.74673461914062
85.20124816894531
82.99490356445312
81.09476470947266
79.4669189453125
78.08830261230469
76.9199447631836
75.93730926513672
75.12191009521484
74.46054077148438
73.93632507324219
73.57361602783203
73.40398406982422
73.399169921875
73.43917083740234
