1500.0
1500.0
1500.0
1500.0
1500.0
1500.0
1500.0
1500.0
1500.000244140625
1500.0
1500.0
1500.0
1500.0
1500.0
1500.0
1500.0
1500.0
1500.0
1500.0
1500.0
1500.0
1500.0
1500.0
1500.0
1500.0
1500.0
1500.0
1500.0
1500.0
1500.0
1500.0
1500.0
1500.0
1500.0
100.0
100.0
100.0
100.0
100.0
100.0
1500.0
1500.0
1500.0
1500.0
1500.0
1500.0
1500.0
1500.0
1500.0
1500.0
1500.0
1500.0
1500.0
1500.0
1500.0
1500.0
1500.0
1500.0
1500.0
1500.0
1500.0
1500.0
1443.53173828125
1381.2373046875
1326.97412109375
1277.4383544921875
1231.834228515625
1189.5367431640625
1150.010498046875
1112.8505859375
1077.85498046875
1045.14306640625
1014.0735473632812
984.9197998046875
957.3385009765625
939.594482421875
930.8512573242188
907.353759765625
885.3296508789062
864.7020263671875
844.7698974609375
825.43115234375
807.0291748046875
789.6185302734375
773.1485595703125
757.4801635742188
742.3759155273438
728.14404296875
714.8097534179688
701.5347900390625
688.5499267578125
676.27099609375
664.4544067382812
653.1929931640625
642.3964233398438
