1500.0
1500.0008544921875
1500.0
1499.999267578125
1500.0
1500.0
1500.0
1500.0
1500.0
1500.0
1500.0
1500.0
1500.0
1500.0
1500.0
1500.0
1500.0
1500.0
1500.0
1500.0
1500.0
1500.0
1487.8609619140625
1435.82470703125
1383.36083984375
1329.6724853515625
1274.8531494140625
1218.5443115234375
1163.05859375
1109.1558837890625
1055.352783203125
1001.9893188476562
950.1803588867188
100.0
100.0
100.0
100.0
100.0
100.0
992.5714111328125
922.0748901367188
873.4950561523438
816.3501586914062
774.6316528320312
756.2150268554688
738.9879760742188
705.1808471679688
670.9498901367188
635.9859008789062
600.7000122070312
565.9314575195312
532.4923095703125
516.33642578125
500.49810791015625
470.2873840332031
441.7629699707031
415.15740966796875
389.5776672363281
365.96246337890625
344.2412414550781
324.866943359375
307.5700988769531
291.8522033691406
277.5171813964844
264.42694091796875
252.36549377441406
241.2425079345703
231.00381469726562
221.56239318847656
212.7392578125
204.50479125976562
196.986328125
190.1623077392578
184.00723266601562
178.4542999267578
173.38021850585938
168.65029907226562
164.2596435546875
160.203125
156.43663024902344
152.93087768554688
149.60987854003906
146.2487030029297
143.14080810546875
140.192626953125
137.3865509033203
134.71759033203125
132.17442321777344
129.72879028320312
127.35430908203125
125.0771713256836
122.93883514404297
120.95719909667969
119.14045715332031
117.49736022949219
116.0391845703125
