1499.999755859375
1500.0
1500.0
1500.0
1500.0
1500.0
1500.0
1499.999755859375
1499.9998779296875
1500.0
1500.0
1500.0
1500.0
1500.0
1500.0
1500.0
1500.0
1500.0
1500.0
1500.0
1500.0
1500.0
1500.0
1500.0
1500.0
1500.0
1500.0
1500.0
1500.0
1500.0
1500.0
1500.0
99.99649810791016
100.0
100.0
100.0
100.0
100.0
1500.0
1500.0
1500.0
1500.0
1500.0
1500.0
1500.0
1500.0
1500.0
1500.0
1499.9989013671875
1500.0
1500.0
1500.0
1500.0
1500.0
1500.0
1500.0
1500.0
1500.0
1459.54638671875
1404.9005126953125
1354.362548828125
1303.9908447265625
1254.3265380859375
1205.19921875
1158.986083984375
1111.601806640625
1066.447265625
1022.7937622070312
982.0567626953125
942.803466796875
902.886962890625
870.2206420898438
844.975830078125
823.1651611328125
803.4541625976562
785.3306884765625
767.7197875976562
750.4861450195312
733.5533447265625
717.0794677734375
701.0316772460938
686.4517211914062
673.4129028320312
660.2344970703125
647.59814453125
634.8126831054688
621.6524658203125
609.0874633789062
600.5494995117188
593.2424926757812
585.1348876953125
575.5673217773438
564.2117309570312
