1500.0
1500.0
1500.0
1500.0
1500.0
1500.0
1500.0
1499.9998779296875
1500.0
1500.0
1500.0
1500.0
1500.0
1500.0
1500.0
1499.9998779296875
1500.0
1500.0
1500.0
1500.0
1500.0
1500.0
1500.0
1500.0
1500.0
1500.0
1500.0
1500.0
1500.0
1500.0
1500.002685546875
1500.0
1500.0
100.0
100.0
100.0
100.0
100.0
100.0
1500.0
1500.0
1499.99951171875
1500.0
1500.0
1499.99951171875
1499.50244140625
1500.0
1488.33349609375
1364.4765625
1243.84716796875
1136.4649658203125
1048.3876953125
972.404541015625
901.5408935546875
833.4774780273438
767.4614868164062
711.0112915039062
667.9561157226562
624.8839111328125
586.5039672851562
552.0038452148438
521.4715576171875
491.9320068359375
461.7979736328125
436.6553039550781
414.8946533203125
395.0007629394531
375.5321350097656
357.80767822265625
342.9797668457031
330.62591552734375
322.4102783203125
314.44586181640625
304.1613464355469
290.84112548828125
274.2135314941406
256.1378173828125
237.24635314941406
218.1327362060547
209.6453857421875
203.25189208984375
196.71539306640625
187.28411865234375
177.15611267089844
169.058837890625
171.5177459716797
166.3621368408203
156.33270263671875
147.8529815673828
141.6374053955078
136.66714477539062
132.67250061035156
129.40379333496094
126.66851043701172
124.2644271850586
