1499.999755859375
1500.0
1500.0
1500.000244140625
1500.000244140625
1499.9998779296875
1499.9996337890625
1499.9998779296875
1499.99755859375
1499.99951171875
1499.999267578125
1500.0
1499.9971923828125
1499.9998779296875
1499.99951171875
1499.9991455078125
1499.9990234375
1500.0
1500.0
1499.9959716796875
1499.996826171875
1500.0
1499.9998779296875
1500.0
1499.999755859375
1499.9998779296875
1499.999755859375
1499.999755859375
1500.0
1500.0
1500.0
1500.0
99.96321868896484
100.0
100.0
100.0
100.0
100.0
1500.0
1500.0008544921875
1499.1873779296875
1500.0
1427.6033935546875
1315.949462890625
1270.4853515625
1251.85693359375
1205.0887451171875
1161.49072265625
1120.111328125
1080.0555419921875
1040.4810791015625
1001.5372314453125
963.9710693359375
927.8856201171875
911.563232421875
893.27099609375
860.2084350585938
828.88720703125
798.62158203125
768.9990844726562
740.0390014648438
712.0153198242188
698.496826171875
685.0059204101562
659.0650634765625
634.7020263671875
611.4515380859375
589.34375
568.5712280273438
548.9035034179688
530.2498168945312
512.586669921875
495.9625244140625
480.33929443359375
465.8096923828125
452.17315673828125
439.1572265625
426.6584777832031
414.8093566894531
403.6227722167969
393.0144958496094
382.9115295410156
373.2977600097656
364.122314453125
355.36871337890625
347.04327392578125
339.1297302246094
331.609619140625
324.4451904296875
317.6166687011719
311.0960998535156
304.8680419921875
298.89422607421875
293.2190246582031
287.8143310546875
282.67156982421875
