1499.9918212890625
1500.0
1500.0
1500.0
1500.0
1500.0
1500.0
1500.0
1499.9998779296875
1500.0
1500.0
1500.0
1500.0
1500.0
1500.0
1500.0
1500.0
1500.0
1500.0
1500.0
1500.0
1500.0
1500.0
1500.0
1500.0
1500.0
1500.0
1500.0
1500.0
1500.0
1500.0
1500.0
100.0
100.0
100.0
100.0
100.0
100.0
1500.0
1500.0
1500.0
1500.0
1500.0
1500.0
1500.0
1500.0
1500.0
1500.0
1500.0
1500.0
1500.0
1500.0
1500.0
1500.0
1500.0
1500.0
1500.0
1500.0
1500.0
1500.0
1500.0
1500.0
1500.0
1500.0
1500.0
1500.0
1500.0
1500.0
1464.232666015625
1404.8419189453125
1348.8526611328125
1292.639892578125
1241.390380859375
1198.1580810546875
1158.249267578125
1140.2176513671875
1123.9635009765625
1087.509521484375
1046.80126953125
1002.91259765625
960.4480590820312
925.4365234375
892.580322265625
861.103271484375
830.2438354492188
799.1119995117188
761.2753295898438
719.2024536132812
693.8828125
670.74267578125
648.6630859375
629.4617309570312
612.8087768554688
596.0244750976562
578.7936401367188
