1500.0
1500.0
1500.0
1500.0
1500.0
1500.0
1500.0
1500.0
1500.0
1500.0
1499.9998779296875
1499.9998779296875
1500.0
1500.0
1500.0
1500.0
1500.0
1500.0
1500.0
1500.0
1500.0
1500.0
1500.0
1500.0
1500.0
1416.2884521484375
1303.4808349609375
1182.31298828125
1056.3095703125
971.350830078125
927.981689453125
887.0139770507812
100.0
100.0
100.0
100.0
100.0
100.0
1021.5770263671875
961.2040405273438
916.8977661132812
855.0795288085938
802.03857421875
758.6959228515625
717.212646484375
677.6971435546875
640.7241821289062
606.296875
574.7619018554688
546.7115478515625
521.9046020507812
499.8663330078125
479.976806640625
461.959716796875
445.08892822265625
429.2918395996094
414.4657287597656
400.4978332519531
387.26220703125
374.55987548828125
362.2669677734375
350.4197692871094
339.0379333496094
328.21685791015625
318.013916015625
308.5512390136719
299.6511535644531
291.2051086425781
283.1466979980469
275.5713806152344
268.2349853515625
261.1586608886719
254.33279418945312
247.75083923339844
241.38742065429688
235.29136657714844
229.4608612060547
223.91412353515625
218.6463623046875
213.59861755371094
208.7403564453125
204.04757690429688
199.5240020751953
195.1714324951172
190.993896484375
186.97715759277344
183.11666870117188
179.40753173828125
175.84307861328125
172.45562744140625
169.2205352783203
166.08892822265625
163.05850219726562
