1500.0
1500.0
1500.0
1499.9993896484375
1500.0
1500.0
1500.0
1500.0
1500.0
1500.0
1500.0
1500.0
1500.0
1500.0
1500.0
1500.0
1500.0
1500.0
1500.0
1500.0
1500.0
1500.0
1500.0
1500.0
1500.0
1500.0
1500.0
1500.0
1500.0
1500.0
1451.4935302734375
1379.7447509765625
1310.5850830078125
100.0
100.0
100.0
100.0
100.0
100.0
1313.3795166015625
1144.7286376953125
1057.7427978515625
990.643310546875
960.3736572265625
932.1762084960938
881.8505859375
855.498779296875
836.8807983398438
797.1748046875
759.8804931640625
724.1292114257812
689.3695068359375
655.3154296875
621.9628295898438
589.3970947265625
557.6304321289062
526.9351196289062
497.47064208984375
469.27001953125
442.34356689453125
416.67431640625
392.3592224121094
369.4153747558594
347.8516845703125
327.6270446777344
308.3801574707031
289.9001770019531
272.79412841796875
257.3359375
242.78070068359375
229.1809844970703
216.54750061035156
204.7802734375
193.70713806152344
183.3998260498047
173.7986297607422
164.85009765625
156.51124572753906
148.7302703857422
141.47119140625
134.68728637695312
128.33277893066406
122.38465881347656
116.8137435913086
111.6002426147461
106.7190933227539
102.1340560913086
97.82322692871094
93.76764678955078
89.95352172851562
86.35916900634766
82.96478271484375
79.74807739257812
76.7030258178711
73.81658935546875
