1500.0
1500.0
1500.0
1500.0
1499.999755859375
1500.0
1500.0
1499.9998779296875
1500.0
1500.0
1500.0
1500.0
1500.0
1500.0
1500.0
1500.0
1500.0
1500.0
1500.0
1500.0
1500.0
1500.0
1500.0
1500.0
1500.0
1500.0
1500.0
1500.0
1500.0
1500.0
1500.0
1500.0
99.99994659423828
100.0
100.0
100.0
100.0
100.0
1500.0
1500.0
1500.0
1500.0
1500.0
1500.0
1499.999755859375
1500.0
1500.0
1500.0
1500.0
1500.0
1500.0
1431.111328125
1347.968505859375
1279.5458984375
1217.072265625
1158.9888916015625
1104.7120361328125
1053.76220703125
1005.9385986328125
961.2821044921875
919.5686645507812
880.5366821289062
844.1195678710938
810.550537109375
779.3822021484375
750.4644775390625
723.154052734375
697.4140014648438
672.9834594726562
649.7036743164062
627.4241943359375
607.2752075195312
589.28857421875
572.4197387695312
556.6124877929688
542.0802612304688
528.338134765625
515.6130981445312
503.68212890625
492.252197265625
481.1252136230469
470.2011413574219
459.4432373046875
448.8904724121094
438.5393981933594
428.408203125
418.4377746582031
408.350830078125
400.0018005371094
392.1095275878906
384.3783874511719
376.8802490234375
