1500.0
1500.0
1500.0
1500.0
1500.0
1500.0
1500.0
1500.0
1500.0
1500.0
1500.0
1500.0
1500.0
1500.0
1500.0
1500.0
1500.0
1500.0
1500.0
1500.0
1500.0
1500.0
1500.0
1500.0
1500.0
1500.0
1500.0
1500.0
1500.0
1500.0
1500.0
1500.0
100.0
100.0
100.0
100.0
100.0
100.0
1500.0
1500.0
1500.0
1500.0
1500.0
1500.0
1500.0
1500.0
1500.0
1500.0
1500.0
1500.0
1500.0
1500.0
1500.0
1500.0
1500.0
1500.0
1500.0
1500.0
1500.0
1500.0
1500.0
1500.0
1500.0
1500.0
1500.0
1500.0
1476.2664794921875
1382.4986572265625
1321.3167724609375
1272.969482421875
1224.908935546875
1175.2054443359375
1123.870361328125
1072.787353515625
1022.911865234375
974.7806396484375
930.0343627929688
892.7361450195312
871.6174926757812
848.527587890625
824.4600830078125
803.1480712890625
782.8956909179688
761.8444213867188
739.704833984375
716.3696899414062
692.2720947265625
667.65478515625
642.2310791015625
615.5493774414062
588.47119140625
579.5950317382812
569.9386596679688
555.4379272460938
