1500.0
1500.0
1499.9998779296875
1500.0
1500.0
1500.0
1500.0
1500.0
1500.0
1500.0
1500.0
1500.0
1500.0
1500.0
1500.0
1500.0
1500.0
1500.0
1500.0
1500.0
1500.0
1500.0
1500.0
1500.0
1500.0
1500.0
1500.0
1500.0
1500.0
1500.0
1500.0
1500.0
100.0
100.0
100.0
100.0
100.0
100.0
1500.0
1500.0
1500.0
1500.0
1500.0
1500.0
1500.0
1500.0
1500.0
1402.350341796875
1289.94921875
1190.8936767578125
1099.0992431640625
1014.1401977539062
935.5164184570312
862.0923461914062
798.2923583984375
743.1007690429688
693.6475219726562
648.834228515625
605.6640014648438
563.35791015625
530.1957397460938
498.6672058105469
468.4179382324219
438.83941650390625
409.99383544921875
382.06121826171875
357.2690734863281
337.0902404785156
318.3235778808594
300.6409912109375
283.3431091308594
265.5439758300781
246.7618408203125
228.09170532226562
210.93470764160156
197.71005249023438
191.1956329345703
183.7349090576172
177.5411376953125
171.83364868164062
166.167724609375
160.47976684570312
154.80325317382812
149.41697692871094
144.0136260986328
138.0926513671875
132.31683349609375
127.1429443359375
122.9356460571289
119.1200180053711
115.75269317626953
112.80340576171875
110.16694641113281
107.78060913085938
