1499.999755859375
1500.0003662109375
1500.0
1500.0
1500.0
1500.0
1500.0
1500.0
1500.0
1500.0
1499.9627685546875
1500.0
1500.0
1500.0
1500.0
1500.0
1500.0
1500.0
1500.0
1500.0
1500.0
1500.0
1500.0
1500.0
1500.0
1500.0
1500.0
1500.0
1500.0
1500.0
1460.8455810546875
1419.5753173828125
100.0
100.0
100.0
100.0
100.0
100.0
1498.1129150390625
1439.609619140625
1342.765625
1289.858154296875
1248.6002197265625
1209.641357421875
1170.33935546875
1129.7462158203125
1087.798828125
1044.8973388671875
1001.9284057617188
959.914794921875
919.7752075195312
880.6890869140625
841.812744140625
802.8868408203125
765.1055297851562
728.7247924804688
693.7618408203125
660.6423950195312
629.5667114257812
600.4833984375
573.1627807617188
547.3788452148438
523.0218505859375
499.9519348144531
478.0940856933594
457.3904724121094
437.556884765625
418.8668212890625
401.180908203125
384.30364990234375
368.2486877441406
353.14923095703125
339.114990234375
326.23309326171875
320.0549621582031
314.1206359863281
303.01763916015625
292.5176696777344
282.4774169921875
272.8731994628906
263.6788635253906
254.8917999267578
246.61965942382812
238.90025329589844
231.75132751464844
225.10934448242188
218.84461975097656
212.88229370117188
206.91688537597656
201.29110717773438
195.95895385742188
190.89498901367188
186.16845703125
