1500.0
1500.0
1500.0
1500.0
1500.0
1500.0
1500.0
1500.0
1500.0
1500.0
1500.0
1500.0
1500.0
1500.0
1500.0
1500.0
1500.0
1500.0
1500.0
1500.0
1500.0
1500.0
1500.0
1500.0
1500.0
1500.0
1500.0
1500.0
1500.0
1500.0
1500.0
1500.0
99.99980163574219
100.0
100.0
100.0
100.0
100.0
1500.0
1500.0
1500.0
1500.0
1500.0
1500.0
1500.0
1500.0
1500.0
1500.0
1500.0
1500.0
1500.0
1500.0
1500.0
1500.0
1500.0
1500.0
1500.0
1500.0
1500.0
1500.0
1500.0
1500.0
1500.0
1500.0
1500.0
1500.0
1500.0
1500.0
1500.0
1500.0
1500.0
1458.47705078125
1401.7520751953125
1374.427978515625
1349.35986328125
1304.79248046875
1262.8795166015625
1221.609619140625
1180.1414794921875
1145.3338623046875
1115.1173095703125
1086.104248046875
1057.450439453125
1030.6968994140625
1007.3375244140625
985.4000854492188
964.076171875
941.4888305664062
917.4031372070312
891.9688110351562
865.73193359375
839.6333618164062
813.7134399414062
