1499.9998779296875
1500.0
1500.0
1500.0
1500.0
1500.0
1500.0
1500.0
1500.0
1500.0
1500.0
1500.0
1500.0
1500.0
1500.0
1500.0
1500.0
1500.0
1500.0
1500.0
1500.0
1500.0
1500.0
1500.0
1500.0
1500.0
1500.0
1500.0
1500.0
1500.0
1500.0
1500.0
100.0
100.0
100.0
100.0
100.0
100.0
1500.0
1500.0
1500.0
1500.0
1500.0
1500.0
1500.0
1500.0
1500.0
1500.0
1500.0
1500.0
1500.0
1500.0
1500.0
1500.0
1500.0
1500.0
1500.0
1500.0
1500.0
1494.3753662109375
1439.0179443359375
1390.1239013671875
1343.716064453125
1298.3775634765625
1254.153076171875
1211.403564453125
1170.514404296875
1131.511474609375
1094.0511474609375
1057.900634765625
1022.581787109375
988.4707641601562
955.1831665039062
922.6038208007812
890.6115112304688
858.484130859375
829.029052734375
801.048095703125
774.6766967773438
750.2738647460938
727.8064575195312
707.0247192382812
687.6019897460938
669.2236938476562
651.8203735351562
635.3845825195312
619.9025268554688
605.35205078125
591.7249145507812
579.046875
567.2451782226562
556.2483520507812
