1500.0
1500.0
1500.0
1500.0
1500.0
1500.0
1500.0
1500.0
1499.9998779296875
1500.0
1500.0
1500.0
1500.0
1500.0
1500.0
1500.0
1500.0
1500.0
1500.0
1500.0
1500.0
1500.0
1500.0
1500.0
1500.0
1500.0
1500.0
1500.0
1500.0
1500.0
1500.0
1500.0
100.0
100.0
100.0
100.0
100.0
100.0
1500.0
1500.0
1500.0
1500.0
1500.0
1500.0
1500.0
1500.0
1500.0
1500.0
1500.0
1500.0
1500.0
1500.0
1500.0
1500.0
1500.0
1500.0
1500.0
1500.0
1500.0
1500.0
1500.0
1500.0
1451.6939697265625
1390.6036376953125
1332.9036865234375
1277.6307373046875
1224.4632568359375
1173.3153076171875
1124.1610107421875
1076.866943359375
1031.427734375
987.8947143554688
946.23681640625
906.2974853515625
867.5949096679688
831.1101684570312
796.0814819335938
762.6513671875
730.802490234375
700.4119873046875
670.1025390625
642.1961669921875
615.9326171875
590.6268310546875
566.2671508789062
542.826904296875
520.4611206054688
498.8885498046875
478.56146240234375
459.1712951660156
440.93768310546875
423.6239318847656
