1500.0
1500.0
1500.0
1500.000244140625
1500.0
1500.0
1500.0
1500.0
1500.0
1500.0
1500.0
1500.0
1500.0
1500.0
1500.0
1500.0
1500.0
1500.0
1500.0
1500.0
1500.0
1500.0
1500.0
1500.0
1500.0
1500.0
1500.0
1500.0
1500.0
1500.0
1500.0
1500.0
100.0
100.0
100.0
100.0
100.0
100.0
1500.0
1500.0
1500.0
1500.0
1500.0
1500.0
1500.0
1500.0
1500.0
1500.0
1500.0
1500.0
1500.0
1500.0
1500.0
1500.0
1500.0
1500.0
1500.0
1500.0
1500.0
1500.0
1499.9998779296875
1500.0
1500.0
1500.0
1500.0
1500.0
1500.0
1500.0
1500.0
1500.0
1405.329345703125
1356.61181640625
1303.8946533203125
1247.6796875
1192.335205078125
1124.126953125
1055.5269775390625
993.0682373046875
934.1293334960938
876.2920532226562
819.5968017578125
761.4385986328125
701.1566162109375
677.3914184570312
639.5973510742188
603.3059692382812
573.5242309570312
550.44677734375
532.9004516601562
517.3890991210938
502.7571716308594
489.004150390625
