1499.9998779296875
1500.0
1500.0
1500.0
1500.0
1500.0
1500.0
1500.0
1499.9998779296875
1500.0
1500.0
1500.0
1500.0
1500.0
1500.0
1500.0
1500.0
1500.0
1500.0
1500.0
1500.0
1500.0
1500.0
1500.0
1500.0
1500.0
1500.0
1500.0
1500.0
1500.0
1500.0
1500.0
100.0
100.0
100.0
100.0
100.0
100.0
1500.0
1500.0
1500.0001220703125
1500.0
1500.0
1500.0
1500.0
1500.0
1500.0
1500.0
1500.0
1500.0
1500.0
1500.0
1500.0
1500.0
1500.0
1469.80859375
1376.83251953125
1295.37548828125
1216.9512939453125
1143.1907958984375
1075.5751953125
1018.9715576171875
965.3192749023438
910.9918212890625
860.447998046875
820.6248168945312
777.32275390625
726.8956298828125
669.730712890625
607.7317504882812
544.488525390625
499.7877197265625
477.4285888671875
459.6550598144531
442.5020446777344
423.795166015625
400.7706298828125
377.6128234863281
367.43487548828125
364.8260192871094
349.3265380859375
328.60601806640625
311.2821960449219
298.057373046875
287.2489013671875
277.8876953125
269.4316711425781
261.5804748535156
254.0487823486328
246.7304229736328
239.5429229736328
232.49354553222656
