1499.9990234375
1500.0
1500.0
1500.0
1500.0
1500.0
1500.0
1500.0
1500.0
1499.9998779296875
1500.0
1500.0
1500.0
1500.0
1500.0
1500.0
1500.0
1500.0
1500.0
1500.0
1500.0
1500.0
1500.0
1500.0
1500.0
1500.0
1500.0
1500.0
1500.0
1500.0
1500.0
1500.0
100.0
100.0
100.0
100.0
100.0
100.0
1500.0
1500.0
1500.0
1500.0
1500.0
1500.0
1500.0
1500.0
1500.0
1500.0
1500.0
1500.0
1500.0
1500.0
1500.0
1500.0
1500.0
1500.0
1500.0
1500.0
1500.0
1500.0
1500.0
1500.0
1499.998291015625
1500.0
1499.9993896484375
1499.9945068359375
1500.0
1500.0
1500.0
1499.9969482421875
1499.9952392578125
1499.9998779296875
1500.0
1500.0
1500.0
1499.9998779296875
1499.99951171875
1499.999755859375
1500.0
1499.99853515625
1499.9974365234375
1495.8983154296875
1448.149658203125
1401.1884765625
1352.8922119140625
1303.39697265625
1257.552001953125
1218.527099609375
1182.6942138671875
1148.12353515625
1114.3624267578125
1086.7305908203125
