1500.0
1500.0
1500.0
1500.0
1500.0
1500.0
1500.0
1500.0
1500.0
1500.0
1500.0
1500.0
1500.0
1500.0
1500.0
1500.0
1500.0
1500.0
1500.0
1500.0
1500.0
1500.0
1500.0
1500.0
1500.0
1500.0
1500.0
1500.0
1500.0
1500.0
1500.0
1500.0
100.0000228881836
100.0
100.0
100.0
100.0
100.0
1500.0
1500.0
1500.0
1500.0
1500.0
1500.0
1500.0
1500.0
1500.0
1500.0
1410.2518310546875
1324.080810546875
1245.158203125
1171.915283203125
1104.22802734375
1042.527587890625
985.2272338867188
931.6585693359375
879.4926147460938
829.313232421875
784.0101318359375
745.0213623046875
708.7304077148438
673.8491821289062
640.432373046875
609.2545166015625
581.084716796875
554.559814453125
527.8975219726562
501.44940185546875
476.89898681640625
453.44696044921875
430.0608215332031
407.6312561035156
384.63604736328125
361.1395263671875
339.66534423828125
322.2207336425781
305.44903564453125
292.3485107421875
280.5618591308594
268.3617858886719
254.16688537597656
238.56321716308594
223.14578247070312
209.276611328125
196.06814575195312
185.6394805908203
182.14479064941406
176.46556091308594
170.0347137451172
163.38316345214844
156.70579528808594
149.74667358398438
