1405.3800048828125
1072.9906005859375
829.2564086914062
694.2160034179688
636.80810546875
612.21923828125
594.7381591796875
579.1915283203125
564.4525146484375
549.3778076171875
534.4428100585938
519.85546875
504.9575500488281
490.6176452636719
477.7671203613281
466.4397888183594
455.453369140625
444.6305847167969
434.1275634765625
424.35272216796875
417.0809020996094
410.2834777832031
403.1315002441406
395.46917724609375
387.2917175292969
378.6136779785156
369.5652770996094
360.1598205566406
350.3079528808594
339.9360046386719
329.1523742675781
319.5701599121094
100.0
100.0
100.0
100.0
100.0
100.0
450.4150695800781
319.8359680175781
270.9842529296875
257.71368408203125
250.33447265625
245.5722198486328
242.24307250976562
239.46482849121094
236.73190307617188
233.79165649414062
230.7377471923828
227.4895782470703
223.9478302001953
220.1562042236328
216.1660614013672
211.95889282226562
207.58663940429688
203.02947998046875
198.37843322753906
193.7305450439453
188.9658966064453
184.10223388671875
179.18080139160156
174.2347869873047
169.3001708984375
164.40513610839844
159.58148193359375
154.8472137451172
150.22900390625
145.77133178710938
141.47747802734375
137.3492889404297
133.35072326660156
129.48597717285156
125.76295471191406
122.17821502685547
118.75252532958984
115.57012939453125
112.48824310302734
109.50827026367188
106.63597106933594
103.8791732788086
101.23756408691406
98.70225524902344
96.26763916015625
93.93230438232422
91.68238830566406
89.5151138305664
87.44449615478516
85.47721862792969
83.58656311035156
81.76821899414062
80.01752471923828
78.33293151855469
