1500.0
1500.0
1500.0
1500.0
1500.0
1500.0
1500.0
1500.0
1500.0
1500.0
1500.0
1500.0
1500.0
1500.0
1500.0
1500.0
1500.0
1500.0
1500.0
1500.0
1500.0
1500.0
1500.0
1500.0
1500.0
1500.0
1500.0
1500.0
1500.0
1500.0
1500.0
1500.0
100.0
100.0
100.0
100.0
100.0
100.0
1500.0
1500.0
1500.0
1500.0
1500.0
1500.0
1500.0
1500.0
1500.0
1500.0
1500.0
1500.0
1500.0
1500.0
1457.41845703125
1387.6494140625
1321.5067138671875
1259.81298828125
1200.166259765625
1142.3739013671875
1086.2984619140625
1031.695556640625
977.491455078125
925.0165405273438
874.85205078125
827.3294677734375
782.1641845703125
742.1405029296875
703.9102172851562
666.2432861328125
629.3115844726562
595.8360595703125
563.2410888671875
530.2079467773438
499.9139099121094
474.5660705566406
451.2466735839844
429.32232666015625
408.7408142089844
389.24609375
371.14947509765625
353.7886962890625
336.94610595703125
320.4782409667969
304.41412353515625
289.3399658203125
277.4273376464844
267.70709228515625
258.7327880859375
250.10972595214844
241.88626098632812
234.07899475097656
226.37196350097656
218.73492431640625
