1500.0
1500.0
1500.0
1500.0
1500.0
1500.0
1500.0
1500.0
1500.0
1500.0
1500.0
1500.0
1500.0
1500.0
1500.0
1500.0
1500.0
1500.0
1500.0
1500.0
1500.0
1500.0
1500.0
1500.0
1500.0
1500.0
1500.0
1500.0
1500.0
1500.0
1500.0
1500.0
100.0
100.0
100.0
100.0
100.0
100.0
1500.0
1500.0
1500.0
1500.0
1500.0
1500.0
1500.0
1500.0
1500.0
1489.2802734375
1439.5045166015625
1394.737548828125
1350.481201171875
1305.8250732421875
1260.6986083984375
1215.0084228515625
1168.775146484375
1122.2325439453125
1075.8739013671875
1030.1278076171875
985.6981201171875
942.9885864257812
901.86669921875
862.5471801757812
825.0189819335938
789.2673950195312
755.3053588867188
722.9755249023438
692.1825561523438
662.8023681640625
634.761474609375
607.99853515625
582.4036865234375
557.9082641601562
534.4724731445312
512.0543823242188
490.5912780761719
470.0437927246094
450.3736877441406
431.21209716796875
413.1221923828125
395.91473388671875
379.4541320800781
363.7099609375
348.54034423828125
334.0869445800781
320.2455749511719
306.5376892089844
294.45501708984375
282.9495544433594
271.9720458984375
261.5116271972656
251.54730224609375
242.04261779785156
