1500.0
1500.0
1500.0
1500.0001220703125
1500.0
1500.0
1500.0
1500.0
1500.0
1500.0
1500.0
1500.0
1500.0
1500.0
1500.0
1500.0
1500.0
1500.0
1500.0
1500.0
1500.0
1500.0
1500.0
1500.0
1500.0
1500.0
1500.0
1500.0
1500.0
1500.0
1500.0
1500.0
100.0
100.0
100.0
100.0
100.0
100.0
1500.0
1500.0
1500.0
1500.0
1500.0
1500.0
1500.0
1500.0
1500.0
1500.0
1500.0
1500.0
1500.0
1500.0
1500.0
1500.0
1500.0
1500.0
1500.0
1473.35595703125
1411.0133056640625
1350.0242919921875
1289.80517578125
1230.8511962890625
1173.5675048828125
1118.277587890625
1065.0506591796875
1013.8192749023438
964.6824340820312
917.487548828125
872.1593017578125
828.6697998046875
786.656982421875
746.9190673828125
709.1287841796875
673.0584106445312
638.8173828125
604.1566162109375
573.9750366210938
545.038818359375
517.7111206054688
491.2774963378906
466.80029296875
443.7371826171875
422.0157165527344
401.5455322265625
382.3079833984375
364.3056945800781
347.4234619140625
331.4339904785156
316.3005676269531
301.91558837890625
288.45257568359375
275.7355041503906
