1499.99365234375
1500.0
1500.0
1500.0
1500.0
1500.0
1500.0052490234375
1500.0
1500.0
1500.0
1500.0
1500.0
1500.0
1500.0
1500.0
1500.0
1500.0
1500.0
1500.0
1500.0
1500.0
1500.0
1500.0
1500.0
1500.0
1500.0
1500.0
1500.0
1500.0
1500.0
1500.0
1500.0
100.0
100.0
100.0
100.0
100.0
100.0
1500.0
1500.0
1500.0
1500.0
1500.0
1500.0
1500.0
1500.0
1500.0
1500.0
1500.0
1500.0
1500.0
1500.0
1500.0
1500.0
1499.8941650390625
1500.0
1500.0
1500.0
1500.0
1500.0
1500.0
1500.0
1500.0
1499.9998779296875
1500.0
1500.0
1499.9998779296875
1499.9991455078125
1500.0
1500.0
1500.0
1499.999755859375
1499.9998779296875
1499.9991455078125
1499.9991455078125
1499.9998779296875
1500.0
1499.999755859375
1499.9927978515625
1499.9954833984375
1499.9998779296875
1499.4442138671875
1446.643798828125
1403.3868408203125
1362.7830810546875
1323.1947021484375
1285.673095703125
1248.6324462890625
1213.4075927734375
1180.556640625
1145.0421142578125
1105.92529296875
