1499.9996337890625
1500.0
1500.0
1499.9986572265625
1500.0
1500.0
1500.0
1500.0
1500.0
1500.0
1500.0
1500.0
1500.0
1500.0
1500.0
1500.0
1500.0
1500.0
1500.0
1500.0
1500.0
1500.0
1500.0
1500.0
1500.0
1500.0
1500.0
1500.0
1500.0
1500.0
1500.0
1500.0
100.0
100.0
100.0
100.0
100.0
100.0
1500.0
1500.0
1423.894775390625
1361.4710693359375
1324.3990478515625
1294.182861328125
1264.6258544921875
1233.8660888671875
1202.23046875
1169.7939453125
1136.5240478515625
1102.6224365234375
1068.05078125
1032.9873046875
997.568603515625
962.54296875
927.7815551757812
893.2316284179688
858.9655151367188
825.186279296875
792.0611572265625
759.6464233398438
727.9764404296875
697.1503295898438
667.17431640625
638.2420043945312
610.4719848632812
583.93701171875
558.6027221679688
534.3081665039062
510.86846923828125
488.36199951171875
466.8432922363281
446.28448486328125
426.6280517578125
407.8262939453125
389.90142822265625
372.7183532714844
356.3345642089844
340.1794128417969
324.8630676269531
311.0700378417969
297.85968017578125
284.96923828125
272.8809509277344
261.3409118652344
250.29144287109375
239.65321350097656
229.66259765625
220.16030883789062
211.1029052734375
202.4678955078125
194.20993041992188
186.3085174560547
