1499.9974365234375
1500.0
1500.0
1500.0
1500.0
1500.0
1500.010986328125
1500.0
1500.0
1500.0
1500.0
1500.0
1500.0
1500.0
1500.0
1500.0
1500.0
1500.0
1500.0
1500.0
1500.0
1500.0
1500.0
1500.0
1500.0
1500.0
1500.0
1500.0
1500.0
1500.0
1500.0
1500.0
100.0
100.0
100.0
100.0
100.0
100.0
1500.0
1500.0
1500.0
1500.0
1500.0
1500.0
1500.0
1500.0
1500.0
1500.0
1500.0
1500.0
1500.0
1500.0
1500.0
1500.0
1500.0
1500.0
1500.0
1500.0
1500.0
1500.0
1500.0
1500.0
1500.0
1500.0
1500.0
1500.0
1500.0
1500.0
1500.0
1500.0
1500.0
1500.0
1500.0
1500.0
1500.0
1500.0
1459.456787109375
1408.5963134765625
1359.4075927734375
1311.1513671875
1264.9375
1218.0045166015625
1177.8531494140625
1133.7698974609375
1084.0592041015625
1033.8826904296875
976.873291015625
929.5209350585938
889.2996215820312
850.242431640625
824.3095703125
802.570068359375
