1500.0
1500.0
1500.0
1500.0
1500.0
1500.0
1500.0
1500.0
1500.0
1500.0
1500.0
1500.0
1500.0
1500.0
1500.0
1500.0
1500.0
1500.0
1500.0
1500.0
1500.0
1500.0
1500.0
1500.0
1500.0
1500.0
1500.0
1500.0
1500.0
1500.0
1500.0
1500.0
100.00000762939453
100.0
100.0
100.0
100.0
100.0
1500.0
1499.9921875
1500.0
1500.0001220703125
1500.0
1500.0
1500.0
1500.0
1500.0
1500.0
1500.0
1479.2403564453125
1396.0418701171875
1319.7718505859375
1247.9140625
1179.9664306640625
1116.2947998046875
1056.16845703125
999.1317138671875
943.9108276367188
892.7242431640625
845.4315185546875
801.5657348632812
763.0881958007812
727.6649169921875
694.4066162109375
662.3014526367188
632.9963989257812
605.2758178710938
578.3055419921875
552.39404296875
527.1160888671875
503.677734375
481.4723815917969
460.02099609375
438.7437438964844
418.3302001953125
398.9140625
380.07952880859375
362.82476806640625
345.8680725097656
328.4791259765625
310.36871337890625
295.6169128417969
281.9116516113281
268.3905029296875
256.59814453125
247.64271545410156
239.06935119628906
229.74012756347656
218.72695922851562
206.6642303466797
194.82496643066406
183.9154052734375
173.31947326660156
