1500.0
1500.0
1500.0
1500.0
1500.0
1500.0
1500.0
1500.0
1500.0
1500.0
1500.0
1500.0
1500.0
1500.0
1500.0
1500.0
1500.0
1500.0
1500.0
1500.0
1500.0
1500.0
1500.0
1500.0
1500.0
1500.0
1500.0
1500.0
1500.0
1500.0
1500.0
1500.0
100.0
100.0
99.99999237060547
100.0
100.0
100.0
1500.0
1500.0
1499.9998779296875
1500.0
1500.0
1500.0
1500.0
1500.0
1500.0
1500.0
1500.0
1500.0
1500.0
1500.0
1500.0
1500.0
1500.0
1500.0
1500.0
1500.0
1500.0
1500.0
1469.446533203125
1416.28759765625
1366.45166015625
1318.654296875
1272.427734375
1227.7989501953125
1184.8895263671875
1143.794189453125
1104.423583984375
1066.3040771484375
1029.7332763671875
994.648681640625
960.9778442382812
928.6319580078125
897.249755859375
866.0639038085938
837.135009765625
809.312255859375
782.680419921875
757.19140625
732.5399780273438
708.5159912109375
685.4093017578125
663.1626586914062
641.6306762695312
621.536376953125
602.0096435546875
583.3491821289062
565.5582275390625
548.579345703125
532.4053955078125
517.0285034179688
