1499.999755859375
1499.9998779296875
1500.0
1499.996337890625
1500.0
1500.0
1500.0
1500.0
1500.0
1500.0
1500.0
1500.0
1500.0
1500.0
1499.9937744140625
1500.0
1500.0
1500.0
1500.0
1500.0
1500.0
1500.0
1500.0
1500.0
1500.0
1500.0
1500.0
1500.0
1500.0
1500.0
1500.0
1500.0
100.0
100.0
100.0
100.0
100.0
100.0
1500.0
1500.0
1500.0
1500.0
1500.0
1500.0
1500.0
1500.0
1500.0
1500.0
1500.0
1500.0
1500.0
1500.0
1500.0
1500.0
1500.0
1500.0
1500.0
1500.0
1500.0
1500.0
1485.8302001953125
1435.636474609375
1388.30908203125
1342.6826171875
1298.331298828125
1255.072509765625
1212.886962890625
1171.8924560546875
1132.0557861328125
1093.5382080078125
1056.3946533203125
1020.7006225585938
986.7477416992188
954.3665771484375
923.454833984375
893.864990234375
865.5299682617188
838.1569213867188
811.5557250976562
785.8158569335938
760.82373046875
736.5469360351562
712.944580078125
689.9622192382812
667.6025390625
645.97509765625
625.436767578125
605.9830932617188
587.4949340820312
569.8638305664062
552.9910888671875
536.8342895507812
