1499.9998779296875
1500.0
1500.0
1500.0
1500.0032958984375
1500.0
1500.000732421875
1499.9998779296875
1499.9998779296875
1500.0
1499.999755859375
1499.9996337890625
1499.9967041015625
1499.9981689453125
1499.9998779296875
1500.0
1499.997314453125
1499.9991455078125
1499.998779296875
1499.9990234375
1499.9998779296875
1500.0
1500.0
1499.9998779296875
1499.9967041015625
1499.9981689453125
1499.998779296875
1500.0
1500.0
1499.9998779296875
1499.999755859375
1499.98876953125
99.97811889648438
100.0
99.99969482421875
100.0
100.0
100.0
1500.0
1500.0
1500.0006103515625
1500.0
1500.0
1499.99951171875
1500.0
1500.0
1500.0
1500.0
1500.0
1500.0
1500.0
1500.0
1500.0
1495.163818359375
1453.5584716796875
1418.835693359375
1385.382080078125
1351.669189453125
1318.947509765625
1286.31201171875
1253.542724609375
1220.56298828125
1187.49072265625
1154.4312744140625
1121.5576171875
1089.2022705078125
1057.49462890625
1026.6177978515625
996.7499389648438
967.692138671875
939.2464599609375
911.5223388671875
884.49658203125
858.09716796875
832.6491088867188
807.819580078125
783.6038818359375
760.0808715820312
737.29443359375
715.280029296875
694.0736694335938
673.8125610351562
654.4251098632812
635.7225341796875
617.781982421875
600.6592407226562
584.1959228515625
568.3938598632812
553.2041015625
538.6248779296875
524.6853637695312
511.2841796875
