1499.9998779296875
1500.0
1500.0
1500.0
1500.0
1500.0
1500.0
1500.0
1500.0
1500.0
1500.0
1500.0
1500.0
1500.0
1500.0
1500.0
1500.0
1500.0
1500.0
1500.0
1500.0
1500.0
1500.0
1500.0
1500.0
1500.0
1500.0
1500.0
1500.0
1500.0
1500.0
1500.0
100.0
100.0
100.0
100.0
100.0
100.0
1500.0
1500.0
1500.0
1500.0
1500.0
1500.0
1500.0
1500.0
1500.0
1500.0
1444.1741943359375
1360.9019775390625
1284.0045166015625
1211.304931640625
1142.2633056640625
1076.75146484375
1014.5118408203125
955.6844482421875
900.3037719726562
848.24462890625
799.2836303710938
753.420654296875
710.4695434570312
670.2205200195312
632.4490356445312
597.0206909179688
563.8126220703125
532.7138061523438
517.7900390625
503.37896728515625
476.3423767089844
451.0970764160156
427.4378356933594
405.0826416015625
384.3775329589844
365.0360412597656
346.8472595214844
329.06878662109375
312.87890625
298.12176513671875
284.1120300292969
270.9290466308594
258.516845703125
246.8209991455078
235.7917022705078
225.39401245117188
215.56654357910156
206.26914978027344
197.39468383789062
189.00352478027344
181.127197265625
173.71437072753906
166.68026733398438
159.9945068359375
153.63502502441406
