1499.9986572265625
1500.0
1500.0
1500.0
1500.0
1500.0
1500.0
1500.0
1500.0
1500.0
1500.0
1500.0
1500.0
1500.0
1500.0
1500.0
1500.0
1500.0
1500.0
1500.0
1500.0
1500.0
1500.0
1500.0
1500.0
1500.0
1500.0
1500.0
1500.0
1500.0
1500.0
1500.0
99.99987030029297
100.0
100.0
100.0
100.0
100.0
1500.0
1499.9998779296875
1500.0
1500.0
1500.0
1500.0
1500.0
1500.0
1500.0
1500.0
1500.0
1500.0
1500.0
1499.9996337890625
1500.0
1500.0
1500.0
1499.999755859375
1500.0
1499.9998779296875
1499.989990234375
1500.0
1500.0
1499.9996337890625
1500.0
1500.0
1500.0
1499.9998779296875
1481.801025390625
1426.591796875
1374.341552734375
1322.286376953125
1268.08251953125
1214.13525390625
1165.2459716796875
1122.922119140625
1084.4263916015625
1046.143310546875
1012.3652954101562
980.675537109375
945.6666870117188
906.39453125
860.9840087890625
812.9155883789062
776.5966186523438
745.2005615234375
715.9992065429688
688.359130859375
663.3501586914062
636.7027587890625
611.1325073242188
595.4456176757812
582.64306640625
568.7440185546875
