1499.9964599609375
1500.0
1500.0
1500.0
1500.0
1500.0
1500.0
1500.0
1500.0
1500.0
1500.0
1500.0
1500.0
1500.0
1500.0
1500.0
1500.0
1500.0
1500.0
1500.0
1500.0
1500.0
1500.0
1500.0
1500.0
1500.0
1500.0
1500.0
1500.0
1500.0
1500.0
1500.0
100.0
100.0
100.0
100.0
100.0
100.0
1500.0
1500.0
1500.0
1500.0
1500.0
1500.0
1500.0
1500.0
1500.0
1500.0
1500.0
1500.0
1500.0
1500.0
1445.0
1351.6165771484375
1269.5491943359375
1195.0966796875
1129.281005859375
1070.1048583984375
1016.28564453125
967.4102172851562
923.0260009765625
882.61376953125
845.6697998046875
811.69775390625
780.6094360351562
752.655517578125
736.5341796875
726.883544921875
704.5470581054688
683.906494140625
664.52392578125
646.3958129882812
629.9495849609375
615.2015380859375
601.6490478515625
588.6795043945312
576.4708862304688
564.9510498046875
553.8775634765625
542.9256591796875
537.3927612304688
532.2801513671875
522.7189331054688
513.1674194335938
504.0909729003906
495.5475158691406
487.47760009765625
478.7196044921875
469.4015808105469
460.53448486328125
451.9111633300781
443.58612060546875
435.73236083984375
428.2427673339844
