1499.9947509765625
1500.0
1500.0
1500.0
1500.0
1500.0
1499.9998779296875
1500.0
1500.0
1500.0
1500.0
1500.0
1500.0
1500.0
1500.0
1500.0
1500.0
1500.0
1500.0
1500.0
1500.0
1500.0
1500.0
1500.0
1500.0
1500.0
1500.0
1500.0
1500.0
1500.0
1500.0
1500.0
100.00212097167969
100.0
100.0
100.0
100.0
100.0
1500.0
1500.0
1500.0
1500.0
1500.0
1500.0
1500.0
1500.0
1500.0
1500.0
1500.0
1500.0
1500.0
1500.0
1500.0
1500.0
1500.0
1500.0
1500.0
1436.8001708984375
1365.48046875
1306.176025390625
1253.1485595703125
1204.371826171875
1158.6378173828125
1116.6627197265625
1078.9857177734375
1045.13232421875
1025.1986083984375
1013.0638427734375
983.465087890625
956.09130859375
931.5830078125
908.8062133789062
886.8721313476562
864.6797485351562
842.41650390625
820.2613525390625
798.31884765625
776.5429077148438
755.0736083984375
734.0267944335938
723.4814453125
713.1517333984375
693.2359619140625
674.1624755859375
655.9522705078125
639.097412109375
624.7572631835938
612.9263305664062
602.3303833007812
591.9699096679688
579.9430541992188
566.4368896484375
551.1183471679688
534.774169921875
