1499.999755859375
1500.0
1500.0
1500.0
1500.0
1500.0
1500.0
1500.0
1500.0
1500.0
1500.0
1500.0
1500.0
1500.0
1500.0
1500.0
1500.0
1500.0
1500.0
1500.0
1500.0
1500.0
1500.0
1500.0
1500.0
1500.0
1500.0
1500.0
1500.0
1500.0
1500.0
1500.0
100.0
100.0
100.0
100.0
100.0
100.0
1500.0
1500.0
1412.69189453125
1350.7821044921875
1301.2890625
1256.57958984375
1213.9217529296875
1171.6131591796875
1128.785888671875
1085.1173095703125
1040.677978515625
995.6510620117188
951.2102661132812
908.4697265625
867.4849243164062
827.9119262695312
789.4540405273438
752.154296875
716.0167236328125
681.0817260742188
647.4238891601562
615.134033203125
584.233642578125
554.6774291992188
526.5863647460938
499.8550720214844
474.43310546875
450.2651062011719
427.2356872558594
405.39398193359375
384.660888671875
365.0674133300781
346.160888671875
328.6659851074219
312.17291259765625
295.62017822265625
280.7589111328125
266.9189453125
253.8912353515625
241.5641632080078
230.0084991455078
219.1341552734375
208.89324951171875
199.15655517578125
190.0386199951172
181.45602416992188
173.37290954589844
165.78448486328125
158.65187072753906
151.9486083984375
145.63851928710938
139.7028045654297
134.0986328125
128.79100036621094
