1285.644775390625
981.0458984375
789.6985473632812
682.9495849609375
646.7233276367188
621.37548828125
597.2326049804688
574.989990234375
554.7621459960938
534.6681518554688
514.5720825195312
495.3883972167969
476.78076171875
458.7027893066406
441.0758056640625
423.9545593261719
407.06158447265625
391.2527160644531
378.5675964355469
364.9469909667969
350.8551330566406
337.1415710449219
323.6145935058594
310.2624816894531
297.3473205566406
284.99005126953125
274.3047180175781
269.11700439453125
265.42462158203125
261.6228942871094
257.6243896484375
253.34393310546875
100.0
100.0
100.0
100.0
100.0
100.0
280.0442810058594
241.3608856201172
230.3616943359375
225.60890197753906
220.57066345214844
215.50318908691406
210.86488342285156
206.5999298095703
202.5426025390625
198.69541931152344
194.70492553710938
190.60450744628906
186.43710327148438
182.18411254882812
177.86325073242188
173.3827362060547
168.70957946777344
163.90875244140625
159.0440216064453
154.16757202148438
149.34500122070312
144.60597229003906
139.96800231933594
135.41482543945312
131.1436767578125
126.96658325195312
122.867431640625
118.8481216430664
114.93681335449219
111.17821502685547
107.59610748291016
105.8754653930664
104.16917419433594
100.88795471191406
97.79246520996094
94.85404968261719
92.0721664428711
89.46465301513672
87.00164794921875
84.66289520263672
82.46163177490234
80.40653991699219
78.48189544677734
76.62909698486328
74.85055541992188
73.14794158935547
71.51818084716797
69.95632934570312
68.46058654785156
67.02835845947266
65.657470703125
64.3468017578125
63.08746337890625
61.87723922729492
60.71568298339844
