1500.0
1500.0
1500.0
1500.0
1500.030517578125
1500.0
1500.0
1500.0
1500.0
1500.0
1500.0
1500.0
1500.0
1500.0
1500.0
1500.0
1499.9998779296875
1500.0
1500.0
1500.0
1500.0
1500.0
1500.0
1500.0
1500.0
1500.0
1500.0
1500.0
1500.0
1500.0
1500.0
1500.0
100.0
100.0
100.0
100.0
100.0
100.0
100.0
1500.0
1500.0
1500.0
1500.0
1500.0
1500.0
1500.0
1500.0
1500.0
1500.0
1500.0
1500.0
1500.0
1500.0
1500.0
1500.0
1500.0
1500.0
1500.0
1500.0
1500.0
1500.0
1500.0
1500.0
1500.0
1500.0
1479.1376953125
1415.4971923828125
1358.918701171875
1304.4437255859375
1251.952880859375
1201.8175048828125
1154.107666015625
1109.97607421875
1067.1309814453125
1024.5738525390625
987.5665893554688
953.6188354492188
920.4945068359375
887.817626953125
855.8001098632812
825.0623168945312
797.120361328125
772.4262084960938
750.341552734375
730.70751953125
712.2843627929688
694.5371704101562
677.6554565429688
661.4749755859375
645.5783081054688
630.1565551757812
616.1036987304688
603.45654296875
