1499.980224609375
1500.0
1500.0
1500.0
1500.0
1500.0
1500.0
1500.0
1500.0
1500.0
1500.0
1500.0
1500.0
1500.0
1500.0
1500.0
1500.0
1500.0
1500.0
1500.0
1500.0
1500.0
1500.0
1500.0
1500.0
1500.0
1500.0
1500.0
1500.0
1500.0
1500.0
1500.0
100.06725311279297
100.0
100.0
100.0
100.0
100.0
1500.0
1500.0
1500.0
1500.0
1500.0
1500.0
1500.0
1500.0
1500.0
1500.0
1500.0
1500.0
1500.0
1500.0
1479.19287109375
1378.02001953125
1295.554443359375
1223.151611328125
1158.7784423828125
1101.200439453125
1049.3258056640625
1002.291015625
959.4122924804688
920.273193359375
884.6376953125
852.2201538085938
822.6763305664062
795.627685546875
770.6555786132812
747.347412109375
725.34228515625
704.4224243164062
684.4877319335938
665.4766235351562
647.3829956054688
630.1994018554688
613.9822998046875
598.6594848632812
584.1170043945312
570.2789306640625
556.954345703125
543.9644165039062
531.408203125
519.5437622070312
508.36572265625
497.7051086425781
487.5162353515625
477.7519226074219
468.3369445800781
459.1977233886719
450.26312255859375
441.66351318359375
433.4620666503906
425.6648254394531
