1268.321044921875
974.7200317382812
787.1179809570312
684.6815185546875
648.2310791015625
621.1705322265625
595.9097900390625
572.8176879882812
552.0874633789062
531.658447265625
511.4580078125
492.2984924316406
473.6825866699219
455.391845703125
437.3320007324219
419.5103454589844
402.0391540527344
387.41583251953125
374.1232604980469
360.10076904296875
345.8286437988281
332.1424560546875
318.62677001953125
305.4200744628906
292.8955078125
281.803955078125
272.2510681152344
268.1998596191406
264.4759216308594
260.6020812988281
256.5259704589844
252.18551635742188
100.0
100.0
100.0
100.0
100.0
100.0
275.7122497558594
239.6811981201172
229.94239807128906
225.52728271484375
220.23252868652344
214.92396545410156
210.07638549804688
205.60935974121094
201.4287567138672
197.4678955078125
193.4432373046875
189.40074157714844
185.29153442382812
181.11448669433594
176.89328002929688
172.51608276367188
167.9510498046875
163.25473022460938
158.47207641601562
153.6608428955078
148.88816833496094
144.19134521484375
139.58001708984375
135.04522705078125
130.78671264648438
126.6406021118164
122.54865264892578
118.53902435302734
114.64454650878906
110.90445709228516
107.34305572509766
105.63199615478516
103.93460845947266
100.66873931884766
97.58525848388672
94.65924072265625
91.91226196289062
89.31611633300781
86.86254119873047
84.53340911865234
82.33190155029297
80.28094482421875
78.35315704345703
76.49890899658203
74.72114562988281
73.02101135253906
71.39567565917969
69.83956146240234
68.35040283203125
66.92445373535156
65.55852508544922
64.25300598144531
62.99797058105469
61.79159164428711
60.633052825927734
