1499.9998779296875
1500.0
1500.0
1500.0
1500.0
1500.0
1500.0
1500.0
1500.0
1500.0
1499.9998779296875
1500.0
1500.0
1500.0
1500.0
1500.0
1500.0
1500.0
1500.0
1500.0
1500.0
1500.0
1500.0
1500.0
1500.0
1500.0
1500.0
1500.0
1500.0
1500.0
1500.0
1500.0
100.0
100.0
100.0
100.0
100.0
100.0
1500.0
1500.0
1500.0
1500.0
1500.0
1500.0
1500.0
1500.0
1500.0
1500.0
1432.4798583984375
1344.1182861328125
1269.8878173828125
1201.9718017578125
1138.7171630859375
1079.7584228515625
1025.2073974609375
975.3565673828125
929.9885864257812
888.1109008789062
848.2423706054688
808.4732666015625
769.14306640625
733.9813232421875
704.3554077148438
676.6129150390625
651.5101318359375
628.5919189453125
607.20263671875
587.26123046875
568.5768432617188
551.1286010742188
534.66748046875
518.898193359375
503.5754699707031
488.5826721191406
473.245849609375
457.4090270996094
444.9858703613281
434.0382080078125
423.8201599121094
414.167236328125
404.8612976074219
395.8287658691406
387.20574951171875
379.0008544921875
371.14288330078125
363.601318359375
356.366943359375
349.41644287109375
342.6504821777344
336.1142578125
329.9500732421875
324.02410888671875
