1499.9986572265625
1500.0
1500.0
1500.0
1500.0
1500.0
1499.9998779296875
1500.0
1500.0
1500.0
1500.0
1500.0
1500.0
1500.0
1500.0
1500.0
1500.0
1500.0
1500.0
1500.0
1500.0
1500.0
1500.0
1500.0
1500.0
1500.0
1500.0
1500.0
1500.0
1500.0
1500.0
1500.0
100.0
100.0
100.0
100.0
100.0
100.0
1500.0
1500.0
1499.99951171875
1500.0
1500.0
1500.0
1500.0
1500.0
1500.0
1500.0
1500.0
1500.0
1500.0
1499.9998779296875
1500.0
1500.0
1500.0
1500.0
1499.971435546875
1500.0
1500.0
1500.0
1500.0
1500.0
1500.0
1499.9998779296875
1499.9996337890625
1499.9908447265625
1499.9998779296875
1499.999755859375
1445.3212890625
1389.6009521484375
1338.7283935546875
1290.4112548828125
1244.2696533203125
1200.5567626953125
1159.046142578125
1118.9039306640625
1080.222412109375
1048.32958984375
1018.9545288085938
985.5485229492188
945.8067626953125
892.3464965820312
836.3372192382812
766.64990234375
720.6853637695312
698.216064453125
676.8367919921875
654.9033813476562
632.9441528320312
610.9876708984375
589.007080078125
567.3873901367188
546.52490234375
