1499.9998779296875
1500.0
1500.0
1500.0
1500.0
1500.0
1500.0
1500.0
1500.0
1500.0
1499.970703125
1500.0
1500.0
1500.0
1500.0
1500.0
1500.0
1500.0
1500.0
1500.0
1500.0
1500.0
1500.0
1500.0
1500.0
1500.0
1500.0
1500.0
1500.0
1500.0
1500.0
1500.0
100.0
100.0
100.0
100.0
100.0
100.0
1500.0
1500.0
1500.0
1500.0
1500.0
1500.0
1459.9083251953125
1383.7222900390625
1310.5264892578125
1239.7861328125
1171.5213623046875
1105.694580078125
1042.3585205078125
981.7105102539062
923.970947265625
869.2199096679688
817.510009765625
768.6763916015625
722.9520263671875
680.1779174804688
640.1771240234375
602.7725219726562
567.7828979492188
535.0187377929688
504.4257507324219
475.883056640625
449.2858581542969
424.5499267578125
401.5794372558594
379.9693603515625
359.99066162109375
341.3695373535156
323.96435546875
307.65472412109375
292.3746643066406
277.6138916015625
263.7216796875
251.25411987304688
239.4690704345703
228.3289031982422
217.81614685058594
207.80389404296875
198.2917938232422
189.3916015625
181.02699279785156
173.13087463378906
165.65631103515625
158.5543975830078
151.79200744628906
145.37484741210938
139.2969512939453
133.5354766845703
128.05859375
122.8472900390625
