1500.0
1500.0
1500.0
1500.0
1500.0
1500.0
1500.0
1500.0
1500.0
1500.0
1500.0
1500.0
1500.0
1500.0
1500.0
1500.0
1500.0
1500.0
1500.0
1500.0
1500.0
1500.0
1500.0
1500.0
1500.0
1500.0
1500.0
1487.3841552734375
1383.46044921875
1280.9544677734375
1183.420166015625
1090.20654296875
100.0
100.0
100.0
100.0
100.0
100.0
1327.9781494140625
1238.1046142578125
1131.6585693359375
1026.0289306640625
923.3214111328125
827.5975952148438
743.54541015625
670.4636840820312
604.9296264648438
546.3523559570312
494.2217102050781
448.7563781738281
410.2757568359375
377.7945556640625
349.3370361328125
324.37103271484375
304.117919921875
287.6377868652344
273.6551208496094
261.44366455078125
250.57473754882812
240.7531280517578
231.82484436035156
223.72279357910156
216.3637237548828
209.6600799560547
203.50697326660156
197.80857849121094
192.5261993408203
187.6156463623047
183.02308654785156
178.69754028320312
174.59327697753906
170.68795776367188
166.95140075683594
163.3231201171875
159.78192138671875
156.31239318847656
152.92681884765625
149.6276397705078
146.41567993164062
143.28758239746094
140.23512268066406
137.28671264648438
134.45265197753906
131.72508239746094
129.08499145507812
126.524169921875
124.11331176757812
121.90899658203125
119.92451477050781
118.12294006347656
116.54468536376953
115.13677978515625
