1499.999755859375
1500.0
1500.0001220703125
1500.0
1500.0
1499.9998779296875
1500.0
1500.0
1500.0
1500.0
1500.0
1500.0
1500.0
1500.0
1500.0
1500.0
1500.0
1500.0
1500.0
1500.0
1500.0
1500.0
1500.0
1500.0
1500.0
1500.0
1500.0
1500.0
1500.0
1500.0
1500.0
1500.0
100.0
100.0
100.0
100.0
100.0
100.0
1499.9302978515625
1440.9620361328125
1341.1268310546875
1278.9783935546875
1227.974365234375
1181.711181640625
1137.56689453125
1094.2003173828125
1050.77783203125
1007.0383911132812
963.27392578125
920.8848266601562
880.0922241210938
840.5828247070312
801.9822998046875
764.3407592773438
727.641357421875
691.9547729492188
657.388427734375
624.0692138671875
592.08154296875
561.4141845703125
532.2127685546875
504.43231201171875
478.0328674316406
452.9200744628906
429.0498962402344
406.3172302246094
384.8031921386719
364.4880676269531
345.16082763671875
326.87042236328125
309.810302734375
292.86602783203125
277.5687561035156
263.4603271484375
250.07904052734375
237.5342559814453
225.76312255859375
214.68960571289062
204.26687622070312
194.37869262695312
185.1392059326172
176.45518493652344
168.3179168701172
160.69334411621094
153.5386199951172
146.82713317871094
140.52630615234375
134.59120178222656
129.00595092773438
123.7470474243164
118.79642486572266
114.11810302734375
