1499.9998779296875
1500.0206298828125
1499.9998779296875
1500.0
1500.0
1500.0
1500.0
1500.0
1500.0
1500.0
1500.0
1500.0
1487.2674560546875
1461.3297119140625
1437.5452880859375
1412.81298828125
1385.2274169921875
1354.4664306640625
1321.0029296875
1285.4783935546875
1248.6090087890625
1210.60302734375
1171.45654296875
1131.3111572265625
1090.498291015625
1049.376220703125
1008.5160522460938
968.693603515625
929.10205078125
889.4420166015625
848.3335571289062
808.3275756835938
100.0
100.0
100.0
100.0
100.0
100.0
1023.620849609375
857.8265991210938
777.8091430664062
721.563232421875
675.7158813476562
633.3922729492188
592.4771118164062
552.78955078125
514.0499267578125
476.69537353515625
439.0908508300781
403.7547912597656
371.32928466796875
341.7417907714844
314.79681396484375
290.3763732910156
268.2766418457031
248.23141479492188
229.986328125
213.36309814453125
198.21780395507812
184.3900909423828
171.9041748046875
160.69126892089844
150.6636962890625
141.68658447265625
133.6428985595703
126.42819213867188
119.9767837524414
114.2882080078125
109.28691101074219
104.9317626953125
101.17486572265625
97.95997619628906
95.22689056396484
92.93732452392578
91.04209899902344
89.49772644042969
88.33030700683594
87.51441955566406
87.03977966308594
86.90058135986328
87.0193099975586
86.97317504882812
86.78469848632812
86.40824890136719
85.84949493408203
85.13372802734375
84.31489562988281
83.40253448486328
82.41492462158203
81.43831634521484
80.51856231689453
79.6763687133789
