1499.9998779296875
1500.0
1500.0
1500.0
1500.0
1500.0
1500.0
1500.0
1500.0
1500.0
1500.0
1500.0
1500.0
1500.0
1499.9998779296875
1500.0
1500.0
1500.0
1500.0
1500.0
1500.0
1500.0
1500.0
1500.0
1500.0
1500.0
1500.0
1500.0
1500.0
1500.0
1500.0
1500.0
100.0
100.0
100.0
100.0
100.0
100.0
1500.0
1398.0137939453125
1266.7864990234375
1181.598388671875
1110.52783203125
1046.25732421875
986.3934326171875
930.1542358398438
876.6520385742188
825.2246704101562
776.1190795898438
729.7343139648438
686.0809326171875
645.0244750976562
606.3690795898438
569.9149169921875
535.575439453125
503.2971496582031
473.07391357421875
444.8134765625
418.3799133300781
393.6896667480469
370.6286315917969
349.10150146484375
329.0076904296875
310.2533874511719
292.54608154296875
276.1834716796875
261.035888671875
246.91436767578125
233.7479705810547
220.9305877685547
209.01190185546875
198.129150390625
188.13412475585938
178.79351806640625
170.05714416503906
161.87564086914062
154.1985626220703
146.98756408691406
140.2074432373047
133.8285369873047
127.8232192993164
122.16361236572266
116.82481384277344
111.79145812988281
107.05533599853516
102.57672119140625
98.33292388916016
94.31221771240234
90.50035858154297
86.88365936279297
83.44977569580078
80.18887329101562
