1500.0
1500.0
1500.0
1500.0
1500.0
1500.0
1500.0
1500.0
1500.0
1500.0
1500.0
1500.0
1500.0
1500.0
1500.0
1500.0
1500.0
1500.0
1500.0
1500.0
1500.0
1500.0
1500.0
1500.0
1500.0
1500.0
1500.0
1500.0
1500.0
1500.0
1500.0
1500.0
100.0
100.0
100.0
100.0
100.0
100.0
1500.0
1500.0
1500.0
1500.0
1500.0
1500.0
1500.0
1499.0126953125
1394.384033203125
1298.49169921875
1212.17041015625
1135.010498046875
1064.1468505859375
998.3421020507812
936.6248168945312
879.5185546875
825.7638549804688
776.79443359375
731.2525634765625
688.1057739257812
649.8721313476562
615.84375
584.4383544921875
554.9594116210938
529.6962280273438
505.50970458984375
480.68017578125
455.0845642089844
429.15264892578125
404.9225769042969
382.8039245605469
362.3609313964844
343.118408203125
334.193603515625
325.7068786621094
310.2956848144531
296.07220458984375
282.3863220214844
268.9321594238281
259.5482177734375
250.88832092285156
242.2227020263672
234.28106689453125
226.0010223388672
217.2556610107422
207.91650390625
197.86666870117188
187.2042236328125
176.50987243652344
166.60360717773438
157.31640625
148.38124084472656
139.80184936523438
132.1649627685547
129.2870635986328
