1499.9996337890625
1500.0
1500.0
1500.0
1500.0
1500.0
1500.0
1500.0
1500.0
1500.0
1500.0
1500.0
1500.0
1500.0
1499.9998779296875
1500.0
1500.0
1500.0
1500.0
1500.0
1500.0
1500.0
1500.0
1500.0
1500.0
1500.0
1500.0
1500.0
1500.0
1500.0
1500.0
1500.0
100.0
100.0
100.0
100.0
100.0
100.0
1500.0
1500.0
1500.0
1500.0
1500.0
1500.0
1500.0
1500.0
1500.0
1500.0
1500.0
1447.8837890625
1344.1754150390625
1252.08447265625
1168.8988037109375
1093.2694091796875
1025.755126953125
965.5198364257812
911.4593505859375
862.6441040039062
818.231201171875
777.7520751953125
740.8711547851562
707.7537841796875
678.198486328125
651.6370849609375
627.3900756835938
604.9443359375
583.907470703125
564.1124267578125
545.4342651367188
527.8344116210938
511.37908935546875
496.27349853515625
482.42657470703125
469.444091796875
456.9860534667969
444.8263244628906
432.86968994140625
421.2602844238281
410.16973876953125
399.57855224609375
389.3954772949219
379.7570495605469
370.6844177246094
362.0332946777344
353.683837890625
345.5625305175781
337.52423095703125
329.5331726074219
321.78515625
314.5766296386719
307.8846130371094
301.5621032714844
