1499.9998779296875
1500.0
1500.0
1500.0
1500.0
1500.0
1500.0
1500.0
1500.0
1500.0
1500.0
1499.9998779296875
1500.0
1500.0
1500.0
1500.0
1500.0
1500.0
1500.0
1500.0
1500.0
1500.0
1500.0
1500.0
1500.0
1500.0
1500.0
1500.0
1500.0
1500.0
1500.0
1500.0
100.0
100.0
100.0
100.0
100.0
100.0
1500.0
1500.0
1500.0
1500.0
1500.0
1500.0
1500.0
1500.0
1500.0
1500.0
1432.415771484375
1345.0555419921875
1271.909912109375
1204.6307373046875
1141.8194580078125
1082.9932861328125
1028.4332275390625
978.0895385742188
931.0491943359375
888.5216064453125
849.3873901367188
813.1891479492188
779.4526977539062
747.5476684570312
716.8815307617188
687.5040893554688
659.4833374023438
636.6070556640625
615.8658447265625
595.9742431640625
576.5222778320312
559.7011108398438
543.7689208984375
528.7587280273438
514.3480834960938
500.3559875488281
486.6723327636719
473.2117919921875
459.9461669921875
446.9037780761719
433.819091796875
422.835205078125
411.6712646484375
401.33453369140625
392.1985168457031
383.76129150390625
375.6792907714844
367.93743896484375
360.51214599609375
353.34002685546875
346.3625183105469
339.6159973144531
333.1890869140625
327.03253173828125
