1500.0
1500.0
1500.0
1500.0
1500.0
1500.0
1500.0
1500.0
1500.0
1500.0
1500.0
1500.0
1500.0
1500.0
1500.0
1500.0
1500.0
1500.0
1500.0
1500.0
1500.0
1500.0
1500.0
1500.0
1500.0
1500.0
1500.0
1500.0
1451.055419921875
1396.5418701171875
1345.06982421875
1295.1619873046875
100.0005111694336
100.0
100.0
100.0
100.0
100.0
1312.8104248046875
1126.7197265625
1049.7540283203125
1000.4501342773438
960.2479248046875
923.3709716796875
887.4651489257812
851.641357421875
815.6653442382812
779.8099975585938
744.2490844726562
709.135009765625
674.6390380859375
640.9725952148438
608.4682006835938
577.3576049804688
547.6727905273438
519.2459106445312
491.8705749511719
465.66607666015625
440.6261291503906
416.88629150390625
394.40667724609375
373.1036682128906
352.9443664550781
333.9947509765625
315.31622314453125
298.56805419921875
282.5589904785156
267.7588195800781
253.7399444580078
240.43194580078125
228.03099060058594
216.3675537109375
205.38999938964844
194.96946716308594
185.17198181152344
176.01988220214844
167.4163360595703
159.31195068359375
151.69097900390625
144.5474395751953
137.8535919189453
131.58099365234375
125.70315551757812
120.19387817382812
115.02640533447266
110.16373443603516
105.59367370605469
101.28948974609375
97.22769927978516
93.39855194091797
89.7912826538086
86.3917007446289
