1499.999755859375
1496.90966796875
1500.0
1500.0
1500.0
1500.0
1500.0
1500.0
1500.0
1500.0
1500.0
1500.0
1500.0
1500.0
1500.0
1500.0
1500.0
1500.0
1500.0
1500.0
1500.0
1500.0
1500.0
1500.0
1500.0
1500.0
1500.0
1482.78759765625
1436.4801025390625
1389.994384765625
1342.6129150390625
1294.087158203125
99.99996948242188
100.0
100.0
100.0
100.0
100.0
1405.9390869140625
1265.989990234375
1198.1939697265625
1153.6385498046875
1113.8201904296875
1072.9947509765625
1029.912353515625
985.233642578125
940.7456665039062
897.2467651367188
854.459228515625
811.9701538085938
769.7765502929688
729.1419677734375
690.4351806640625
653.9390258789062
620.1556396484375
588.8892822265625
559.84326171875
532.8115844726562
507.4762268066406
483.772216796875
461.49951171875
440.4571838378906
420.5579833984375
401.8279113769531
384.0722351074219
367.0899353027344
350.92962646484375
336.01519775390625
322.58978271484375
310.18316650390625
298.5208740234375
287.3440246582031
276.4454040527344
266.13397216796875
256.6638488769531
248.01785278320312
239.86279296875
231.82443237304688
224.06021118164062
216.57200622558594
209.40769958496094
202.61607360839844
196.15750122070312
190.3739776611328
185.26756286621094
180.6549530029297
176.3606414794922
172.2874298095703
168.3952178955078
164.73880004882812
161.35302734375
158.2509002685547
