1499.998779296875
1287.604736328125
1145.451904296875
1064.8707275390625
1027.0545654296875
1002.9037475585938
985.5309448242188
972.4122924804688
960.1103515625
944.8701171875
928.9594116210938
913.8381958007812
899.0906372070312
883.8225708007812
868.79931640625
853.6344604492188
837.5152587890625
819.5442504882812
799.5138549804688
777.643310546875
754.5910034179688
731.3036499023438
708.9790649414062
686.5675048828125
664.3856811523438
642.3773193359375
620.262451171875
598.080078125
575.8182373046875
553.515380859375
531.2313232421875
508.95904541015625
100.0
100.0
100.0
100.0
100.0
100.0
480.66131591796875
447.6343078613281
422.03594970703125
401.5594177246094
383.03778076171875
365.3501892089844
348.0809326171875
331.11090087890625
314.3887939453125
298.0803527832031
282.31201171875
267.12835693359375
252.5803985595703
238.63751220703125
225.324951171875
212.66123962402344
200.65415954589844
189.32229614257812
178.6715087890625
168.67376708984375
159.28492736816406
150.46702575683594
142.1864471435547
134.4120635986328
127.11097717285156
120.21761322021484
113.75300598144531
110.6546401977539
107.64860534667969
101.92076110839844
96.6565170288086
91.61408233642578
87.0139389038086
82.73853302001953
78.7575912475586
75.0371322631836
71.56401824951172
68.31572723388672
65.15254211425781
62.16543960571289
59.43781280517578
56.896484375
54.49867630004883
52.2178840637207
50.058509826660156
48.023353576660156
46.101417541503906
44.283748626708984
42.56317138671875
40.931949615478516
39.38478469848633
37.916465759277344
36.522804260253906
35.198177337646484
33.93750762939453
