1500.0
1500.0
1500.0
1500.0
1500.0
1500.0
1500.0
1500.0
1500.0
1500.0
1500.0
1500.0
1500.0
1500.0
1500.0
1500.0
1500.0
1500.0
1500.0
1500.0
1500.0
1500.0
1500.0
1500.0
1500.0
1500.0
1500.0
1500.0
1500.0
1500.0
1500.0
1500.0
100.0
100.0
100.0
100.0
100.0
100.0
1500.0
1500.0
1500.0
1500.0
1500.0
1500.0
1500.0
1500.0
1500.0
1500.0
1500.0
1500.0
1500.0
1500.0
1500.0
1500.0
1500.0
1500.0
1500.0
1500.0
1500.0
1500.0
1500.0
1500.0
1500.0
1500.0
1500.0
1500.0
1495.5062255859375
1437.9140625
1386.629150390625
1336.52099609375
1286.4952392578125
1238.3612060546875
1193.03515625
1148.5347900390625
1103.7196044921875
1059.8223876953125
1016.3446044921875
975.229248046875
940.2896118164062
909.2329711914062
880.4612426757812
853.0180053710938
826.7171020507812
801.7799682617188
777.7343139648438
753.94921875
730.4267578125
707.2564697265625
684.6575317382812
663.619873046875
645.1321411132812
628.531982421875
