10.467864990234375
12.278899192810059
9.49908447265625
8.194100379943848
7.743997097015381
7.545725345611572
7.37729549407959
7.259997844696045
7.175091743469238
7.111115455627441
7.014102458953857
6.929088115692139
6.887725353240967
6.891540050506592
6.9383978843688965
7.02639102935791
7.149359226226807
7.300868034362793
7.434347629547119
7.569881439208984
7.725099086761475
7.923233985900879
8.187850952148438
8.541852951049805
9.001836776733398
9.580314636230469
10.261645317077637
11.020895957946777
11.851875305175781
12.723877906799316
13.689886093139648
14.849748611450195
1.4803545475006104
1.593292236328125
1.7632079124450684
1.9458903074264526
2.11783766746521
2.2807295322418213
24.762187957763672
23.868940353393555
24.810317993164062
26.236753463745117
28.054523468017578
29.820472717285156
31.498170852661133
33.15441131591797
34.75586700439453
36.229331970214844
37.555301666259766
38.74103927612305
39.80470657348633
40.74678039550781
41.580013275146484
42.324710845947266
42.99213409423828
43.598575592041016
44.1823844909668
44.625770568847656
44.96982192993164
45.25664520263672
45.516361236572266
45.758888244628906
45.96331787109375
46.113525390625
46.203330993652344
46.236244201660156
46.2256965637207
46.13005065917969
45.95501708984375
45.76019287109375
45.557315826416016
45.36146545410156
45.18373489379883
45.02393341064453
44.88288879394531
44.761268615722656
44.66175079345703
44.58549880981445
44.57868957519531
44.60612487792969
44.62525177001953
44.64739990234375
44.67586898803711
44.71018600463867
44.750797271728516
44.799686431884766
44.85871124267578
44.92665481567383
45.001365661621094
45.082149505615234
45.169281005859375
45.263370513916016
