0.11118559539318085
0.12030354887247086
0.13365651667118073
0.14650575816631317
0.14975503087043762
0.15056580305099487
0.15134379267692566
0.15211373567581177
0.15279367566108704
0.15348201990127563
0.15420906245708466
0.1549626737833023
0.15593042969703674
0.15687863528728485
0.15794998407363892
0.15885598957538605
0.1596950739622116
0.16052646934986115
0.16144652664661407
0.16250064969062805
0.16371892392635345
0.16512127220630646
0.16669955849647522
0.16841335594654083
0.17037564516067505
0.17265500128269196
0.17526856064796448
0.17812727391719818
0.1811680644750595
0.18444836139678955
0.18792593479156494
0.19162245094776154
0.01111594494432211
0.010290822014212608
0.009962256997823715
0.009784894995391369
0.00967841874808073
0.009600479155778885
0.17028044164180756
0.18067601323127747
0.186813622713089
0.19217036664485931
0.19768215715885162
0.20363135635852814
0.212591752409935
0.22456225752830505
0.23791535198688507
0.251941442489624
0.2667737901210785
0.2714071571826935
0.26526978611946106
0.25909096002578735
0.252944678068161
0.24683831632137299
0.2407500445842743
0.23468096554279327
0.22867350280284882
0.22254662215709686
0.21628215909004211
0.21005704998970032
0.20383694767951965
0.19758158922195435
0.191392719745636
0.18541860580444336
0.17959116399288177
0.17394320666790009
0.1684504896402359
0.16306591033935547
0.15775753557682037
0.15259231626987457
0.14753416180610657
0.14285114407539368
0.13885580003261566
0.1354333460330963
0.13238729536533356
0.12949979305267334
0.1271037608385086
0.12524321675300598
0.12380330264568329
0.12271729111671448
0.12191750109195709
0.12135584652423859
0.12106548994779587
0.1209714412689209
0.12097334861755371
0.12113973498344421
0.12235420942306519
0.12463613599538803
0.12788257002830505
0.13198286294937134
0.13694699108600616
0.14259593188762665
