1500.0
1500.0
1500.0
1500.0
1500.0115966796875
1500.0
1500.0
1500.0
1500.0
1500.0
1500.0
1499.9998779296875
1497.1529541015625
1457.3873291015625
1410.80517578125
1372.5384521484375
1341.6685791015625
1314.39306640625
1287.38037109375
1258.9613037109375
1226.055419921875
1192.0882568359375
1156.3568115234375
1121.125
1084.3060302734375
1049.274169921875
1014.9501953125
977.0175170898438
935.0989990234375
892.6500854492188
848.9591064453125
807.5950927734375
100.0
100.0
100.0
100.0
100.0
100.0
1059.7254638671875
765.2000732421875
709.3091430664062
685.5449829101562
665.8151245117188
646.47900390625
626.60546875
606.18505859375
585.7430419921875
565.8035278320312
546.5466918945312
527.9025268554688
509.8819274902344
492.3656005859375
475.2702941894531
458.56829833984375
442.2368469238281
426.26129150390625
410.6937561035156
395.56951904296875
380.9439697265625
366.9467468261719
353.6475830078125
341.0723571777344
329.1674499511719
317.8648681640625
307.1749572753906
296.9858703613281
287.12957763671875
277.545654296875
268.26483154296875
259.3006591796875
250.714111328125
242.50442504882812
234.66714477539062
227.2146759033203
220.14735412597656
213.45872497558594
207.14926147460938
201.19134521484375
195.5624542236328
190.24432373046875
185.22068786621094
180.47039794921875
175.9689483642578
171.69888305664062
167.64637756347656
163.79421997070312
160.20986938476562
156.7974853515625
153.54226684570312
150.4527587890625
147.50894165039062
144.68551635742188
