1500.0
1500.0
1500.0
1500.0081787109375
1500.0
1500.0
1500.0
1500.0
1500.0
1500.0
1500.0
1500.0
1500.0
1500.0
1500.0
1500.0
1500.0
1500.0
1500.0
1500.0
1500.0
1500.0
1500.0
1500.0
1500.0
1500.0
1500.0
1500.0
1500.0
1500.0
1500.0
1500.0
100.0
100.0
100.0
100.0
100.0
100.0
1500.0
1500.0
1500.0
1500.0
1500.0
1500.0
1500.0
1500.0
1500.0
1500.0
1500.0
1500.0
1491.4991455078125
1414.9930419921875
1342.56201171875
1276.4732666015625
1213.9228515625
1153.9951171875
1095.87255859375
1038.6395263671875
983.7058715820312
930.8632202148438
879.896240234375
832.3250122070312
787.6915283203125
744.9776611328125
705.248779296875
668.9427490234375
633.7177124023438
598.8469848632812
566.8448486328125
536.8118286132812
507.02203369140625
477.3686828613281
452.6214294433594
430.0368957519531
408.5730895996094
388.5032958984375
369.4613952636719
351.6293029785156
334.6280822753906
318.1717529296875
302.2547912597656
287.8380126953125
275.3857727050781
264.4153137207031
255.46066284179688
247.07020568847656
239.1149444580078
231.54579162597656
224.37283325195312
217.40890502929688
210.4637908935547
203.4325714111328
