1500.0
1500.0
1500.0
1499.25537109375
1500.0
1500.0
1500.0
1500.0
1500.0
1500.0
1500.0
1500.0
1500.0
1500.0
1500.0
1500.0
1500.0
1500.0
1500.0
1500.0
1500.0
1500.0
1500.0
1500.0
1500.0
1500.0
1500.0
1500.0
1500.0
1500.0
1500.0
1500.0
100.0
100.0
100.0
100.0
100.0
100.0
1500.0
1500.0
1500.0
1500.0
1500.0
1500.0
1500.0
1500.0
1500.0
1500.0
1500.0
1455.09521484375
1373.039794921875
1296.6614990234375
1226.2911376953125
1160.7099609375
1095.3623046875
1031.4268798828125
970.1322021484375
913.4851684570312
859.377197265625
809.0101318359375
763.821533203125
722.500244140625
681.4185791015625
639.7149658203125
604.646484375
573.9324340820312
543.5109252929688
513.0603637695312
482.7825927734375
452.90673828125
425.75701904296875
401.7057800292969
379.5444030761719
359.2260437011719
339.4693298339844
319.3905334472656
298.61181640625
277.776611328125
257.39642333984375
237.953125
222.54641723632812
214.48016357421875
205.2005615234375
196.48028564453125
189.29226684570312
182.72982788085938
176.41799926757812
170.2604522705078
164.24839782714844
158.66429138183594
153.04710388183594
147.04962158203125
