1500.0
1440.798828125
1067.4356689453125
982.6760864257812
942.8330688476562
909.3748168945312
879.154296875
855.0374755859375
831.701171875
811.525634765625
791.954833984375
772.2213134765625
752.2789306640625
732.9111938476562
716.233642578125
701.6380004882812
687.8009033203125
674.3214721679688
660.6558227539062
646.5594482421875
633.5709838867188
620.9743041992188
607.9067993164062
594.1658325195312
579.8635864257812
568.3533325195312
559.0104370117188
550.1423950195312
541.2534790039062
531.3604736328125
520.6160888671875
508.1810302734375
100.0000228881836
100.0
100.0
100.0
100.0
100.0
731.5690307617188
563.4191284179688
478.4166564941406
437.4825439453125
413.16961669921875
395.569580078125
381.2143249511719
368.96136474609375
360.1568603515625
351.95111083984375
344.0916748046875
336.2098693847656
328.62603759765625
321.18804931640625
314.2923278808594
307.45947265625
300.56463623046875
293.62762451171875
286.6564025878906
279.6507568359375
272.58013916015625
265.46600341796875
258.3168640136719
251.16592407226562
244.07391357421875
237.0382843017578
230.111328125
223.3009033203125
216.62698364257812
210.04176330566406
203.55661010742188
197.22032165527344
191.08804321289062
185.18284606933594
179.6437225341797
174.378173828125
169.22059631347656
164.16697692871094
159.21910095214844
154.40335083007812
149.7657928466797
145.3284454345703
141.03671264648438
136.9062957763672
132.93101501464844
129.10821533203125
125.44636535644531
121.9383316040039
118.57638549804688
115.36117553710938
112.29185485839844
109.37154388427734
106.62503051757812
104.03790283203125
