1500.0
1500.0
1500.0
1500.0
1500.0
1500.0
1500.0
1500.0
1500.0
1500.0
1500.0
1500.0
1500.0
1500.0
1500.0
1500.0
1500.0
1500.0
1500.0
1500.0
1500.0
1500.0
1500.0
1500.0
1500.0
1500.0
1500.0
1500.0
1500.0
1500.0
1500.0
1500.0
100.0
100.0
100.0
100.0
100.0
100.0
1500.0
1500.0
1500.0
1500.0
1500.0
1500.0
1500.0
1500.0
1500.0
1500.0
1500.0
1500.0
1500.0
1500.0
1500.0
1500.0
1500.0
1500.0
1500.0
1500.0
1500.0
1500.0
1500.0
1500.0
1500.0
1499.999755859375
1500.0
1499.99755859375
1500.0
1500.0
1500.0
1499.9998779296875
1499.9998779296875
1500.0
1499.999267578125
1499.99951171875
1499.9990234375
1499.9998779296875
1500.0
1499.9993896484375
1500.0
1453.7733154296875
1402.4150390625
1350.351806640625
1300.8616943359375
1257.8326416015625
1216.7879638671875
1175.993896484375
1135.0948486328125
1095.451416015625
1058.7684326171875
1024.53662109375
993.4097900390625
965.4326171875
