1499.9998779296875
1500.0
1500.0
1500.05322265625
1500.0
1500.0
1500.0
1500.0
1500.0
1500.0
1500.0
1500.0
1500.0
1500.0
1500.0
1500.0
1500.0
1500.0
1500.0
1500.0
1500.0
1500.0
1500.0
1500.0
1500.0
1500.0
1500.0
1500.0
1500.0
1500.0
1500.0
1500.0
100.0
100.0
100.0
100.0
100.0
100.0
1500.0
1500.0
1500.0
1500.0
1500.0
1500.0
1500.0
1500.0
1500.0
1500.0
1500.0
1500.0
1500.0
1500.0
1500.0
1475.1884765625
1405.1041259765625
1338.7161865234375
1274.7518310546875
1213.2337646484375
1153.8206787109375
1096.4674072265625
1041.336181640625
988.4652709960938
937.8801879882812
889.577880859375
843.5938720703125
799.8658447265625
758.2796630859375
718.7827758789062
681.4275512695312
646.2025756835938
612.9765014648438
581.348388671875
551.7066040039062
523.7164916992188
497.2085876464844
472.16595458984375
448.51458740234375
426.1953430175781
405.1827087402344
384.371826171875
365.5087890625
348.3956298828125
332.1508483886719
316.6983337402344
301.9346923828125
288.2087707519531
275.34454345703125
263.2457580566406
251.8081512451172
241.0182342529297
230.8302764892578
221.1932373046875
