1500.0
1323.6456298828125
1119.40380859375
1049.384033203125
1023.5801391601562
1008.797119140625
996.4730834960938
983.5051879882812
970.8624267578125
958.5582275390625
945.6834716796875
933.46875
922.3429565429688
912.025146484375
901.7606811523438
891.189208984375
880.48974609375
869.7677612304688
859.0542602539062
848.3331909179688
837.1685180664062
825.3374633789062
812.292724609375
797.7186889648438
781.5994873046875
764.0874633789062
745.661376953125
727.1526489257812
709.7764282226562
692.2562255859375
675.19580078125
658.546142578125
100.0
100.0
100.0
100.0
100.0
100.0
672.7957153320312
619.2800903320312
589.1973876953125
570.8800659179688
556.5196533203125
543.4114990234375
530.4673461914062
517.2836303710938
503.70050048828125
489.4743347167969
474.9907531738281
460.33612060546875
445.8437194824219
431.8618469238281
417.7605895996094
403.52239990234375
389.4114990234375
375.5754089355469
362.0078125
348.7040710449219
335.6706237792969
322.8624572753906
310.30316162109375
298.0837707519531
286.2735595703125
274.901123046875
264.004638671875
253.64199829101562
243.8566131591797
234.48484802246094
225.47793579101562
216.83705139160156
208.5402069091797
200.57984924316406
192.95938110351562
185.65345764160156
178.3904266357422
171.3090362548828
164.74249267578125
158.52767944335938
152.63522338867188
147.050537109375
141.75669860839844
136.71871948242188
131.9212188720703
127.34752655029297
122.97950744628906
118.81501007080078
114.84434509277344
111.06546783447266
107.4451675415039
104.0096435546875
100.74844360351562
97.64309692382812
