1500.0
1500.0
1500.0
1500.0
1500.0003662109375
1500.0
1500.0
1500.0
1499.9998779296875
1499.9998779296875
1499.9998779296875
1499.9998779296875
1499.9996337890625
1499.99951171875
1499.999755859375
1499.999755859375
1499.9998779296875
1500.0
1499.99853515625
1499.9984130859375
1500.0
1499.99609375
1499.99560546875
1500.0
1499.9974365234375
1499.99755859375
1499.9981689453125
1499.99560546875
1500.0
1499.9998779296875
1499.9901123046875
1499.9923095703125
99.79161071777344
100.0
100.0
100.0
100.0
100.0
1500.0
1500.0
1500.0
1500.0
1500.0
1500.0
1500.0
1500.0
1500.0
1500.0
1500.0
1500.0
1500.0
1500.0
1500.0
1500.0
1473.350830078125
1436.177978515625
1402.5679931640625
1369.4517822265625
1336.7557373046875
1303.931640625
1270.76025390625
1237.3787841796875
1203.90380859375
1170.4674072265625
1137.393310546875
1104.599609375
1072.1241455078125
1040.6793212890625
1009.9473876953125
979.828369140625
950.2684936523438
921.6156005859375
893.640625
866.8373413085938
840.6401977539062
815.10302734375
790.294189453125
766.2825317382812
743.136474609375
720.8467407226562
699.5042724609375
679.16845703125
659.5468139648438
640.6824340820312
622.66162109375
605.3441772460938
588.725341796875
572.7155151367188
557.2755126953125
542.4293212890625
528.179931640625
514.5264892578125
