1500.0
1500.0
1500.0
1500.0
1500.0
1500.0
1500.0
1500.0
1500.0
1500.0
1500.0
1500.0
1500.0
1500.0
1500.0
1500.0
1500.0
1500.0
1500.0
1500.0
1500.0
1500.0
1500.0
1500.0
1500.0
1500.0
1500.0
1500.0
1500.0
1500.0
1500.0
1500.0
100.0
100.0
100.0
100.0
100.0
100.0
1500.0
1500.0
1500.0
1500.0
1500.0
1500.0
1500.0
1500.0
1500.0
1500.0
1500.0
1500.0
1500.0
1500.0
1500.0
1500.0
1500.0
1500.0
1500.0
1500.0
1500.0
1500.0
1458.405517578125
1415.1409912109375
1373.7838134765625
1333.7054443359375
1294.7608642578125
1257.033203125
1220.4493408203125
1184.8980712890625
1150.3115234375
1116.5826416015625
1083.6922607421875
1051.9105224609375
1021.2625732421875
991.8060913085938
963.5732421875
936.6068115234375
910.77392578125
885.9443969726562
862.1273803710938
839.1775512695312
817.0442504882812
795.669921875
774.9920043945312
754.9239501953125
735.4487915039062
716.5419311523438
698.1801147460938
680.4434814453125
663.5791015625
647.5814819335938
632.2706298828125
617.5079956054688
