1500.0
1500.0
1500.0
1500.0
1500.0
1500.0
1500.0
1500.0
1500.0
1500.0
1500.0
1500.0
1500.0
1500.0
1500.0
1500.0
1500.0
1500.0
1500.0
1500.0
1500.0
1500.0
1500.0
1500.0
1500.0
1500.0
1500.0
1500.0
1500.0
1500.0
1500.0
1500.0
100.0
100.0
100.0
100.0
100.0
100.0
1500.0
1500.0
1500.0
1500.0
1500.0
1500.0
1500.0
1500.0
1500.0
1500.0
1500.0
1467.1282958984375
1369.308837890625
1280.12548828125
1199.317138671875
1130.0224609375
1065.2252197265625
1002.40234375
938.30322265625
876.3456420898438
817.4569702148438
765.0972900390625
722.2916259765625
683.24462890625
645.7349243164062
610.3329467773438
576.4909057617188
542.9366455078125
510.3310852050781
479.1607666015625
449.1790771484375
422.3961181640625
399.5725402832031
378.3216247558594
357.6468200683594
337.83660888671875
319.86724853515625
303.0935974121094
287.080078125
272.9691467285156
259.9469909667969
247.26661682128906
234.55197143554688
221.73207092285156
209.32138061523438
200.7499542236328
192.73019409179688
185.06593322753906
180.50074768066406
176.9903106689453
173.21177673339844
169.2481231689453
165.12387084960938
160.93492126464844
