1499.9998779296875
1500.0
1101.8992919921875
969.58447265625
931.9092407226562
903.4385986328125
877.125244140625
851.6450805664062
827.823486328125
805.3274536132812
786.4866943359375
769.1505737304688
752.2754516601562
735.3634033203125
717.9654541015625
700.9301147460938
685.0691528320312
669.2769775390625
654.0426635742188
639.4862670898438
626.4554443359375
614.3875732421875
602.2208862304688
589.2883911132812
575.734375
561.1797485351562
547.5952758789062
536.69873046875
527.8485107421875
519.361083984375
509.7304992675781
499.1438903808594
100.0
100.0
100.0
100.0
100.0
100.0
803.7518310546875
586.1643676757812
492.0734558105469
444.8570556640625
418.6737365722656
400.5345153808594
386.9486083984375
375.54290771484375
366.96435546875
358.1468200683594
349.82720947265625
341.5769958496094
333.77178955078125
325.773681640625
317.6592712402344
309.55511474609375
302.72479248046875
295.7760314941406
288.7542724609375
281.6765441894531
274.563232421875
267.4466247558594
260.35137939453125
253.28607177734375
246.28573608398438
239.3350372314453
232.4492645263672
225.68223571777344
219.05519104003906
212.59397888183594
206.33168029785156
200.2478485107422
194.34390258789062
188.6497802734375
183.16094970703125
177.85606384277344
172.7166748046875
167.79074096679688
163.18026733398438
158.71307373046875
154.40394592285156
150.29624938964844
146.3519287109375
142.57589721679688
138.93392944335938
135.42625427246094
132.05812072753906
128.8297882080078
125.71807861328125
122.71466827392578
119.81732177734375
117.03117370605469
114.35417938232422
111.77778625488281
