1499.9937744140625
1500.0
1500.0
1500.0
1500.0
1500.0
1500.0
1500.0
1500.0
1500.0
1500.0
1500.0
1500.0
1500.0
1500.0
1500.0
1500.0
1500.0
1500.0
1500.0
1500.0
1500.0
1500.0
1500.0
1500.0
1500.0
1500.0
1500.0
1500.0
1500.0
1500.0
1500.0
100.0
100.0
100.0
100.0
100.0
100.0
1499.9998779296875
1500.0
1500.0
1500.0
1500.0
1500.0
1500.0001220703125
1500.0001220703125
1500.0
1500.0
1500.0
1500.0
1500.0
1500.0
1500.0
1500.0
1500.0
1500.0
1500.0
1500.0
1499.9998779296875
1500.0
1500.0
1500.0
1499.9998779296875
1499.9998779296875
1499.999755859375
1499.9998779296875
1500.0
1500.0
1500.0
1458.6141357421875
1406.8245849609375
1357.7666015625
1310.734130859375
1266.020751953125
1223.8321533203125
1184.3089599609375
1147.518798828125
1113.3128662109375
1081.390869140625
1051.4161376953125
1023.0199584960938
996.1744384765625
970.9388427734375
947.114013671875
924.5493774414062
903.056396484375
882.4375610351562
862.6411743164062
843.677490234375
825.644287109375
808.5711669921875
792.380615234375
776.9974365234375
