1499.999755859375
1500.0
1500.000244140625
1500.0
1500.0
1500.0
1500.0
1500.0
1500.0
1500.0
1500.0
1500.0
1500.0
1500.0
1500.0
1500.0
1500.0
1499.9998779296875
1500.0
1500.0
1500.0
1500.0
1500.0
1500.0
1500.0
1500.0
1500.0
1500.0
1500.0
1500.0
1500.0
1500.0
100.0
100.0
100.0
100.0
100.0
100.0
1500.0
1500.0
1500.0
1500.0
1500.0
1500.0
1500.0
1500.0
1500.0
1385.030029296875
1282.3565673828125
1187.2906494140625
1099.0447998046875
1014.9368896484375
945.9022216796875
880.1375122070312
817.0247192382812
760.8486328125
732.05517578125
701.2656860351562
639.8440551757812
575.9716796875
509.59637451171875
482.24041748046875
458.23114013671875
435.5023498535156
408.0110168457031
376.99249267578125
372.0511169433594
357.0653381347656
331.6127624511719
311.6639099121094
296.1712951660156
283.5580749511719
272.6373291015625
262.8166809082031
253.6675567626953
244.9037322998047
236.48294067382812
228.32029724121094
220.4925994873047
213.09400939941406
206.11444091796875
200.4833221435547
195.30599975585938
190.2928924560547
185.42724609375
180.72154235839844
176.1763916015625
171.78195190429688
167.53114318847656
163.33131408691406
159.22914123535156
155.2713165283203
151.44961547851562
