1500.0
1500.0
1500.0
1490.856201171875
1500.0
1500.0
1500.0
1500.0
1500.0
1500.0
1500.0
1500.0
1500.0
1500.0
1499.9998779296875
1500.0
1500.0
1500.0
1500.0
1500.0
1500.0
1500.0
1500.0
1499.9993896484375
1363.847900390625
1201.84912109375
1086.7957763671875
1009.7529907226562
963.8388061523438
919.2094116210938
872.3050537109375
830.104248046875
100.0
100.0
100.0
100.0
100.0
100.0
898.8092651367188
872.888427734375
846.297119140625
792.375244140625
742.6787719726562
697.0421752929688
654.7991333007812
615.8889770507812
580.6429443359375
549.75146484375
523.280029296875
500.62347412109375
480.5535888671875
462.13739013671875
444.8675842285156
428.4904479980469
412.89642333984375
398.0225830078125
388.4596252441406
383.7732238769531
370.5048828125
358.0422668457031
346.0965881347656
334.6067810058594
323.5658874511719
313.0097961425781
303.1151428222656
293.7366638183594
284.79974365234375
276.29547119140625
268.2097473144531
260.5331115722656
253.22694396972656
246.22933959960938
239.50814819335938
233.01809692382812
226.8145294189453
220.88758850097656
215.19357299804688
209.71502685546875
204.4523468017578
199.4315643310547
194.66729736328125
190.0720977783203
185.65682983398438
181.42584228515625
177.36781311035156
173.47528076171875
169.7425537109375
166.1623992919922
162.72434997558594
159.4271697998047
156.2493896484375
153.18426513671875
150.2269744873047
147.36904907226562
