1499.99951171875
1500.0
1500.0
1500.0
1500.0
1500.0
1500.0
1500.0
1500.0
1500.0
1500.0
1500.0
1500.0
1500.0
1500.0
1500.0
1500.0
1500.0
1500.0
1500.0
1500.0
1499.9998779296875
1500.0
1500.0
1500.0
1500.0
1500.0
1500.0
1500.0
1500.0
1500.0
1500.0
100.0
100.0
100.0
100.0
100.0
100.0
1500.0
1500.0
1500.0
1500.0
1500.0
1500.0
1500.0
1500.0
1500.0
1500.0
1500.0
1500.0
1500.0
1500.0
1500.0
1500.0
1500.0
1500.0
1500.0
1500.0
1500.0
1500.0
1500.0
1500.0
1500.0
1500.0
1500.0
1500.0
1500.0
1500.0
1499.9912109375
1499.997314453125
1500.0
1500.0
1451.6473388671875
1398.040771484375
1350.6788330078125
1305.362548828125
1273.2540283203125
1237.414794921875
1196.850830078125
1153.4124755859375
1108.3857421875
1061.45458984375
1012.9981079101562
962.3118896484375
917.4356079101562
877.0631713867188
838.4409790039062
821.760986328125
798.9171752929688
774.3709716796875
750.08837890625
727.02294921875
704.2512817382812
681.4251098632812
