1499.9998779296875
1500.0
1500.0
1500.0
1500.0
1500.0
1500.0
1500.0
1500.0
1500.0
1500.0
1500.0
1500.0
1500.0
1500.0
1500.0
1500.0
1500.0
1500.0
1500.0
1500.0
1500.0
1500.0
1500.0
1500.0
1500.0
1500.0
1500.0
1500.0
1500.0
1500.0
1500.0
100.0
100.0
100.0
100.0
100.0
100.0
1500.0
1500.0
1500.0
1500.0
1500.0
1500.0
1500.0
1500.0
1500.0
1496.8486328125
1434.85107421875
1373.6136474609375
1312.369384765625
1251.5948486328125
1192.260009765625
1134.7738037109375
1079.1976318359375
1025.52880859375
973.7562866210938
924.0379028320312
876.4970703125
853.4859008789062
830.9205322265625
787.818359375
747.1109619140625
708.7470703125
672.389404296875
637.8935546875
605.7516479492188
575.5911254882812
546.9376220703125
518.8641357421875
493.7658386230469
469.99639892578125
447.21527099609375
425.9845275878906
406.1451416015625
387.4810485839844
369.9331970214844
353.39617919921875
337.8021545410156
323.10662841796875
309.22247314453125
296.1248474121094
283.81072998046875
272.2130432128906
261.1718444824219
250.67529296875
240.8097686767578
231.54824829101562
222.7890167236328
214.461669921875
206.554443359375
199.04312133789062
191.90028381347656
