1500.0
1500.0
1500.0
1500.0
1500.0
1500.0
1500.0
1500.0
1500.0
1500.0
1500.0
1500.0
1500.0
1500.0
1500.0
1500.0
1500.0
1500.0
1500.0
1500.0
1500.0
1500.0
1500.0
1500.0
1500.0
1500.0
1500.0
1500.0
1500.0
1500.0
1500.0
1500.0
100.0
100.0
100.0
100.0
100.0
100.0
1500.0
1500.0
1500.0
1500.0
1500.0
1500.0
1500.0
1500.0
1500.0
1500.0
1500.0
1500.0
1500.0
1500.0
1500.0
1500.0
1500.0
1500.0
1499.9945068359375
1429.9117431640625
1350.83154296875
1258.0765380859375
1166.911865234375
1086.78955078125
1008.9332885742188
932.5836791992188
857.6187744140625
780.166259765625
730.5211791992188
687.2176513671875
639.17041015625
604.4067993164062
578.32421875
555.947998046875
535.62646484375
517.1323852539062
500.0079650878906
483.0890197753906
465.422607421875
447.387451171875
429.8045959472656
414.2759704589844
400.2218933105469
387.3873291015625
375.1841125488281
363.3369445800781
352.0428771972656
341.40667724609375
331.4119873046875
321.9620056152344
313.0537414550781
304.6496887207031
296.6537780761719
289.0108947753906
281.68682861328125
