1344.888427734375
1014.3264770507812
785.81298828125
659.3167724609375
621.1578979492188
599.22705078125
579.9109497070312
561.5228881835938
543.0996704101562
525.1500854492188
507.1098327636719
490.3758544921875
475.7796630859375
462.4073486328125
449.40313720703125
436.6659851074219
424.2701110839844
414.4372863769531
405.7882080078125
396.9051208496094
387.3945007324219
377.2809753417969
366.6308898925781
355.3446960449219
343.4314270019531
331.3466491699219
321.699951171875
312.2181091308594
302.42767333984375
291.98406982421875
280.8018798828125
268.9720458984375
100.0
100.0
100.0
100.0
100.0
100.0
343.8580322265625
250.69020080566406
232.36370849609375
223.7134552001953
218.1316680908203
214.3327178955078
211.2740478515625
208.2400665283203
204.9398193359375
201.1370849609375
196.87001037597656
192.0418701171875
186.74285888671875
181.13116455078125
175.36497497558594
169.57940673828125
163.86224365234375
158.26300048828125
152.80783081054688
147.57713317871094
142.51409912109375
137.6366424560547
132.93824768066406
128.4167022705078
124.10261535644531
119.9905776977539
116.15007019042969
112.49528503417969
108.98361206054688
105.63407897949219
102.44615936279297
99.41143035888672
96.52405548095703
93.7724380493164
91.14859771728516
88.65592956542969
86.29345703125
84.04008483886719
81.88945007324219
79.83354949951172
77.86956787109375
75.99557495117188
74.20624542236328
72.50108337402344
70.86540222167969
69.2984619140625
67.79463958740234
66.37398529052734
65.015380859375
63.70610427856445
62.45751953125
61.25395202636719
60.09368896484375
58.973751068115234
