1500.0
1499.99951171875
1499.9998779296875
1500.0
1500.0
1500.0
1500.0
1500.0
1500.0
1500.0
1500.0
1500.0
1500.0
1500.0
1500.0
1500.0
1500.0
1500.0
1500.0
1500.0
1500.0
1500.0
1500.0
1500.0
1500.0
1500.0
1500.0
1500.0
1500.0
1500.0
1500.0
1500.0
100.0
100.0
100.0
100.0
100.0
100.0
1500.0
1496.3267822265625
1373.0113525390625
1320.427490234375
1285.85595703125
1255.528076171875
1225.9176025390625
1195.8636474609375
1164.7449951171875
1132.5721435546875
1099.4971923828125
1065.4339599609375
1030.651611328125
995.4829711914062
960.473388671875
925.56005859375
890.7228393554688
856.0759887695312
821.7765502929688
788.078369140625
755.0872192382812
722.8033447265625
691.2924194335938
660.7057495117188
631.17822265625
602.8287963867188
575.685302734375
549.74560546875
525.0036010742188
501.3749084472656
478.75946044921875
457.044189453125
436.3264465332031
416.5259704589844
397.6372985839844
379.4187927246094
361.3814697265625
344.8500061035156
329.29278564453125
314.6485900878906
300.72149658203125
287.51519775390625
274.93804931640625
262.8000183105469
251.28077697753906
240.3641815185547
229.9877471923828
220.14515686035156
210.81253051757812
201.9533233642578
193.4253692626953
185.34783935546875
177.720458984375
170.48475646972656
