1499.999267578125
1500.0
1500.0
1500.0
1500.0
1500.0
1500.0
1500.0
1500.0
1500.0
1500.0
1500.0
1500.0
1500.0
1500.0
1500.0
1500.0
1500.0
1500.0
1500.0
1500.0
1500.0
1500.0
1500.0
1500.0
1500.0
1500.0
1500.0
1500.0
1500.0
1500.0
1500.0
100.0
100.0
100.0
100.0
100.0
100.0
1500.0
1500.0
1500.0
1500.0
1500.0
1500.0
1500.0
1500.0
1500.0
1500.0
1500.0
1500.0
1500.0
1500.0
1491.71435546875
1428.0560302734375
1368.733642578125
1312.0625
1257.3709716796875
1204.640380859375
1153.8516845703125
1105.0211181640625
1058.28857421875
1014.168701171875
972.7442626953125
933.7440795898438
896.8480224609375
861.7696533203125
828.106689453125
795.6419067382812
764.3684692382812
734.2168579101562
705.1761474609375
677.1947021484375
650.5263671875
625.4019775390625
601.90576171875
579.8159790039062
558.9400634765625
539.159423828125
520.4340209960938
502.34356689453125
485.2911376953125
469.36956787109375
454.298095703125
440.0491027832031
426.5476989746094
413.75750732421875
401.6333923339844
390.17828369140625
379.4019775390625
369.3125
359.92413330078125
351.2222900390625
343.1581115722656
