1499.9998779296875
1500.0
1500.0
1500.0
1500.0
1500.0
1500.0
1500.0
1500.0
1500.0
1500.0
1500.0
1500.0
1500.0
1500.0
1500.0
1500.0
1500.0
1500.0
1500.0
1500.0
1500.0
1500.0
1500.0
1500.0
1500.0
1500.0
1500.0
1500.0
1500.0
1500.0
1500.0
100.0
100.0
100.0
100.0
100.0
100.0
1500.0
1500.0
1500.0
1500.0
1500.0
1500.0
1500.0
1500.0
1500.0
1500.0
1500.0
1500.0
1500.0
1432.6177978515625
1368.54052734375
1306.8133544921875
1247.0208740234375
1189.08056640625
1133.03466796875
1078.9376220703125
1026.82568359375
976.6837158203125
928.7854614257812
883.06884765625
839.7847900390625
798.7740478515625
759.9663696289062
723.1820678710938
688.3148803710938
655.1688842773438
623.6546020507812
593.9636840820312
565.4554443359375
538.1260375976562
512.9205932617188
489.45733642578125
467.1756591796875
446.2095947265625
426.4955749511719
407.9153137207031
390.4017333984375
373.8880920410156
358.1775207519531
343.2945251464844
329.0827941894531
315.7576599121094
303.3148193359375
291.4877624511719
280.251708984375
269.5917053222656
259.4425964355469
249.7794647216797
240.60272216796875
231.9091033935547
223.62693786621094
