1500.0
1500.0
1500.0001220703125
1500.0
1500.0
1500.0
1500.0
1500.0
1500.0
1500.0
1500.0
1500.0
1500.0
1500.0
1500.0
1500.0
1500.0
1500.0
1500.0
1500.0
1500.0
1500.0
1500.0
1500.0
1500.0
1500.0
1500.0
1500.0
1500.0
1500.0
1500.0
1500.0
100.0
100.0
100.0
100.0
100.0
100.0
1500.0
1500.0
1500.0
1500.0
1500.0
1500.0
1489.9986572265625
1376.0162353515625
1268.243896484375
1169.2047119140625
1079.2672119140625
998.1387329101562
925.48974609375
862.2429809570312
807.0335083007812
759.4900512695312
716.41455078125
676.2466430664062
639.59521484375
605.4990844726562
573.413330078125
555.913330078125
543.6221923828125
518.2716674804688
494.0362854003906
471.4552307128906
450.0028076171875
429.5951843261719
408.7009582519531
387.60028076171875
367.62451171875
348.3182373046875
329.75543212890625
312.1405334472656
297.9320068359375
284.09368896484375
269.8870544433594
255.74559020996094
242.55198669433594
231.0967559814453
220.60804748535156
209.36473083496094
197.95179748535156
186.39010620117188
175.62246704101562
164.9435272216797
158.28993225097656
154.40748596191406
149.1728973388672
143.5039520263672
137.68075561523438
131.8415985107422
125.70013427734375
119.91191864013672
115.17436218261719
