1500.0
1334.9478759765625
1035.46142578125
955.7073974609375
911.59716796875
876.7118530273438
847.0303344726562
818.9677124023438
794.0469360351562
770.0092163085938
746.689208984375
725.0400390625
706.6336669921875
689.9987182617188
673.76806640625
657.0809326171875
639.6665649414062
623.10986328125
606.4563598632812
589.39208984375
573.310302734375
560.4396362304688
548.9886474609375
537.1813354492188
524.00732421875
509.3009338378906
492.90533447265625
475.3038330078125
456.91473388671875
438.5189208984375
420.41448974609375
401.25
99.99999237060547
100.0
100.0
100.0
100.0
100.0
548.1365966796875
404.9452819824219
360.572265625
335.8842468261719
323.71624755859375
313.3457946777344
303.9424133300781
295.1007385253906
286.6145935058594
278.3612976074219
270.19964599609375
262.0070495605469
253.76788330078125
245.5095977783203
237.25047302246094
229.0665740966797
221.0791015625
213.24620056152344
205.56373596191406
198.04344177246094
190.76123046875
183.78834533691406
177.360107421875
171.15652465820312
165.1633758544922
159.3526611328125
153.73753356933594
148.35523986816406
143.1970977783203
138.21067810058594
133.4183807373047
128.83009338378906
124.46175384521484
120.31029510498047
116.37757873535156
112.6673355102539
109.17406463623047
105.94584655761719
102.88417053222656
99.9820785522461
97.22525024414062
94.62120056152344
92.16279602050781
89.83946990966797
87.64217376708984
85.56195831298828
83.58621978759766
81.7054443359375
79.91726684570312
78.21587371826172
76.59127044677734
75.04670715332031
73.57938385009766
72.180419921875
