1499.999267578125
1500.0
1500.0
1500.0
1500.0
1500.0
1500.0
1500.0
1500.0
1500.0
1500.0
1500.0
1500.0
1500.0
1500.0
1500.0
1500.0
1500.0
1500.0
1500.0
1500.0
1500.0
1500.0
1500.0
1500.0
1500.0
1500.0
1500.0
1500.0
1500.0
1500.0
1500.0
100.0
100.0
100.0
100.0
100.0
100.0
1500.0
1500.0
1500.0
1500.0
1500.0
1500.0
1500.0
1500.0
1500.0
1500.0
1497.6683349609375
1427.813720703125
1364.7275390625
1306.42138671875
1252.092041015625
1201.6295166015625
1154.389892578125
1131.6190185546875
1109.519775390625
1067.8868408203125
1028.7061767578125
991.7614135742188
956.9566650390625
924.3312377929688
893.3442993164062
863.806396484375
835.2954711914062
807.6969604492188
781.0082397460938
755.1661987304688
730.5485229492188
707.2467041015625
685.2049560546875
664.4786376953125
644.9763793945312
626.5480346679688
609.0162963867188
592.3167724609375
576.42333984375
561.2890014648438
546.834716796875
532.9799194335938
519.46240234375
506.19927978515625
493.1898498535156
480.4052734375
467.8656005859375
455.54736328125
443.4817810058594
431.8763732910156
421.1688537597656
411.2908630371094
402.1866149902344
393.7103576660156
385.75213623046875
