1500.0
1500.0010986328125
1499.999755859375
1500.0
1500.0
1500.0
1499.9998779296875
1500.0
1500.0
1500.0
1500.0
1499.9998779296875
1500.0
1500.0
1500.0
1485.3251953125
1466.4510498046875
1447.291259765625
1426.64697265625
1403.401123046875
1377.049560546875
1347.9840087890625
1316.813720703125
1284.3426513671875
1251.4884033203125
1218.5206298828125
1185.5146484375
1152.479248046875
1119.3214111328125
1086.2003173828125
1052.99169921875
1019.7328491210938
100.0
100.0
100.0
100.0
100.0
100.0
1401.7215576171875
1203.1785888671875
1084.4971923828125
996.3578491210938
939.805419921875
894.427490234375
854.1515502929688
815.9766235351562
778.07958984375
740.1859130859375
701.7021484375
663.3007202148438
626.8333129882812
592.2546997070312
558.7579345703125
526.5825805664062
495.9593200683594
470.7975769042969
455.8520202636719
448.8852233886719
431.0680236816406
415.5734558105469
401.2418212890625
385.7396240234375
370.7705383300781
356.38653564453125
342.49713134765625
329.0738525390625
316.21978759765625
303.7398986816406
291.33209228515625
278.88250732421875
266.41448974609375
253.99732971191406
241.83262634277344
230.02682495117188
218.79843139648438
208.27772521972656
199.9435577392578
192.85414123535156
186.36221313476562
180.33714294433594
174.7890625
169.5111541748047
164.40269470214844
159.43948364257812
154.59970092773438
149.8939666748047
145.32762145996094
141.07785034179688
137.14620971679688
133.45445251464844
129.96487426757812
126.65161895751953
123.52890014648438
120.55736541748047
