1499.999755859375
1500.0
1500.0
1500.0
1500.0
1500.0
1500.0
1500.0
1500.0
1499.998779296875
1500.0
1500.0
1500.0
1500.0
1500.0
1500.0
1500.0
1500.0
1500.0
1500.0
1500.0
1500.0
1500.0
1500.0
1499.1910400390625
1453.50830078125
1410.081298828125
1366.630615234375
1323.0927734375
1279.5633544921875
1235.675048828125
1191.7413330078125
100.0
100.0
100.0
100.0
100.0
100.0
1354.27001953125
1259.7803955078125
1195.70947265625
1137.4173583984375
1092.144775390625
1048.5321044921875
1004.0264282226562
958.5276489257812
912.5977172851562
867.9387817382812
824.3179321289062
781.5819702148438
740.8668212890625
702.1915893554688
665.4073486328125
630.6463623046875
598.0895385742188
568.0718383789062
553.8216552734375
540.0137939453125
513.876220703125
489.07427978515625
466.2535095214844
445.5804443359375
426.7381896972656
409.4183044433594
393.56982421875
379.47833251953125
366.72998046875
355.00592041015625
344.1034240722656
334.04412841796875
324.7726745605469
316.0782165527344
308.08746337890625
300.8209228515625
294.205078125
287.90972900390625
281.7268371582031
275.6011962890625
269.53814697265625
263.5559387207031
257.67041015625
251.91993713378906
246.31982421875
240.86940002441406
235.56484985351562
230.39324951171875
225.4171600341797
220.60092163085938
215.9462432861328
211.44541931152344
207.069580078125
202.80027770996094
198.66714477539062
194.73825073242188
