1499.9998779296875
1415.435791015625
1027.9893798828125
940.4445190429688
900.8277587890625
866.5474853515625
833.6441650390625
804.6155395507812
780.1871337890625
758.2646484375
736.8422241210938
714.88525390625
693.8939819335938
673.7080078125
654.4927368164062
636.2220458984375
618.935302734375
602.9749145507812
586.6642456054688
569.3358764648438
551.4197998046875
536.5980834960938
524.5595092773438
512.6051635742188
499.5299987792969
485.5987243652344
470.8323974609375
454.97149658203125
437.7535095214844
418.7728271484375
399.9903564453125
381.86016845703125
100.0
100.0
100.0
100.0
100.0
100.0
529.1282958984375
404.6072998046875
370.9268798828125
338.0563659667969
324.12060546875
313.7243347167969
305.2096252441406
297.21240234375
289.3167724609375
281.3217468261719
273.15875244140625
264.8541259765625
256.4588928222656
248.05972290039062
239.69943237304688
231.42388916015625
223.3260040283203
215.44667053222656
207.83834838867188
200.4811553955078
193.39051818847656
186.58584594726562
180.09774780273438
173.89553833007812
167.96279907226562
162.43179321289062
157.21653747558594
152.23646545410156
147.50450134277344
142.9871063232422
138.6791229248047
134.55686950683594
130.63531494140625
126.89301300048828
123.30708312988281
119.87025451660156
116.57989501953125
113.43698120117188
110.42508697509766
107.54234313964844
104.78453826904297
102.1407470703125
99.60333251953125
97.16827392578125
94.83304595947266
92.5945053100586
90.45028686523438
88.39875030517578
86.45930480957031
84.62482452392578
82.86557006835938
81.180908203125
79.56504821777344
78.01596069335938
76.52922058105469
