1499.9998779296875
1500.0
1500.0
1500.0
1500.0
1500.0
1500.0
1500.0
1500.0
1500.0
1500.0
1500.0
1500.0
1500.0
1500.0
1500.0
1500.0
1500.0
1500.0
1500.0
1500.0
1500.0
1500.0
1500.0
1500.0
1500.0
1500.0
1500.0
1500.0
1500.0
1500.0
1500.0
100.0
100.0
100.0
100.0
100.0
100.0
1500.0
1499.999755859375
1500.0
1500.0
1500.0
1500.0
1500.0
1500.0
1500.0
1500.0
1500.0
1500.0
1500.0
1500.0
1500.0
1500.0
1500.0
1500.0
1500.0
1499.8629150390625
1356.0069580078125
1283.546630859375
1224.2576904296875
1175.6275634765625
1127.5980224609375
1079.7833251953125
1031.0545654296875
982.6885375976562
936.2297973632812
891.3978881835938
849.1751708984375
807.603515625
772.7233276367188
750.3143920898438
726.6912231445312
703.4803466796875
679.2509155273438
654.9732666015625
630.6515502929688
606.7041625976562
583.1525268554688
558.7592163085938
537.7559204101562
527.0455932617188
512.9259033203125
497.5025329589844
482.5922546386719
467.4336242675781
448.5035400390625
432.66558837890625
420.76690673828125
410.66650390625
401.1482238769531
391.94134521484375
382.97119140625
