1500.0
1500.0
1500.0
1500.0
1500.0
1500.0
1500.0
1500.0
1500.0
1500.0
1500.0
1500.0
1500.0
1500.0
1500.0
1500.0
1500.0
1500.0
1500.0
1500.0
1500.0
1500.0
1500.0
1500.0
1500.0
1500.0
1500.0
1500.0
1500.0
1500.0
1500.0
1500.0
99.9999771118164
100.0
100.0
100.0
100.0
100.0
1500.0
1500.0
1500.0
1500.0
1500.0
1500.0
1500.0
1500.0
1500.0
1500.0
1500.0
1500.0
1500.0
1500.0
1500.0
1500.0
1500.0
1500.0
1500.0
1500.0
1500.0
1500.0
1500.0
1499.9998779296875
1453.981201171875
1408.3885498046875
1364.794189453125
1322.193115234375
1280.4505615234375
1239.52734375
1199.64599609375
1160.8935546875
1123.4189453125
1087.3043212890625
1052.5263671875
1019.10791015625
987.093994140625
956.3501586914062
926.71337890625
898.1016845703125
870.4494018554688
843.465087890625
817.2019653320312
791.7018432617188
766.96337890625
742.9647216796875
719.68603515625
697.1223754882812
675.2232666015625
654.019775390625
633.9188232421875
614.9390258789062
596.9513549804688
579.8114624023438
