2079.238525390625
2046.9288330078125
2009.899169921875
2033.97119140625
2081.207763671875
2066.354248046875
2056.60009765625
2050.892822265625
2046.0076904296875
2044.3331298828125
2043.42529296875
2053.679931640625
2067.98291015625
2084.179443359375
2105.903564453125
2127.40478515625
2141.00634765625
2162.486572265625
2184.67138671875
2207.853271484375
2236.199462890625
2281.06591796875
2338.3134765625
2405.841064453125
2484.834716796875
2577.70263671875
2692.59326171875
2844.28076171875
3016.201904296875
3232.553466796875
3256.665771484375
3121.628662109375
102.49910736083984
103.64457702636719
104.57421875
105.39823913574219
106.21297454833984
107.00981903076172
1625.1563720703125
2465.939697265625
2443.255859375
2429.52490234375
2567.902099609375
2670.1689453125
2738.060791015625
2780.61279296875
2816.087158203125
2852.6748046875
2885.685302734375
2914.015869140625
2929.998779296875
2934.8076171875
2928.83642578125
2910.0595703125
2881.816650390625
2846.96044921875
2807.4052734375
2763.478515625
2718.3544921875
2675.27587890625
2634.203857421875
2594.37158203125
2555.5224609375
2516.0478515625
2477.11279296875
2439.2373046875
2402.566162109375
2368.41650390625
2337.283203125
2309.18115234375
2282.865234375
2258.263427734375
2233.774658203125
2208.730224609375
2183.029541015625
2156.548583984375
2128.66748046875
2099.83056640625
2070.987060546875
2042.65234375
2014.4560546875
1986.237060546875
1957.91259765625
1929.4554443359375
1900.5736083984375
1871.2183837890625
1841.4522705078125
1811.431640625
1781.3182373046875
1751.157470703125
1721.017822265625
1690.96240234375
