19.198915481567383
18.718263626098633
16.852943420410156
14.651236534118652
13.005809783935547
11.896149635314941
11.137446403503418
10.592100143432617
10.190999984741211
9.888108253479004
9.662115097045898
9.495516777038574
9.365983963012695
9.247157096862793
9.148618698120117
9.07004165649414
9.015451431274414
8.986742973327637
8.983189582824707
9.006463050842285
9.053934097290039
9.121647834777832
9.226605415344238
9.373406410217285
9.553911209106445
9.764724731445312
10.004061698913574
10.269973754882812
10.562633514404297
10.879319190979004
11.218530654907227
11.612303733825684
2.0633671283721924
1.65719735622406
1.5092624425888062
1.478747010231018
1.4887021780014038
1.5156983137130737
14.63476848602295
15.388816833496094
15.62765884399414
16.114273071289062
16.71657943725586
17.426179885864258
18.230487823486328
19.108259201049805
20.0192813873291
20.93194580078125
21.780460357666016
22.58934783935547
23.401630401611328
24.212554931640625
25.009510040283203
25.786500930786133
26.549182891845703
27.35717010498047
28.14168930053711
28.888002395629883
29.593265533447266
30.254209518432617
30.884904861450195
31.45526885986328
31.948169708251953
32.35017013549805
32.65895462036133
32.89163589477539
33.06395721435547
33.18513870239258
33.264217376708984
33.30729675292969
33.31834411621094
33.312294006347656
33.29099655151367
33.25216293334961
33.196773529052734
33.13093948364258
33.06053161621094
32.98520278930664
32.906856536865234
32.82758331298828
32.74980926513672
32.67226028442383
32.596920013427734
32.525779724121094
32.45988845825195
32.39985656738281
32.345367431640625
32.29610061645508
32.25103759765625
32.210533142089844
32.176300048828125
32.17400360107422
