0.007844015955924988
0.008570163510739803
0.009466752409934998
0.010361521504819393
0.011171507649123669
0.011487721465528011
0.011583522893488407
0.011655749753117561
0.011724622920155525
0.011792769655585289
0.01187131367623806
0.01193773653358221
0.012004389427602291
0.012107178568840027
0.012213198468089104
0.012302141636610031
0.012386305257678032
0.012475473806262016
0.01257119607180357
0.012681368738412857
0.012829147279262543
0.013022820465266705
0.013252075761556625
0.013508372008800507
0.013782534748315811
0.014068079181015491
0.014361010864377022
0.01465858519077301
0.01491499412804842
0.015175120905041695
0.015446679666638374
0.015726979821920395
0.0008878830121830106
0.0008720631012693048
0.0008761527133174241
0.0008826647535897791
0.0008878933731466532
0.0008914379868656397
0.015611170791089535
0.016104362905025482
0.01636173389852047
0.016568314284086227
0.016795998439192772
0.017057377845048904
0.017353951930999756
0.017683235928416252
0.018043600022792816
0.01842980459332466
0.01884026639163494
0.01927906833589077
0.019750965759158134
0.02024638094007969
0.02076885476708412
0.021329496055841446
0.0217583030462265
0.022171052172780037
0.02258889190852642
0.023011205717921257
0.023430736735463142
0.023848172277212143
0.024263206869363785
0.024677220731973648
0.02508763037621975
0.025485044345259666
0.025868332013487816
0.026227377355098724
0.0265615526586771
0.02687940001487732
0.02718476951122284
0.027478337287902832
0.02775929868221283
0.028027711436152458
0.028283674269914627
0.02852720394730568
0.028759274631738663
0.028979726135730743
0.029188405722379684
0.029385020956397057
0.029580306261777878
0.0297753494232893
0.029968859627842903
0.030154665932059288
0.03032606653869152
0.03048596903681755
0.030634401366114616
0.030773118138313293
0.030901171267032623
0.031017865985631943
0.031120548024773598
0.031207572668790817
0.031281087547540665
0.031341589987277985
