0.007688701152801514
0.008561454713344574
0.009641174226999283
0.01076632458716631
0.01108208391815424
0.011182932183146477
0.01124357059597969
0.011312544345855713
0.011384973302483559
0.011491690762341022
0.011595775373280048
0.011704402975738049
0.01181783340871334
0.011908008717000484
0.011991007253527641
0.012075475417077541
0.012168576940894127
0.01228451170027256
0.012417806312441826
0.012570522725582123
0.012751301750540733
0.012960431165993214
0.013194694183766842
0.01345124188810587
0.013726422563195229
0.014015516266226768
0.014295403845608234
0.014547538012266159
0.014809224754571915
0.01508469320833683
0.015365519560873508
0.01564950682222843
0.00083327223546803
0.0007921604556031525
0.0007886450039222836
0.00079403689596802
0.0008010925375856459
0.0008077491074800491
0.014954019337892532
0.015591268427670002
0.015853838995099068
0.016043776646256447
0.01626165211200714
0.01653117686510086
0.016847921535372734
0.01719946414232254
0.0175763089209795
0.017971357330679893
0.018385298550128937
0.018809376284480095
0.019226979464292526
0.019639480859041214
0.020049741491675377
0.020466294139623642
0.020886654034256935
0.021318579092621803
0.021736973896622658
0.02208605967462063
0.02241184376180172
0.022729365155100822
0.023031726479530334
0.023313578218221664
0.023588765412569046
0.023110372945666313
0.022597121074795723
0.022104276344180107
0.021622860804200172
0.021149376407265663
0.02068336121737957
0.020225588232278824
0.019773220643401146
0.01932583935558796
0.01888429932296276
0.01844770461320877
0.018018698319792747
0.017599735409021378
0.01719113625586033
0.016792740672826767
0.016404079273343086
0.016025742515921593
0.015658456832170486
0.01530156098306179
0.01495378278195858
0.01461472176015377
0.01428393367677927
0.013960916548967361
0.013645040802657604
0.013335741125047207
0.01303328201174736
0.012737755663692951
0.012449316680431366
0.01216732058674097
