0.15765103697776794
0.17118129134178162
0.19545726478099823
0.20601622760295868
0.20773936808109283
0.20839957892894745
0.20903782546520233
0.20969106256961823
0.2103351354598999
0.2109767347574234
0.21159590780735016
0.2121945172548294
0.21303142607212067
0.21394722163677216
0.21481318771839142
0.21546289324760437
0.21603065729141235
0.2166772484779358
0.2175155133008957
0.21866051852703094
0.21983356773853302
0.22096455097198486
0.2220861315727234
0.22328685224056244
0.22461196780204773
0.2262251228094101
0.22809149324893951
0.23029553890228271
0.23306778073310852
0.23621949553489685
0.23954658210277557
0.24300895631313324
0.011719205416738987
0.010827871970832348
0.010698736645281315
0.01071857288479805
0.01071980968117714
0.010715032927691936
0.22190047800540924
0.2341645509004593
0.23909108340740204
0.24421608448028564
0.24992677569389343
0.2560326159000397
0.2623469829559326
0.26873666048049927
0.27513039112091064
0.28538453578948975
0.29796692728996277
0.31174471974372864
0.32647958397865295
0.3423800766468048
0.35962554812431335
0.37809374928474426
0.3747608959674835
0.36748817563056946
0.3603626489639282
0.35328614711761475
0.34630778431892395
0.33936938643455505
0.3323087990283966
0.32511836290359497
0.3178337812423706
0.3104872703552246
0.30324769020080566
0.29609668254852295
0.28901195526123047
0.2813580334186554
0.27364611625671387
0.2658275067806244
0.2579876482486725
0.250385046005249
0.2437128871679306
0.23950253427028656
0.2392760068178177
0.24181130528450012
0.24624566733837128
0.25187817215919495
0.25837019085884094
0.26525697112083435
0.2724945843219757
0.28056612610816956
0.28851646184921265
0.2924852669239044
0.29654642939567566
0.3050263226032257
0.314080148935318
0.3233602046966553
0.3328353762626648
0.34278589487075806
0.3518185615539551
0.3596789240837097
0.36783546209335327
