0.02444893680512905
0.02686929889023304
0.03027741238474846
0.03326671943068504
0.033867619931697845
0.03409627079963684
0.034366197884082794
0.034538302570581436
0.03469341993331909
0.0348469540476799
0.034988194704055786
0.0351325199007988
0.0353083461523056
0.03548302873969078
0.03570931777358055
0.03596464917063713
0.03622864931821823
0.03648632392287254
0.03673327714204788
0.03699076548218727
0.03729899227619171
0.0376841239631176
0.03814089670777321
0.03866206482052803
0.039238687604665756
0.039853475987911224
0.04052538052201271
0.04124436527490616
0.04200320318341255
0.042795561254024506
0.04363308474421501
0.04452028498053551
0.0023402986116707325
0.002193340566009283
0.0021537162829190493
0.0021486300975084305
0.002156101632863283
0.002167970174923539
0.04135551303625107
0.04424474015831947
0.04570384323596954
0.04678681865334511
0.047854576259851456
0.04902774468064308
0.050327178090810776
0.051748406141996384
0.05326671898365021
0.05483770743012428
0.056416869163513184
0.05760928988456726
0.058797333389520645
0.059885334223508835
0.060972221195697784
0.06201985105872154
0.06300655007362366
0.06395777314901352
0.06488565355539322
0.06579405069351196
0.06666970252990723
0.06749927997589111
0.06824786961078644
0.06889664381742477
0.06950212270021439
0.0700765997171402
0.0702136754989624
0.0677807480096817
0.0655268207192421
0.06334363669157028
0.06117250770330429
0.05900644510984421
0.0568801648914814
0.05478104576468468
0.0527227483689785
0.050681836903095245
0.04867418482899666
0.046681441366672516
0.04442426562309265
0.04204946011304855
0.03998696058988571
0.03816002607345581
0.03680622950196266
0.03599855303764343
0.03538040071725845
0.03490138053894043
0.03454902768135071
0.03432902693748474
0.03569637984037399
0.039765916764736176
0.04380958154797554
0.04780812934041023
0.051767755299806595
0.05563920736312866
