0.16042988002300262
0.1785677671432495
0.20304737985134125
0.2077304720878601
0.20866695046424866
0.20946907997131348
0.21023894846439362
0.21099123358726501
0.21169288456439972
0.21252870559692383
0.21344418823719025
0.21421942114830017
0.21511025726795197
0.21569326519966125
0.21629878878593445
0.21733322739601135
0.2184246927499771
0.2194470465183258
0.22039192914962769
0.2213819921016693
0.22240610420703888
0.2234777808189392
0.22477203607559204
0.22640252113342285
0.22836102545261383
0.23090305924415588
0.23385179042816162
0.23718835413455963
0.24084073305130005
0.2449723333120346
0.24964231252670288
0.25479841232299805
0.011997861787676811
0.011293759569525719
0.011179172433912754
0.011142808943986893
0.011107223108410835
0.011074034497141838
0.23355573415756226
0.24690775573253632
0.25439730286598206
0.2627642750740051
0.27216842770576477
0.28651583194732666
0.30858203768730164
0.3331780433654785
0.3593566119670868
0.3823249340057373
0.37433525919914246
0.3661564886569977
0.3583163022994995
0.3505306541919708
0.34271425008773804
0.33486407995224
0.3269881010055542
0.3190475106239319
0.31105881929397583
0.3031233549118042
0.29487672448158264
0.28604134917259216
0.27749189734458923
0.2691653370857239
0.26095208525657654
0.25295695662498474
0.24544353783130646
0.23812156915664673
0.23081177473068237
0.22344084084033966
0.21599172055721283
0.2085934579372406
0.20144332945346832
0.19449837505817413
0.1877339482307434
0.18105188012123108
0.17465831339359283
0.16846604645252228
0.1627505123615265
0.15811553597450256
0.15425971150398254
0.150880366563797
0.15055647492408752
0.15332283079624176
0.15853895246982574
0.1655099093914032
0.17386728525161743
0.18322519958019257
0.19249364733695984
0.2016325742006302
0.21100139617919922
0.2208402007818222
0.23106734454631805
0.24064698815345764
