19.088953018188477
18.40251922607422
16.263961791992188
13.936119079589844
12.424785614013672
11.603776931762695
11.219834327697754
11.118167877197266
11.213708877563477
11.485538482666016
11.905108451843262
12.413127899169922
12.982536315917969
13.608363151550293
14.271318435668945
14.950093269348145
15.63546371459961
16.319377899169922
16.97551727294922
17.66337776184082
18.408370971679688
19.21401596069336
20.09687614440918
21.062768936157227
22.082077026367188
23.159311294555664
24.263580322265625
25.36686134338379
26.473907470703125
27.583309173583984
28.657503128051758
29.7477970123291
7.164791107177734
6.4854936599731445
6.364261627197266
6.379568576812744
6.4700188636779785
6.609088897705078
41.66454315185547
39.77739715576172
38.24603271484375
38.50405502319336
39.351104736328125
40.465240478515625
41.62534713745117
42.78200149536133
43.927101135253906
45.06287384033203
46.178558349609375
47.23970413208008
48.24580383300781
49.19443130493164
50.074222564697266
50.88216018676758
51.682918548583984
52.50971984863281
53.33246994018555
54.11955261230469
54.853763580322266
55.529388427734375
56.128997802734375
56.57477951049805
56.90964889526367
57.14323043823242
57.266780853271484
57.28932571411133
57.20387268066406
57.00775146484375
56.73723220825195
56.38380813598633
55.95500183105469
55.44865798950195
54.87361145019531
54.24748611450195
53.58261489868164
52.888858795166016
52.177696228027344
51.46434020996094
50.764495849609375
50.08712387084961
49.439430236816406
48.82093811035156
48.23591613769531
47.68819046020508
47.17720413208008
46.697383880615234
46.246158599853516
45.81985855102539
45.415958404541016
45.03207778930664
44.66571807861328
44.32289505004883
