0.024452505633234978
0.026883790269494057
0.03030080534517765
0.03327706456184387
0.03387352451682091
0.03410519286990166
0.03437519446015358
0.034548722207546234
0.03470773622393608
0.03486398980021477
0.035004932433366776
0.03515187278389931
0.03533170744776726
0.035512831062078476
0.035747770220041275
0.036009520292282104
0.036274030804634094
0.036529358476400375
0.03677821531891823
0.037043120712041855
0.03736303001642227
0.03775985166430473
0.03823235258460045
0.03877239301800728
0.039366938173770905
0.03999905660748482
0.04069525748491287
0.041434165090322495
0.042212050408124924
0.043027762323617935
0.04389425739645958
0.04481150582432747
0.002359201433137059
0.0022196280770003796
0.0021828804165124893
0.002180280862376094
0.002190255094319582
0.0022046056110411882
0.041752155870199203
0.044639915227890015
0.04611309990286827
0.04721429571509361
0.04830821976065636
0.04951739311218262
0.05086041986942291
0.052339114248752594
0.0539027601480484
0.05552862212061882
0.056952375918626785
0.05817781761288643
0.059335168451070786
0.060445841401815414
0.06154073029756546
0.06256954371929169
0.0635518953204155
0.06450404226779938
0.06543602049350739
0.06633619219064713
0.06718797981739044
0.06797032058238983
0.06864995509386063
0.06927046924829483
0.06988149136304855
0.07047650963068008
0.06856239587068558
0.06618578732013702
0.06391745805740356
0.061666619032621384
0.05948194861412048
0.057362914085388184
0.05525174364447594
0.053151898086071014
0.05105450749397278
0.04899561032652855
0.046704016625881195
0.04409196600317955
0.04156738892197609
0.03955454379320145
0.03826509788632393
0.03758674114942551
0.03695826232433319
0.03650331497192383
0.036188751459121704
0.03597264364361763
0.03933750465512276
0.043394990265369415
0.04741046205163002
0.05137980729341507
0.05531657859683037
0.059089016169309616
0.06270511448383331
0.06636489182710648
