0.007818695157766342
0.008444790728390217
0.00933160725980997
0.010093587450683117
0.010747283697128296
0.011404640041291714
0.011573339812457561
0.011654560454189777
0.011720352806150913
0.01177385076880455
0.011832617223262787
0.011911586858332157
0.011997357942163944
0.012084218673408031
0.012198740616440773
0.012315860949456692
0.01242507342249155
0.012536878697574139
0.012653040699660778
0.012781310826539993
0.012939412146806717
0.013134242035448551
0.013361293822526932
0.01361567247658968
0.013890407979488373
0.014179161749780178
0.014476047828793526
0.014760870486497879
0.01500570960342884
0.015263649635016918
0.01552791241556406
0.01579885743558407
0.0008763099322095513
0.0008557055261917412
0.000859589665196836
0.0008677520090714097
0.0008758255862630904
0.0008824196993373334
0.015599365346133709
0.01609165035188198
0.016365772113204002
0.01660980097949505
0.01686185412108898
0.01713302917778492
0.017427612096071243
0.017748728394508362
0.018095992505550385
0.01846773736178875
0.0188620425760746
0.019276482984423637
0.019712433218955994
0.020176202058792114
0.020698603242635727
0.0213191919028759
0.021844660863280296
0.02230411395430565
0.022749239578843117
0.02319367602467537
0.023637717589735985
0.024078302085399628
0.0245131254196167
0.024937380105257034
0.025346070528030396
0.025735987350344658
0.026095619425177574
0.026438970118761063
0.02676795795559883
0.027083149179816246
0.02738458290696144
0.02767304889857769
0.027949392795562744
0.02821451798081398
0.028469279408454895
0.028714578598737717
0.028950659558176994
0.02917664498090744
0.02940553054213524
0.02963004633784294
0.02984142117202282
0.029944827780127525
0.03004569001495838
0.03024083748459816
0.03043876215815544
0.03064315766096115
0.03083636984229088
0.03102799691259861
0.031216943636536598
0.03140370920300484
0.03159400448203087
0.031780682504177094
0.031494636088609695
0.03062778152525425
0.029850317165255547
