6.893651008605957
7.764451503753662
9.61248779296875
11.539584159851074
12.980592727661133
12.767287254333496
13.161667823791504
13.895331382751465
13.732142448425293
13.622673034667969
13.890575408935547
14.500531196594238
15.205684661865234
16.08938217163086
17.14924430847168
18.205989837646484
19.055973052978516
19.57680892944336
20.197553634643555
21.018901824951172
22.135452270507812
23.609586715698242
25.505308151245117
27.869035720825195
30.716106414794922
34.55231475830078
39.68778610229492
46.52174377441406
55.18227767944336
64.59241485595703
73.91048431396484
84.47498321533203
2.016573190689087
2.088690757751465
1.8836464881896973
1.7073646783828735
1.7314797639846802
1.7684906721115112
37.21643829345703
58.92829132080078
134.6392364501953
150.0936279296875
176.3217010498047
200.764404296875
224.3614044189453
249.33941650390625
274.0177917480469
298.5912170410156
322.9919738769531
347.4574890136719
372.21441650390625
397.3403625488281
422.84649658203125
447.9969482421875
470.817626953125
479.7445983886719
489.831787109375
499.5398864746094
508.1820068359375
516.1690063476562
521.8493041992188
526.7273559570312
531.104248046875
535.0015869140625
538.3253173828125
541.0925903320312
543.3590698242188
545.0826416015625
545.9924926757812
546.2379760742188
545.9939575195312
545.380615234375
544.2899780273438
542.8482666015625
541.118408203125
539.1575317382812
536.9701538085938
534.6123657226562
532.1658325195312
529.6918334960938
527.1985473632812
524.6107788085938
521.9135131835938
519.1785888671875
516.407958984375
513.6261596679688
510.8663024902344
508.1520080566406
505.4289855957031
502.6951599121094
499.93316650390625
497.1534118652344
