0.02442142367362976
0.02682129666209221
0.030168412253260612
0.033178262412548065
0.03383062407374382
0.03407154977321625
0.03436550870537758
0.034548789262771606
0.034717872738838196
0.03489307314157486
0.035048626363277435
0.03520405665040016
0.03539479151368141
0.03559204563498497
0.03584013506770134
0.036114100366830826
0.03638964518904686
0.03665660321712494
0.036923397332429886
0.037213101983070374
0.03756793215870857
0.03799602389335632
0.03849538415670395
0.0390603169798851
0.03967353701591492
0.04033546522259712
0.04105277359485626
0.04181370139122009
0.04260920733213425
0.04344703629612923
0.0443357452750206
0.04527024179697037
0.0023880440276116133
0.002261101733893156
0.002225788775831461
0.002219339832663536
0.0022247761953622103
0.0022349704522639513
0.04195735603570938
0.04485230892896652
0.04639715701341629
0.04756644740700722
0.0487055666744709
0.04994092136621475
0.05130606144666672
0.05279553681612015
0.05436517298221588
0.05601634085178375
0.057341769337654114
0.05860178545117378
0.05976089835166931
0.0608757846057415
0.06194313243031502
0.06297865509986877
0.0639912560582161
0.06496600806713104
0.06586054712533951
0.06665264070034027
0.06736178696155548
0.06800411641597748
0.06860678642988205
0.06924296170473099
0.06987932324409485
0.06895174086093903
0.06641880422830582
0.06404212862253189
0.06181119754910469
0.059642281383275986
0.05747700855135918
0.05531703680753708
0.05316001549363136
0.05104551836848259
0.048683539032936096
0.04598800092935562
0.04325836896896362
0.04108815640211105
0.0398344062268734
0.038915619254112244
0.03817974776029587
0.03766043484210968
0.03727855533361435
0.03697802871465683
0.03964478150010109
0.043475594371557236
0.047229036688804626
0.050916679203510284
0.05454469472169876
0.058128755539655685
0.06148036569356918
0.0648408755660057
0.06825230270624161
0.07170219719409943
