0.024428630247712135
0.02683282271027565
0.030203038826584816
0.03322583809494972
0.03384336084127426
0.03406635671854019
0.034345049411058426
0.03451798856258392
0.034672051668167114
0.03483939915895462
0.03498821705579758
0.03512228652834892
0.03529934585094452
0.035481709986925125
0.035704322159290314
0.035956304520368576
0.036216314882040024
0.03646846488118172
0.03671221062541008
0.03696297109127045
0.03725370392203331
0.03761376813054085
0.03804616257548332
0.03854517266154289
0.03910526633262634
0.03970770165324211
0.040359631180763245
0.04106232896447182
0.04180731251835823
0.04258504882454872
0.043403510004282
0.04427255317568779
0.0023301811888813972
0.002179615432396531
0.0021319708321243525
0.002116870367899537
0.0021136451978236437
0.002115159295499325
0.040869951248168945
0.04387345165014267
0.04540685564279556
0.046527374535799026
0.047604747116565704
0.048767950385808945
0.05004550516605377
0.05143189802765846
0.05291932076215744
0.05445696786046028
0.05604018643498421
0.057274118065834045
0.05844680964946747
0.059535667300224304
0.06059800460934639
0.061638616025447845
0.0626206248998642
0.06356597691774368
0.06448663026094437
0.06539737433195114
0.06628099083900452
0.06711786240339279
0.0678887665271759
0.06855592876672745
0.06915589421987534
0.06975611299276352
0.0703418180346489
0.06899929791688919
0.06664499640464783
0.06440070271492004
0.062181081622838974
0.06001126021146774
0.05790222808718681
0.05584557726979256
0.05379798635840416
0.051747217774391174
0.04973119497299194
0.047475315630435944
0.04487285017967224
0.042243558913469315
0.04019758850336075
0.03911088407039642
0.03836582601070404
0.03776637092232704
0.037288375198841095
0.03701129928231239
0.037498313933610916
0.04197002947330475
0.04642300680279732
0.05081525817513466
0.0551314651966095
0.05939972400665283
0.06335274130105972
0.0672716423869133
