0.1720941960811615
0.18036210536956787
0.17872825264930725
0.18570193648338318
0.1943434774875641
0.20247796177864075
0.21049320697784424
0.21847783029079437
0.2266458421945572
0.23472292721271515
0.24175550043582916
0.2434680014848709
0.24508216977119446
0.24650749564170837
0.24825060367584229
0.24982139468193054
0.2512410879135132
0.25253355503082275
0.25370314717292786
0.25478363037109375
0.255789190530777
0.2567053437232971
0.2576085329055786
0.25851085782051086
0.2592313885688782
0.25995194911956787
0.26127758622169495
0.2625774145126343
0.2638992965221405
0.26537200808525085
0.2671343684196472
0.26924601197242737
0.02365025505423546
0.02360345982015133
0.023660877719521523
0.023682503029704094
0.02365446463227272
0.023606039583683014
0.24089424312114716
0.25669774413108826
0.26333823800086975
0.26966461539268494
0.2793804407119751
0.28888916969299316
0.2979980707168579
0.30652135610580444
0.31458938121795654
0.32238447666168213
0.32939690351486206
0.3353222906589508
0.3430905044078827
0.3856969475746155
0.4648522138595581
0.5955055952072144
0.8089776635169983
1.1709727048873901
20.601083755493164
44.434364318847656
62.721092224121094
77.6035385131836
90.9559326171875
103.79131317138672
117.12582397460938
129.9344024658203
141.86456298828125
153.39620971679688
166.41378784179688
180.79751586914062
197.1078338623047
216.453125
241.1144561767578
273.67950439453125
296.9936828613281
317.6985778808594
338.53704833984375
361.75921630859375
388.72796630859375
422.2433166503906
430.5762634277344
432.67822265625
433.5730895996094
432.93585205078125
432.4222412109375
436.8013000488281
478.5943603515625
491.2109069824219
495.8639831542969
498.14727783203125
499.45880126953125
500.1246337890625
500.40277099609375
500.5169982910156
