6.889537334442139
7.750020503997803
9.5618896484375
11.475578308105469
12.965296745300293
12.751277923583984
13.147068977355957
13.881257057189941
13.946859359741211
13.776705741882324
13.921333312988281
14.405477523803711
15.002124786376953
15.769649505615234
16.748313903808594
17.769813537597656
18.580337524414062
18.983797073364258
19.43377685546875
20.026493072509766
20.841341018676758
21.919538497924805
23.278553009033203
24.90308380126953
26.796300888061523
29.297697067260742
32.65794372558594
37.13356399536133
43.233558654785156
51.66503143310547
60.93241882324219
69.9411392211914
1.4705462455749512
1.4872974157333374
1.3804494142532349
1.2362616062164307
1.259185791015625
1.2929816246032715
28.015178680419922
43.88013458251953
104.95157623291016
132.8595428466797
157.10260009765625
180.1727294921875
202.9715576171875
226.88636779785156
252.29708862304688
277.7673645019531
303.23236083984375
328.7087097167969
354.4962463378906
380.6408996582031
407.05487060546875
433.17095947265625
459.44952392578125
474.91522216796875
485.24871826171875
496.264404296875
506.0108642578125
514.9159545898438
522.2247314453125
527.9197998046875
532.9157104492188
537.3074951171875
541.1104125976562
544.349853515625
547.0189819335938
548.7913818359375
549.926025390625
550.5265502929688
550.7570190429688
550.69091796875
550.1378173828125
549.215576171875
547.9205932617188
546.2785034179688
544.288330078125
541.991455078125
539.482177734375
536.8447265625
534.1046142578125
531.2869262695312
528.3511352539062
525.40966796875
522.4840698242188
519.5611572265625
516.6484985351562
513.8092041015625
510.9610900878906
508.0650634765625
505.1473083496094
502.2132568359375
