18.93219757080078
18.009109497070312
15.546229362487793
13.01616382598877
11.625207901000977
10.886433601379395
10.496859550476074
10.328124046325684
10.28526496887207
10.337492942810059
10.48669147491455
10.716377258300781
11.031684875488281
11.410582542419434
11.82113265991211
12.257476806640625
12.728814125061035
13.24161434173584
13.802090644836426
14.485774993896484
15.318086624145508
16.37240982055664
17.603656768798828
18.943889617919922
20.369810104370117
21.905742645263672
23.395605087280273
24.766437530517578
25.98384666442871
27.099651336669922
28.17596435546875
29.24774169921875
7.189853668212891
6.154327392578125
6.067542552947998
6.28265905380249
6.549384117126465
6.834314346313477
40.8787956237793
39.60618591308594
39.257408142089844
39.76060104370117
40.40771484375
41.20127868652344
42.09393310546875
43.10531997680664
44.22550582885742
45.38222122192383
46.53303909301758
47.64254379272461
48.68290328979492
49.718196868896484
50.6480712890625
51.44151306152344
52.072853088378906
52.4787483215332
52.752506256103516
52.90133285522461
52.92373275756836
52.8402214050293
52.68004608154297
52.45787048339844
52.18710708618164
51.8714714050293
51.51475143432617
51.121734619140625
50.69584655761719
50.24665069580078
49.78981018066406
49.33790969848633
48.90365982055664
48.49702072143555
48.11400604248047
47.7530632019043
47.41596603393555
47.104881286621094
46.8193244934082
46.50710678100586
46.186405181884766
45.87491989135742
45.57792663574219
45.293697357177734
45.027225494384766
44.774513244628906
44.53788375854492
44.31764602661133
44.11367416381836
43.924537658691406
43.749267578125
43.59347152709961
43.378211975097656
43.17026138305664
