0.007668443489819765
0.008527213707566261
0.009586011059582233
0.010725991800427437
0.01107722707092762
0.011186940595507622
0.011249076575040817
0.0113178426399827
0.011387658305466175
0.011497936211526394
0.011609068140387535
0.011723194271326065
0.011837586760520935
0.011930854059755802
0.012017637491226196
0.012106809765100479
0.012207596562802792
0.012330555357038975
0.012472973205149174
0.012638140469789505
0.012833227403461933
0.013056829571723938
0.013306472450494766
0.013578172773122787
0.013867063447833061
0.014157748781144619
0.014425884932279587
0.014684833586215973
0.014952126890420914
0.015230759978294373
0.015510990284383297
0.0157935693860054
0.0008419748628512025
0.0007985950214788318
0.0007935079047456384
0.0007979061338119209
0.0008043943671509624
0.0008107540779747069
0.015023505315184593
0.01568855345249176
0.01595965586602688
0.016156302765011787
0.01638120412826538
0.016658904030919075
0.016981882974505424
0.017338791862130165
0.017719101160764694
0.01811753213405609
0.018530348315835
0.018950914964079857
0.01936131715774536
0.019767174497246742
0.020178673788905144
0.020595891401171684
0.02101854234933853
0.021457498893141747
0.02187308669090271
0.022224390879273415
0.022553039714694023
0.022867199033498764
0.02315697818994522
0.023434195667505264
0.023235483095049858
0.02270386926829815
0.022200826555490494
0.02171456068754196
0.02123849280178547
0.02076999843120575
0.020308710634708405
0.019851936027407646
0.019399430602788925
0.01895361952483654
0.0185146015137434
0.018084481358528137
0.017664264887571335
0.017253968864679337
0.01685323938727379
0.01646261475980282
0.0160831268876791
0.015715090557932854
0.015358028002083302
0.015010122209787369
0.01467038318514824
0.014338255859911442
0.014013881795108318
0.013697609305381775
0.013388775289058685
0.013086274266242981
0.012789593078196049
0.01249821949750185
0.012211923487484455
0.011931695975363255
