0.007793187629431486
0.008766387589275837
0.009968318976461887
0.010953424498438835
0.01116984523832798
0.011255416087806225
0.011342227458953857
0.01145349070429802
0.01158944796770811
0.011733402498066425
0.011878225952386856
0.011999310925602913
0.01211872324347496
0.01226064469665289
0.012435670010745525
0.01265033520758152
0.01291617937386036
0.01322934404015541
0.013582243584096432
0.013962915167212486
0.014328270219266415
0.014659211970865726
0.01499992236495018
0.015352495014667511
0.0157080739736557
0.01606805995106697
0.016431840136647224
0.016799597069621086
0.01717400550842285
0.01755386032164097
0.017941061407327652
0.018335159868001938
0.00097490573534742
0.0009345414582639933
0.0009315912029705942
0.0009349288884550333
0.0009386151796206832
0.0009412552462890744
0.017223188653588295
0.017706826329231262
0.017913108691573143
0.018163686618208885
0.018500152975320816
0.01893388107419014
0.01944194920361042
0.020012490451335907
0.020629294216632843
0.021276813000440598
0.021958980709314346
0.022527562454342842
0.023050611838698387
0.02349860966205597
0.022771388292312622
0.02209004946053028
0.021435825154185295
0.02079952508211136
0.020181706175208092
0.01957954466342926
0.018993517383933067
0.018425390124320984
0.017875101417303085
0.01734345220029354
0.016830015927553177
0.01633494161069393
0.01585952192544937
0.015404053032398224
0.014963800087571144
0.014535424299538136
0.014118865132331848
0.013714215718209743
0.013320611789822578
0.01293803472071886
0.012566959485411644
0.012208455242216587
0.011864261701703072
0.01153694000095129
0.011224649846553802
0.010925425216555595
0.010638074949383736
0.010361340828239918
0.010094824247062206
0.009838168509304523
0.009590714238584042
0.009351808577775955
0.00911889411509037
0.008891687728464603
0.008669886738061905
0.008453396148979664
0.008241994306445122
0.00803606491535902
0.007835004478693008
0.0076393382623791695
0.007452682126313448
