0.024451376870274544
0.026916874572634697
0.030316153541207314
0.03319622203707695
0.03376028314232826
0.03400690108537674
0.034346215426921844
0.03458983823657036
0.03481534123420715
0.035011619329452515
0.035219792276620865
0.035453908145427704
0.03573230281472206
0.03604187071323395
0.03638129681348801
0.036740001291036606
0.03710079938173294
0.03747183084487915
0.03790837526321411
0.038436159491539
0.039050791412591934
0.03973667696118355
0.040469586849212646
0.04125341773033142
0.04207031428813934
0.0429120697081089
0.04377315938472748
0.0446493923664093
0.045526329427957535
0.04640088602900505
0.0472831092774868
0.048185624182224274
0.0025761176366358995
0.002481884555891156
0.00246268417686224
0.0024568031076341867
0.0024513560347259045
0.0024437925312668085
0.04347948357462883
0.0450126938521862
0.045987486839294434
0.04726579412817955
0.04835427552461624
0.049464453011751175
0.05067580193281174
0.05199233442544937
0.0534038171172142
0.05491165816783905
0.05647461861371994
0.05771651864051819
0.05887505039572716
0.06003374978899956
0.06108781695365906
0.062068745493888855
0.06298068165779114
0.06384392082691193
0.06461822986602783
0.06527594476938248
0.06581490486860275
0.0663764476776123
0.06698360294103622
0.06507154554128647
0.062169887125492096
0.05938534066081047
0.05711120367050171
0.05524691939353943
0.05360066890716553
0.05209404230117798
0.05055222660303116
0.04896540194749832
0.04735850170254707
0.04573625326156616
0.04410911723971367
0.04251638427376747
0.040989313274621964
0.039511650800704956
0.03826961666345596
0.0372614786028862
0.03645293787121773
0.03574607893824577
0.0351281613111496
0.03458757698535919
0.03409014642238617
0.03361767902970314
0.03316521644592285
0.032727379351854324
0.03230465576052666
0.031905077397823334
0.031919293105602264
0.033485643565654755
0.035141922533512115
0.03685817867517471
0.038584377616643906
