0.48587357997894287
0.525713324546814
0.7688427567481995
0.9981876611709595
1.0152643918991089
1.020126223564148
1.0265209674835205
1.0357245206832886
1.0470190048217773
1.061484694480896
1.0807394981384277
1.1010607481002808
1.1184464693069458
1.1334939002990723
1.1482397317886353
1.1623473167419434
1.1814693212509155
1.2005183696746826
1.2229363918304443
1.2524627447128296
1.2924305200576782
1.340718388557434
1.3985556364059448
1.471828579902649
1.5621798038482666
1.6876888275146484
1.8528369665145874
2.0200042724609375
2.0620977878570557
2.1472995281219482
2.274357318878174
11.58889389038086
0.26140788197517395
0.3587103486061096
0.4660708010196686
0.5619705319404602
0.6487681269645691
0.7295188903808594
32.4505729675293
32.28315353393555
35.50662612915039
40.49515914916992
48.58877182006836
56.854644775390625
65.4486083984375
74.6950912475586
83.55538177490234
91.81774139404297
99.83735656738281
107.45433807373047
114.94672393798828
122.0954360961914
129.03451538085938
135.2899627685547
140.86134338378906
145.70132446289062
149.86549377441406
153.40025329589844
156.41111755371094
158.96409606933594
160.9040985107422
162.28782653808594
162.9105224609375
163.37059020996094
164.1955108642578
164.63319396972656
164.8519744873047
164.92005920410156
164.8924102783203
164.71820068359375
164.43154907226562
164.09461975097656
163.73643493652344
163.3636474609375
162.84548950195312
162.06671142578125
161.2511444091797
160.4361572265625
159.622802734375
158.77273559570312
157.90164184570312
156.9933624267578
156.017333984375
155.00706481933594
153.97743225097656
152.94187927246094
151.9112548828125
150.89393615722656
149.89071655273438
148.8982391357422
147.91574096679688
146.94061279296875
145.97862243652344
