0.008244882337749004
0.009558686055243015
0.011171012185513973
0.011606000363826752
0.011908318847417831
0.012157593853771687
0.012347922660410404
0.01247045211493969
0.012568804435431957
0.012684322893619537
0.012811720371246338
0.012943415902554989
0.0130893150344491
0.013296931982040405
0.013581250794231892
0.01393880695104599
0.014364868402481079
0.014804293401539326
0.015230010263621807
0.015672605484724045
0.016125403344631195
0.016589313745498657
0.01707034558057785
0.017574017867445946
0.018111445009708405
0.018680883571505547
0.019290419295430183
0.01961057260632515
0.019944438710808754
0.02064223773777485
0.021381249651312828
0.022109050303697586
0.02276628091931343
0.001073445426300168
0.001000894932076335
0.0009992066770792007
0.001013858593069017
0.0010295541724190116
0.0010431751143187284
0.021154435351490974
0.02259969152510166
0.022670933976769447
0.022142745554447174
0.021757612004876137
0.021137336269021034
0.02053876779973507
0.019939539954066277
0.019339047372341156
0.018753021955490112
0.018484998494386673
0.018183594569563866
0.017626160755753517
0.01708904840052128
0.016566390171647072
0.01605190709233284
0.015546416863799095
0.015052622184157372
0.014570328406989574
0.014100036583840847
0.013642693869769573
0.013201006688177586
0.012775459326803684
0.012364828959107399
0.01196887157857418
0.01159705501049757
0.011248704046010971
0.010919286869466305
0.010605108924210072
0.010303976014256477
0.0100143663585186
0.00973554514348507
0.009467357769608498
0.009209174662828445
0.008959979750216007
0.00871889479458332
0.008486210368573666
0.008262977935373783
0.008049366064369678
0.007845689542591572
0.007651848252862692
0.007466232404112816
0.007287798449397087
0.0071164704859256744
0.006952335592359304
0.006793905980885029
0.00664101354777813
0.006493476219475269
0.006351120304316282
0.0062142773531377316
0.006083283107727766
0.0059581659734249115
0.005838761106133461
0.005723955109715462
0.005613213870674372
0.005506117362529039
