0.042650241404771805
0.04756060987710953
0.05473453179001808
0.05620903894305229
0.05649912729859352
0.0568610318005085
0.05730191245675087
0.05761793255805969
0.05779800936579704
0.05799457058310509
0.05822332203388214
0.05845818296074867
0.05868011340498924
0.05890469253063202
0.05922754108905792
0.05958016216754913
0.059926893562078476
0.06030818074941635
0.060907572507858276
0.061677128076553345
0.06258896738290787
0.06362856924533844
0.06479856371879578
0.06605280935764313
0.06737606972455978
0.06878337264060974
0.07025311142206192
0.0717729926109314
0.07334732264280319
0.07501793652772903
0.07680537551641464
0.07875628769397736
0.0038181396666914225
0.0038309816736727953
0.003944198600947857
0.004034039098769426
0.004097074270248413
0.004137048963457346
0.07673212140798569
0.0785958468914032
0.07949156314134598
0.08144864439964294
0.08388135582208633
0.08524087816476822
0.08671219646930695
0.08986445516347885
0.09306518733501434
0.09536150842905045
0.09752869606018066
0.0995308980345726
0.1015590950846672
0.10463313013315201
0.10724280029535294
0.10972732305526733
0.11216824501752853
0.11467728763818741
0.11730620265007019
0.12024667114019394
0.11541697382926941
0.11022638529539108
0.10433193296194077
0.09839870780706406
0.09543529152870178
0.09173780679702759
0.08807216584682465
0.0845203548669815
0.08110202103853226
0.0779043659567833
0.07488040626049042
0.07179585844278336
0.06863398104906082
0.0654645636677742
0.06234133988618851
0.0594385601580143
0.056730832904577255
0.0541536919772625
0.05169156566262245
0.04927515611052513
0.0468999408185482
0.04523119330406189
0.04408761113882065
0.043809693306684494
0.0439080148935318
0.044187698513269424
0.044625088572502136
0.04560813307762146
0.05588306859135628
0.06867343932390213
0.0837426632642746
0.10088497400283813
0.12012100219726562
0.14160312712192535
0.1629105657339096
0.18560616672039032
