-0.0
-0.0
-0.0
-0.0
-0.0
-0.0
-0.0
-0.0
-0.0
-0.0
-0.0
-0.0
-0.0
-0.0
-0.0
-0.0
-0.0
-0.0
-0.0
-0.0
-0.0
-0.0
-0.0
-0.0
-0.0
-0.0
-0.0
-0.0
-0.0
-0.0
-0.0
-0.0
-0.0
-0.0
-0.0
-0.0
-0.0
-0.0
-0.0
-0.0
-0.0
-0.0
-0.0
-0.0
-0.0
-0.0
-0.0
-0.0
-0.0
-0.0
-0.0
-0.0
-0.0
-0.0
-0.0
-0.0
-0.0
-0.0
-0.0
-0.0
-0.0
-0.0
-0.0
-0.0
-0.0
-0.0
-0.0
-0.0
-0.0
-0.0
-0.0
3.3660847975625074e-07
9.62174794949533e-07
2.085160303977318e-06
3.070868160648388e-06
3.925068995158654e-06
4.666999302571639e-06
5.311257154971827e-06
5.868304015166359e-06
6.3481670622422826e-06
6.757791652489686e-06
7.104897576937219e-06
7.395925422315486e-06
7.637457201781217e-06
7.835080396034755e-06
7.993662620719988e-06
8.117564902931917e-06
8.209246516344137e-06
8.274244464701042e-06
8.31600118544884e-06
8.337031431437936e-06
8.339892701769713e-06
8.326600436703302e-06
