18.6137752532959
17.42427635192871
15.449745178222656
13.911930084228516
11.612876892089844
10.43861198425293
9.822431564331055
9.529906272888184
9.468379020690918
9.570697784423828
9.80373477935791
10.162177085876465
10.684286117553711
11.382351875305176
12.249354362487793
13.26427936553955
14.417076110839844
15.827775955200195
17.448894500732422
19.18208885192871
21.04026222229004
22.973554611206055
24.896146774291992
26.667625427246094
28.455150604248047
30.26422119140625
32.02271270751953
33.669776916503906
35.21419143676758
36.665870666503906
37.999855041503906
39.204383850097656
40.36354064941406
15.916581153869629
14.194133758544922
14.415526390075684
15.649682998657227
17.50275230407715
19.715164184570312
55.08448791503906
51.354801177978516
50.39326477050781
49.83652877807617
49.73030090332031
49.687767028808594
49.971920013427734
50.41880798339844
50.95085525512695
51.42814636230469
51.695289611816406
51.905025482177734
52.137367248535156
52.218406677246094
52.12936782836914
51.906410217285156
51.58448791503906
51.2067756652832
50.810977935791016
50.41802215576172
50.017459869384766
49.60987854003906
49.19965362548828
48.79935836791992
48.42639923095703
48.131282806396484
47.884315490722656
47.681968688964844
47.50349426269531
47.307159423828125
47.120845794677734
46.95840835571289
46.820655822753906
46.7061882019043
46.610740661621094
46.536048889160156
46.486366271972656
46.45915603637695
46.44760513305664
46.45328140258789
46.47653579711914
46.515159606933594
46.566253662109375
46.62754440307617
46.69398880004883
46.73994064331055
46.773921966552734
46.80131912231445
46.82272720336914
46.84101486206055
46.856536865234375
46.869144439697266
46.87971496582031
46.887638092041016
46.890533447265625
46.886436462402344
