0.04235314950346947
0.046971675008535385
0.0540301613509655
0.055924151092767715
0.05659094080328941
0.057083889842033386
0.05735206604003906
0.057572852820158005
0.05788583308458328
0.05827657878398895
0.058599960058927536
0.058841802179813385
0.05906568467617035
0.05932217091321945
0.059601373970508575
0.05989754945039749
0.06026187539100647
0.06073392555117607
0.06134222075343132
0.062121182680130005
0.06302740424871445
0.06405381858348846
0.06519299745559692
0.06644968688488007
0.06786321848630905
0.06944390386343002
0.0711553618311882
0.07295450568199158
0.07481595128774643
0.07673460245132446
0.07871552556753159
0.08072493970394135
0.004038490355014801
0.0038288456853479147
0.003783123567700386
0.0037942177150398493
0.003822755068540573
0.003851569490507245
0.07368700206279755
0.07854785025119781
0.08074124902486801
0.08158861845731735
0.08262963593006134
0.08526352047920227
0.08847692608833313
0.09211249649524689
0.09511414915323257
0.09805311262607574
0.10083519667387009
0.1052122488617897
0.10938293486833572
0.11171969026327133
0.11377017199993134
0.11743292957544327
0.12109281122684479
0.125220388174057
0.1283182054758072
0.13109031319618225
0.1340458244085312
0.13799479603767395
0.1417856216430664
0.13332341611385345
0.1297915130853653
0.12650887668132782
0.12016834318637848
0.1136060357093811
0.10767309367656708
0.10312916338443756
0.10098213702440262
0.09888238459825516
0.09446719288825989
0.08989042043685913
0.08523517847061157
0.08062339574098587
0.07651681452989578
0.07311000674962997
0.07002577185630798
0.06712440401315689
0.06445837765932083
0.06225355342030525
0.0603119358420372
0.058452460914850235
0.05667310953140259
0.05490027368068695
0.053116489201784134
0.05133909732103348
0.04959002882242203
0.04788508638739586
0.04622529819607735
0.044770147651433945
0.043471310287714005
0.0422317273914814
0.041170164942741394
0.040604330599308014
0.04004779830574989
0.039498601108789444
