3.9787209033966064
4.790262222290039
6.303406238555908
7.740263938903809
7.666436672210693
7.197642803192139
6.994176387786865
7.086815357208252
7.384797096252441
7.842416763305664
8.404685020446777
8.990884780883789
9.50897216796875
9.683206558227539
9.68217945098877
9.727801322937012
9.833739280700684
10.011565208435059
10.26646900177002
10.554037094116211
10.876983642578125
11.195460319519043
11.5081148147583
11.818265914916992
12.141745567321777
12.49703311920166
12.885991096496582
13.291352272033691
13.709088325500488
14.136103630065918
14.598394393920898
15.054534912109375
0.5009734630584717
0.4233393669128418
0.4263959228992462
0.44506314396858215
0.4655371904373169
0.4863310158252716
18.281951904296875
18.98027992248535
18.920650482177734
19.020082473754883
19.35629653930664
19.790863037109375
20.254316329956055
20.714237213134766
21.156217575073242
21.58019256591797
21.98847770690918
22.382810592651367
22.766977310180664
23.142414093017578
23.506500244140625
23.858821868896484
24.198312759399414
24.524181365966797
24.835664749145508
25.133041381835938
25.416519165039062
25.685932159423828
25.942256927490234
26.191471099853516
26.441085815429688
26.687501907348633
26.929378509521484
27.16640281677246
27.3940372467041
27.61299705505371
27.82400131225586
28.035310745239258
28.239042282104492
28.43172836303711
28.61618995666504
28.849092483520508
29.05147933959961
29.235084533691406
29.409706115722656
29.576406478881836
29.73726463317871
29.895618438720703
30.052433013916016
30.206485748291016
30.357999801635742
30.505821228027344
30.649288177490234
30.787830352783203
30.927032470703125
31.065174102783203
31.201112747192383
31.336942672729492
31.47308349609375
31.6087646484375
31.742918014526367
