0.02205708995461464
0.02452264167368412
0.02825574204325676
0.03021821193397045
0.031016619876027107
0.031211137771606445
0.031265739351511
0.03133365139365196
0.031458936631679535
0.03161703050136566
0.03178517892956734
0.031953196972608566
0.03209824860095978
0.032224297523498535
0.03234747797250748
0.03246932104229927
0.03261583670973778
0.03277306631207466
0.03293202444911003
0.033093590289354324
0.03327789157629013
0.03351864591240883
0.03384564071893692
0.03425610810518265
0.03472863882780075
0.035257406532764435
0.035837311297655106
0.03645860031247139
0.03711462393403053
0.03780634328722954
0.03853956237435341
0.03933049738407135
0.0022949164267629385
0.001988599542528391
0.001927488949149847
0.0019411330576986074
0.001966886455193162
0.0019892051350325346
0.03775765746831894
0.04058103263378143
0.04153071343898773
0.042106468230485916
0.04278431832790375
0.04362369701266289
0.04460110515356064
0.04572780802845955
0.046957436949014664
0.04823405295610428
0.04936370626091957
0.050559572875499725
0.051844753324985504
0.05318848043680191
0.0545637421309948
0.05595691502094269
0.05709250643849373
0.05556723102927208
0.05417098104953766
0.05281611531972885
0.0514705628156662
0.050146084278821945
0.048855215311050415
0.04759965464472771
0.04636344313621521
0.04514387249946594
0.043946292251348495
0.042770806699991226
0.041617538779973984
0.04048534482717514
0.03938572481274605
0.0383332222700119
0.037295352667570114
0.03627347946166992
0.03527061641216278
0.03428986296057701
0.03332630544900894
0.032378558069467545
0.031459741294384
0.03057030215859413
0.029707370325922966
0.028868407011032104
0.028052352368831635
0.02726007252931595
0.026490099728107452
0.025741029530763626
0.02501288801431656
0.024307839572429657
0.023627188056707382
0.022972743958234787
0.022342316806316376
0.021733390167355537
0.02114679105579853
0.020581500604748726
