0.037097442895174026
0.039060402661561966
0.0424492247402668
0.04568367451429367
0.04867483302950859
0.050324708223342896
0.05121293291449547
0.05148880183696747
0.05163782462477684
0.05178109183907509
0.051924802362918854
0.05213282257318497
0.052428316324949265
0.052760154008865356
0.053046923130750656
0.0533447191119194
0.05365084111690521
0.053971678018569946
0.05428528040647507
0.054599009454250336
0.05492338910698891
0.05530257150530815
0.055766571313142776
0.05632302537560463
0.05696776509284973
0.057689182460308075
0.058473192155361176
0.05931560695171356
0.06021871790289879
0.06117665395140648
0.062199294567108154
0.06330344825983047
0.003639078000560403
0.003499060170724988
0.0034718518145382404
0.003466671332716942
0.0034695547074079514
0.0034757053945213556
0.05996442586183548
0.06187547743320465
0.06332455575466156
0.0647251233458519
0.06616998463869095
0.06773895770311356
0.06945868581533432
0.07131370902061462
0.07326759397983551
0.07528954744338989
0.0773051381111145
0.0792464166879654
0.08114492893218994
0.08266088366508484
0.08414104580879211
0.08561884611845016
0.08706071227788925
0.08839596807956696
0.08954762667417526
0.09064862132072449
0.0917024239897728
0.0927499383687973
0.09369216114282608
0.09455551952123642
0.0953807607293129
0.09614641219377518
0.09687188267707825
0.0976642370223999
0.09871785342693329
0.0997900515794754
0.1009453758597374
0.10219889134168625
0.10329440236091614
0.10420121997594833
0.10504764318466187
0.10586852580308914
0.106661856174469
0.1074046641588211
0.10832991451025009
0.10938140004873276
0.11041142791509628
0.11120561510324478
0.11189782619476318
0.11245725303888321
0.10888029634952545
0.10571266710758209
0.10279771685600281
0.1000460758805275
0.09742559492588043
0.09490963071584702
0.09249754250049591
0.0901884064078331
0.08813049644231796
0.08627314120531082
