0.16266340017318726
0.18396544456481934
0.20553459227085114
0.20957118272781372
0.21074356138706207
0.21177229285240173
0.21271951496601105
0.2140006721019745
0.21497511863708496
0.21619436144828796
0.21714574098587036
0.21853208541870117
0.2198331356048584
0.22112347185611725
0.22243346273899078
0.22375164926052094
0.22516819834709167
0.22687996923923492
0.22904568910598755
0.2318798005580902
0.23543457686901093
0.23969443142414093
0.24482734501361847
0.250839501619339
0.25761473178863525
0.26490214467048645
0.2725283205509186
0.28158628940582275
0.2979829013347626
0.316269189119339
0.33757203817367554
0.3608296513557434
0.014666801318526268
0.014515897259116173
0.014869866892695427
0.015141816809773445
0.015240558423101902
0.015259305015206337
0.2891433537006378
0.3159449100494385
0.34589990973472595
0.35440102219581604
0.35163789987564087
0.34872153401374817
0.3435647487640381
0.3387833535671234
0.32900330424308777
0.3192470371723175
0.3093096911907196
0.29939720034599304
0.2888711392879486
0.27783286571502686
0.2673135995864868
0.25714111328125
0.24714818596839905
0.23732852935791016
0.2279670238494873
0.21904176473617554
0.2103383094072342
0.20225976407527924
0.19481328129768372
0.18828517198562622
0.1827997863292694
0.17896346747875214
0.17615656554698944
0.17634497582912445
0.18124157190322876
0.1897214651107788
0.20075325667858124
0.21382425725460052
0.22700947523117065
0.24049942195415497
0.25478968024253845
0.2697731554508209
0.2852305769920349
0.30100366473197937
0.31500333547592163
0.32735997438430786
0.3385482728481293
0.3490869998931885
0.35934755206108093
0.36944258213043213
0.38006141781806946
0.3914395272731781
2.6425952911376953
6.147799015045166
8.683347702026367
10.530256271362305
11.9138765335083
13.052486419677734
14.511075019836426
15.99657917022705
17.403785705566406
18.727733612060547
19.96775245666504
