0.10098747164011002
0.12006578594446182
0.133143812417984
0.14358468353748322
0.14640593528747559
0.1479724943637848
0.14940938353538513
0.15077094733715057
0.15166588127613068
0.15243953466415405
0.15329216420650482
0.15408286452293396
0.15473319590091705
0.155411958694458
0.15613703429698944
0.15705031156539917
0.1581304520368576
0.15928244590759277
0.16055256128311157
0.16204947233200073
0.1639559119939804
0.1662754863500595
0.16989336907863617
0.17479729652404785
0.18012015521526337
0.185475155711174
0.19107717275619507
0.1973743885755539
0.20435871183872223
0.21254859864711761
0.22120748460292816
0.22969378530979156
0.017169374972581863
0.010215924121439457
0.009372727014124393
0.00913324486464262
0.00909341312944889
0.00928349420428276
0.19659148156642914
0.23727907240390778
0.2743399739265442
0.2947198152542114
0.3058328330516815
0.3200674057006836
0.3499630093574524
0.3830187916755676
0.4540390372276306
0.5203618407249451
3.6641335487365723
9.460796356201172
13.1669921875
16.131784439086914
18.316791534423828
19.987634658813477
21.273656845092773
22.249547958374023
23.032262802124023
23.668838500976562
24.180727005004883
24.557147979736328
24.807130813598633
24.970195770263672
25.062606811523438
25.069578170776367
25.011796951293945
24.92390251159668
24.81319808959961
24.70012092590332
24.60957908630371
24.55693244934082
24.53036117553711
24.543184280395508
24.615217208862305
24.676992416381836
24.70168113708496
24.721670150756836
24.779586791992188
24.85407066345215
24.936147689819336
25.03941535949707
25.1162166595459
25.332015991210938
25.50031852722168
32.76153564453125
47.71852493286133
56.42613220214844
61.60286331176758
65.14724731445312
67.47988891601562
69.1592025756836
70.4429702758789
71.46754455566406
72.29544067382812
72.97144317626953
73.51519775390625
