0.043322157114744186
0.04876131936907768
0.054267868399620056
0.05593528226017952
0.05662572383880615
0.05710884556174278
0.05774635821580887
0.05805204063653946
0.058322224766016006
0.058578066527843475
0.05886014178395271
0.05917341634631157
0.05948120728135109
0.05980253219604492
0.06012824922800064
0.060454051941633224
0.060800645500421524
0.061231084167957306
0.06187833473086357
0.06269069015979767
0.0636540874838829
0.06475535035133362
0.06598774343729019
0.06730470806360245
0.06867911666631699
0.07011569291353226
0.07162562012672424
0.07323310524225235
0.07491797208786011
0.07671200484037399
0.07864197343587875
0.08074522018432617
0.08304881304502487
0.003991228062659502
0.0037553035654127598
0.0038816342130303383
0.004004945978522301
0.004097525961697102
0.004167857579886913
0.004222816321998835
0.0805271565914154
0.08463969081640244
0.08694349974393845
0.08918047696352005
0.09039632230997086
0.09172305464744568
0.09427464753389359
0.0961679145693779
0.09801655262708664
0.10005474090576172
0.1021474152803421
0.10552869737148285
0.1073603630065918
0.10874420404434204
0.11189457774162292
0.11506520956754684
0.1159915179014206
0.11087753623723984
0.1063523069024086
0.10216478258371353
0.09816780686378479
0.09446308761835098
0.09103267639875412
0.08776634186506271
0.08466781675815582
0.08160383254289627
0.07863352447748184
0.07573477923870087
0.07283353060483932
0.06997142732143402
0.06728729605674744
0.06476613879203796
0.062310218811035156
0.05994094908237457
0.057672083377838135
0.055412229150533676
0.05317847803235054
0.050865288823843
0.04853158816695213
0.046196505427360535
0.044322993606328964
0.04277252033352852
0.0412413515150547
0.039777666330337524
0.038337282836437225
0.03697029873728752
0.0355830118060112
0.03419571369886398
0.032827094197273254
0.031455717980861664
0.030158603563904762
0.02912939339876175
0.028654249384999275
0.028795430436730385
0.029250331223011017
0.02997639961540699
