0.021735938265919685
0.024185093119740486
0.028136201202869415
0.030254963785409927
0.03084263764321804
0.031207239255309105
0.03137581795454025
0.03148653730750084
0.03165990114212036
0.03186941519379616
0.03209804370999336
0.03227299824357033
0.03241758421063423
0.032558321952819824
0.03271738812327385
0.032892536371946335
0.033076755702495575
0.03328823298215866
0.033534515649080276
0.03388386592268944
0.0343666709959507
0.03494497388601303
0.03557242825627327
0.03622032329440117
0.03687683865427971
0.037529826164245605
0.03819160535931587
0.03887585178017616
0.039608463644981384
0.04041513428092003
0.041301287710666656
0.04225210100412369
0.002468307502567768
0.0021123855840414762
0.0020438639912754297
0.002056397730484605
0.00208520470187068
0.002116103656589985
0.040259938687086105
0.04280751943588257
0.0437273271381855
0.04435863718390465
0.045077648013830185
0.04597817361354828
0.04705315828323364
0.04823792725801468
0.04939717799425125
0.05059767886996269
0.05188525468111038
0.05323944240808487
0.05463531240820885
0.054915860295295715
0.05326298996806145
0.051716726273298264
0.050224434584379196
0.04876670241355896
0.04735403507947922
0.04599902406334877
0.0453777015209198
0.044689618051052094
0.04344196617603302
0.04224884510040283
0.041109345853328705
0.04001243785023689
0.038949962705373764
0.03791659325361252
0.036912087351083755
0.03593812137842178
0.034996241331100464
0.0340954028069973
0.03321113809943199
0.032340142875909805
0.03148071840405464
0.030632391571998596
0.029811562970280647
0.029034188017249107
0.028272071853280067
0.027506375685334206
0.026735087856650352
0.025949658825993538
0.025143297389149666
0.024317970499396324
0.02354799211025238
0.02292628213763237
0.022505715489387512
0.02218920737504959
0.021939033642411232
0.02174287848174572
0.021606318652629852
0.021497296169400215
0.021395105868577957
0.02133915200829506
0.021374521777033806
