0.15994976460933685
0.17768363654613495
0.20273806154727936
0.2078171670436859
0.20873695611953735
0.2095087170600891
0.21026611328125
0.21101652085781097
0.21170468628406525
0.21243882179260254
0.2134469896554947
0.2141752690076828
0.21512459218502045
0.21578727662563324
0.2163698971271515
0.21737408638000488
0.2185138761997223
0.21956823766231537
0.22056347131729126
0.2215985357761383
0.22265031933784485
0.22374777495861053
0.22507186233997345
0.22673770785331726
0.2287646234035492
0.23136892914772034
0.23439086973667145
0.23779362440109253
0.24153085052967072
0.24573351442813873
0.250445157289505
0.2556244134902954
0.012096328660845757
0.01132935006171465
0.011181056499481201
0.01111710723489523
0.011068714782595634
0.011026615276932716
0.23335053026676178
0.2475481927394867
0.25497204065322876
0.2631590664386749
0.27241966128349304
0.2867916524410248
0.30889469385147095
0.33359044790267944
0.3600636124610901
0.3818736672401428
0.37375327944755554
0.36558613181114197
0.3577418625354767
0.3499336242675781
0.3420810401439667
0.33417728543281555
0.32622313499450684
0.31819453835487366
0.3100729286670685
0.30204451084136963
0.29346874356269836
0.2847021818161011
0.2760910987854004
0.2676313519477844
0.2594670355319977
0.2516475021839142
0.24408923089504242
0.23657402396202087
0.22900833189487457
0.22140246629714966
0.21397645771503448
0.20668284595012665
0.19951151311397552
0.19257140159606934
0.18581123650074005
0.1792709231376648
0.17293815314769745
0.16690665483474731
0.1619313806295395
0.15775319933891296
0.15410113334655762
0.1527600735425949
0.1541447639465332
0.1580393761396408
0.16378562152385712
0.17093148827552795
0.1791444718837738
0.18815062940120697
0.19640277326107025
0.20514842867851257
0.2141362875699997
0.22361811995506287
0.23332129418849945
0.24221427738666534
