1500.0
1500.0
1500.0
1500.0
1500.0
1500.0
1500.0
1500.0
1500.0
1500.0
1500.0
1500.0
1500.0
1500.0
1500.0
1500.0
1500.0
1500.0
1500.0
1500.0
1500.0
1500.0
1500.0
1500.0
1500.0
1500.0
1500.0
1500.0
1500.0
1500.0
1500.0
1500.0
99.98811340332031
100.0
100.0
100.0
100.0
100.0
1500.0
1500.0
1499.9998779296875
1500.0
1500.0
1500.0
1500.0
1466.902587890625
1422.138916015625
1378.11376953125
1333.4317626953125
1288.323974609375
1242.7938232421875
1197.1708984375
1151.841064453125
1106.9910888671875
1062.76220703125
1019.3778686523438
977.35498046875
937.0286254882812
898.853759765625
862.680908203125
828.4041748046875
795.8286743164062
764.7946166992188
735.1080932617188
706.6492309570312
679.3464965820312
661.71337890625
653.0342407226562
627.7893676757812
603.5369262695312
580.3004760742188
558.0296020507812
536.6624755859375
516.1513671875
496.45758056640625
477.54498291015625
459.3808288574219
441.9341125488281
425.19921875
409.15985107421875
393.7782897949219
379.0395202636719
364.9159240722656
351.3946533203125
338.4676513671875
326.1329345703125
314.36669921875
303.131103515625
292.3909912109375
282.1372375488281
272.3487243652344
262.981689453125
253.97088623046875
245.30307006835938
