1332.5289306640625
1025.60546875
827.3282470703125
706.3734741210938
661.4251708984375
637.235107421875
616.0988159179688
596.1060180664062
577.1864013671875
559.1058349609375
541.9361572265625
524.9356079101562
508.05194091796875
491.9532470703125
476.0578308105469
460.30487060546875
444.74932861328125
429.6164855957031
414.8991394042969
400.32806396484375
388.3887939453125
377.56390380859375
366.5255432128906
355.1590881347656
343.1717834472656
330.9136047363281
318.75067138671875
306.6881103515625
294.8035583496094
283.682861328125
274.2212219238281
268.74188232421875
100.0
100.0
99.9999771118164
100.0
100.0
100.0
340.90716552734375
273.3534240722656
251.85560607910156
247.50149536132812
243.53477478027344
239.50314331054688
235.42355346679688
231.638427734375
228.2521514892578
224.66331481933594
220.8573760986328
217.0660858154297
213.33297729492188
209.66961669921875
205.9359588623047
202.16278076171875
198.32716369628906
194.3094024658203
190.26942443847656
186.22598266601562
182.20469665527344
178.1289520263672
174.021484375
169.84422302246094
165.60330200195312
161.30909729003906
157.00399780273438
152.713134765625
148.45281982421875
144.2364959716797
140.0553436279297
135.92481994628906
131.95034790039062
128.1141815185547
124.34024047851562
120.6561508178711
117.08097839355469
113.65440368652344
110.37045288085938
107.22501373291016
104.21189880371094
101.3199462890625
98.5467529296875
95.8902359008789
93.3470687866211
90.9073715209961
88.57518005371094
86.3471908569336
84.2198486328125
82.2020492553711
80.30235290527344
78.49251556396484
76.78919982910156
75.14826965332031
