1499.9998779296875
1500.0
1500.0
1500.0
1500.0
1500.0
1500.0
1500.0
1500.0
1500.0
1500.0
1500.0
1500.0
1500.0
1500.0
1500.0
1500.0
1500.0
1500.0
1500.0
1500.0
1500.0
1500.0
1500.0
1500.0
1500.0
1500.0
1500.0
1500.0
1500.0
1500.0
1500.0
100.0
100.0
100.0
100.0
100.0
100.0
1500.0
1500.0
1500.0
1500.0
1500.0
1500.0
1500.0
1500.0
1500.0
1500.0
1500.0
1500.0
1500.0
1500.0
1500.0
1500.0
1500.0
1500.0
1499.9998779296875
1500.0
1500.0
1500.0
1500.0
1499.9996337890625
1500.0
1500.0
1500.0
1500.0
1500.0
1500.0
1500.0
1472.0101318359375
1420.7122802734375
1372.3223876953125
1324.843505859375
1277.0283203125
1228.5943603515625
1181.71240234375
1136.6749267578125
1094.3907470703125
1049.604736328125
999.0678100585938
945.9732666015625
893.8516235351562
847.0557250976562
813.6065673828125
786.4515380859375
760.6316528320312
735.748046875
712.4663696289062
690.9395751953125
670.7665405273438
651.31103515625
632.4998168945312
