1500.0
1500.0
1500.0
1500.0
1500.0
1500.0
1500.0
1500.0
1500.0
1500.0
1500.0
1500.0
1500.0
1500.0
1500.0
1500.0
1500.0
1500.0
1500.0
1500.0
1500.0
1500.0
1500.0
1500.0
1500.0
1500.0
1500.0
1500.0
1500.0
1500.0
1500.0
1500.0
99.9999771118164
100.0
100.0
100.0
100.0
100.0
1500.0
1500.0
1500.0
1500.0
1500.0
1500.0
1500.0
1500.0
1500.0
1474.395263671875
1367.9344482421875
1273.2587890625
1190.3065185546875
1114.093505859375
1041.087646484375
968.9967041015625
903.7841186523438
845.1724243164062
789.6597290039062
737.9691162109375
688.0787963867188
637.8790283203125
588.9500732421875
547.5922241210938
513.4537963867188
482.9525146484375
455.3497314453125
429.76239013671875
407.02740478515625
388.31573486328125
371.884521484375
356.41363525390625
341.4542541503906
326.77923583984375
312.590576171875
298.8691101074219
285.5154724121094
272.5827331542969
260.52630615234375
250.50074768066406
242.7174530029297
235.07174682617188
227.60321044921875
220.3135223388672
213.43128967285156
207.0215301513672
201.05532836914062
195.44912719726562
190.09275817871094
184.94212341308594
180.00648498535156
175.2936248779297
170.8379364013672
166.7904510498047
163.01580810546875
