1500.0
1500.0
1500.0
1500.0
1500.0
1500.0
1500.0
1500.0
1500.0
1500.0
1500.0
1500.0
1500.0
1500.0
1500.0
1500.0
1500.0
1500.0
1500.0
1500.0
1500.0
1500.0
1500.0
1500.0
1500.0
1500.0
1500.0
1500.0
1500.0
1500.0
1500.0
1500.0
100.0
100.0
100.0
100.0
100.0
100.0
1500.0
1500.0
1500.0
1500.0
1500.0
1500.0
1500.0
1500.0
1500.0
1500.0
1455.5767822265625
1367.3177490234375
1284.2564697265625
1206.0589599609375
1132.6689453125
1065.4169921875
1003.5902099609375
947.3589477539062
894.7963256835938
845.8806762695312
799.5841064453125
757.8079223632812
718.2750244140625
681.5670776367188
648.212890625
618.2156372070312
589.7114868164062
561.712646484375
534.6680908203125
510.5121154785156
488.1789855957031
465.6549072265625
441.9548645019531
418.95489501953125
396.823486328125
375.761474609375
356.1742248535156
336.5566711425781
317.12579345703125
303.225341796875
288.5429382324219
273.8591003417969
261.2523498535156
250.39581298828125
239.64012145996094
228.58489990234375
216.1776123046875
202.95945739746094
190.5117645263672
178.61245727539062
169.99322509765625
166.3436737060547
160.98667907714844
155.0021209716797
148.80230712890625
