1380.5968017578125
1054.2718505859375
820.6422119140625
688.3597412109375
637.4812622070312
614.1744995117188
596.1846313476562
579.9580688476562
564.4579467773438
548.5508422851562
532.815185546875
517.0206298828125
501.5846862792969
487.1892395019531
474.0260009765625
461.8216552734375
449.9559020996094
438.4301452636719
427.2982177734375
417.6661682128906
409.883544921875
402.3282470703125
394.43505859375
386.07470703125
377.2738952636719
368.001220703125
358.3074035644531
348.1414489746094
338.870361328125
329.94256591796875
321.275146484375
312.7165832519531
100.0
100.0
100.0
100.0
100.0
100.0
429.7271423339844
336.1112060546875
290.5975341796875
259.814208984375
250.4552764892578
245.19444274902344
241.59580993652344
238.4771728515625
235.46182250976562
232.650390625
229.6973114013672
226.3770751953125
222.68243408203125
218.85546875
214.78457641601562
210.54737854003906
206.13868713378906
201.62576293945312
196.9956817626953
192.38560485839844
187.66627502441406
182.82723999023438
177.91348266601562
172.95501708984375
167.9940643310547
163.0708770751953
158.20526123046875
153.47901916503906
148.8508758544922
144.3435516357422
139.95883178710938
135.7113800048828
131.57875061035156
127.57720947265625
123.75086975097656
120.12457275390625
116.70650482177734
113.3907470703125
110.19190979003906
107.12129974365234
104.18446350097656
101.37618255615234
98.68877410888672
96.1184310913086
93.6587142944336
91.31945037841797
89.07267761230469
86.92216491699219
84.8830795288086
82.92295837402344
81.04295349121094
79.23585510253906
77.4983901977539
75.82913970947266
74.23118591308594
