1500.0
1500.0
1500.0
1500.0
1500.0
1500.0
1499.9998779296875
1500.0
1500.0
1500.0
1500.0
1500.0
1500.0
1500.0
1500.0
1500.0
1500.0
1500.0
1500.0
1500.0
1500.0
1500.0
1500.0
1500.0
1500.0
1500.0
1500.0
1500.0
1500.0
1500.0
1500.0
1500.0
99.75509643554688
100.0
100.0
100.0
100.0
100.0
1500.0
1500.0
1500.0
1500.0
1500.0
1500.0
1500.0
1500.0
1458.160888671875
1414.5728759765625
1370.866455078125
1326.5926513671875
1281.68310546875
1236.4833984375
1191.2822265625
1146.451416015625
1102.0963134765625
1058.30859375
1015.3490600585938
973.675537109375
933.63818359375
895.7163696289062
859.810546875
825.755126953125
793.37109375
762.4923095703125
732.9488525390625
704.6146850585938
677.4133911132812
651.2969360351562
626.1611328125
601.989013671875
578.8355102539062
556.6661987304688
535.4193725585938
515.04638671875
495.5057067871094
476.7528381347656
458.74786376953125
441.4534606933594
424.8438415527344
408.9139709472656
393.6286926269531
378.9623718261719
364.8955078125
351.409423828125
338.5016174316406
326.1367492675781
314.3346862792969
303.08251953125
292.32232666015625
282.0410461425781
272.2034912109375
262.79376220703125
253.73089599609375
