1500.0
1500.0
1500.0
1500.0
1500.0
1500.0
1500.0
1500.0
1500.0
1500.0
1500.0
1500.0
1500.0
1500.0
1500.0
1500.0
1500.0
1500.0
1500.0
1500.0
1500.0
1500.0
1500.0
1500.0
1500.0
1500.0
1500.0
1500.0
1500.0
1500.0
1500.0
1500.0
100.0
100.0
100.0
100.0
100.0
100.0
1500.0
1500.0
1500.0
1500.0
1500.0
1500.0
1500.0
1500.0
1500.0
1500.0
1500.0
1500.0
1500.0
1500.0
1500.0
1500.0
1500.0
1500.0
1472.9560546875
1408.9586181640625
1349.136474609375
1291.75830078125
1236.5318603515625
1183.26123046875
1131.8819580078125
1082.4359130859375
1050.4241943359375
1034.7027587890625
989.0177001953125
945.2919311523438
903.5274047851562
863.6998291015625
825.8540649414062
789.8731079101562
755.6417236328125
722.982666015625
691.4993286132812
661.780517578125
633.4720458984375
606.5027465820312
580.45947265625
555.4661865234375
532.1887817382812
510.27392578125
489.3294677734375
469.5643615722656
450.85552978515625
433.1455993652344
416.37274169921875
400.4496765136719
385.3463134765625
370.9598693847656
357.1763916015625
344.1271057128906
331.5947570800781
319.64398193359375
