1499.999755859375
1500.0
1500.0
1500.0
1500.0
1500.0
1500.0
1500.0
1500.0
1500.0
1500.0
1500.0
1500.0
1500.0
1500.0
1500.0
1500.0
1500.0
1500.0
1500.0
1500.0
1500.0
1500.0
1500.0
1500.0
1500.0
1500.0
1500.0
1500.0
1500.0
1500.0
1500.0
100.0
100.0
100.0
100.0
100.0
100.0
1500.0
1500.0
1500.0
1500.0
1500.0
1500.0
1500.0
1500.0
1500.0
1500.0
1500.0
1500.0
1500.0
1500.0
1500.0
1500.0
1500.0
1475.4755859375
1425.14501953125
1378.717041015625
1334.6236572265625
1292.0582275390625
1250.853271484375
1210.8804931640625
1172.18017578125
1134.954833984375
1099.172119140625
1077.73876953125
1064.5609130859375
1031.7542724609375
1000.475830078125
970.73046875
942.4700927734375
915.3543090820312
889.2596435546875
864.1174926757812
839.8295288085938
816.3889770507812
793.7234497070312
771.619384765625
749.9226684570312
728.564453125
707.4849853515625
687.019287109375
667.7088012695312
649.6863403320312
632.8536376953125
617.0404052734375
602.1112060546875
587.9718627929688
574.4834594726562
561.60888671875
549.2938842773438
537.4352416992188
525.969482421875
