1500.0
1500.0
1500.0
1500.0
1500.000732421875
1500.0
1499.9998779296875
1499.998046875
1500.0
1499.9998779296875
1499.9996337890625
1500.0
1499.9991455078125
1499.9989013671875
1499.998291015625
1500.0
1499.99951171875
1499.9986572265625
1500.0
1499.999267578125
1499.9986572265625
1499.9998779296875
1500.0
1499.999267578125
1499.9998779296875
1499.998291015625
1499.9998779296875
1500.0
1499.999755859375
1499.9996337890625
1500.0
1500.0
100.07560729980469
100.0
100.0
100.0
100.0
100.0
1500.0
1500.0
1500.0
1500.0
1500.0
1500.0
1500.0
1499.9998779296875
1500.0
1499.9998779296875
1499.9998779296875
1500.0
1499.9998779296875
1499.549072265625
1455.22509765625
1418.885498046875
1384.19189453125
1349.49072265625
1314.5015869140625
1279.904052734375
1245.4129638671875
1211.0543212890625
1177.06787109375
1143.7752685546875
1110.8643798828125
1078.5343017578125
1046.84619140625
1015.8411865234375
985.536865234375
956.0535888671875
927.6116333007812
900.06689453125
873.49462890625
848.08544921875
823.8331909179688
800.35986328125
777.785400390625
756.147705078125
735.4620971679688
715.498046875
696.4120483398438
678.2033081054688
660.7172241210938
643.8914184570312
627.6864013671875
612.03662109375
597.0045166015625
582.7269897460938
568.8961791992188
555.555908203125
542.7208862304688
530.405517578125
518.6473388671875
507.3715515136719
