1499.9998779296875
1500.0
1500.0
1500.0
1500.0
1500.0
1499.9998779296875
1500.0
1500.0
1500.0
1500.0
1500.0
1500.0
1500.0
1500.0
1500.0
1500.0
1500.0
1500.0
1500.0
1500.0
1500.0
1500.0
1500.0
1500.0
1500.0
1500.0
1500.0
1500.0
1500.0
1500.0
1500.0
100.0
100.0
100.0
100.0
100.0
100.0
1500.0
1500.0
1500.0
1500.0
1500.0
1500.0
1500.0
1500.0
1500.0
1500.0
1500.0
1500.0
1500.0
1500.0
1500.0
1500.0
1500.0
1500.0
1500.0
1500.0
1500.0
1500.0
1500.0
1499.9998779296875
1500.0
1500.0
1500.0
1500.0
1500.0
1500.0
1500.0
1500.0
1490.6973876953125
1439.69140625
1391.6224365234375
1344.2835693359375
1298.01220703125
1252.9801025390625
1207.645751953125
1161.963134765625
1117.6265869140625
1074.7947998046875
1034.8045654296875
986.514892578125
933.9412841796875
881.2640380859375
835.6487426757812
803.4068603515625
777.0889892578125
751.642578125
726.9532470703125
704.4313354492188
683.6798095703125
663.9737548828125
