1499.9996337890625
1500.0
1500.0
1500.0
1500.0
1500.0006103515625
1500.0
1499.9998779296875
1500.0
1500.0
1500.0
1500.0
1500.0
1500.0
1500.0
1500.0
1500.0
1500.0
1500.0
1500.0
1500.0
1500.0
1500.0
1500.0
1500.0
1500.0
1500.0
1500.0
1500.0
1500.0
1500.0
1500.0
99.99999237060547
100.0
100.0
100.0
100.0
100.0
1500.0
1500.000732421875
1500.0
1500.0
1500.0
1500.0
1500.0
1500.0
1500.0
1500.0
1500.0
1500.0
1500.0
1500.0
1500.0
1472.199951171875
1373.350830078125
1286.115966796875
1200.953857421875
1120.5570068359375
1056.6669921875
996.3015747070312
937.0919799804688
876.2307739257812
830.05810546875
774.8998413085938
709.6439819335938
674.2598266601562
637.282958984375
565.27734375
520.62939453125
495.31793212890625
472.8972473144531
451.31329345703125
426.05670166015625
398.2852783203125
385.60638427734375
380.22705078125
359.3211975097656
336.8356018066406
319.7399597167969
306.1331787109375
294.6581726074219
284.396240234375
275.01458740234375
266.13946533203125
257.6249084472656
249.44239807128906
241.49993896484375
233.84825134277344
226.5937042236328
219.73121643066406
213.63072204589844
208.426025390625
203.48097229003906
198.66688537597656
