1499.9996337890625
1500.0
1500.0
1500.0
1500.0
1500.0
1500.0
1500.0
1500.0052490234375
1500.0
1500.0
1500.0
1499.9998779296875
1500.0
1499.9998779296875
1499.9998779296875
1499.998291015625
1499.9998779296875
1500.0
1499.9990234375
1499.998779296875
1499.9964599609375
1499.998046875
1499.9962158203125
1499.9989013671875
1499.99853515625
1499.9996337890625
1499.9986572265625
1499.9969482421875
1499.9962158203125
1499.994873046875
1500.0
99.99996948242188
100.0
100.0
100.0
100.0
100.0
1500.0
1500.0
1500.0
1499.999755859375
1500.0
1500.0
1500.0
1500.0
1500.0
1499.999755859375
1500.0
1499.999755859375
1499.9998779296875
1499.9998779296875
1500.0
1499.999755859375
1500.0
1499.9998779296875
1481.7943115234375
1444.022216796875
1412.047119140625
1381.66015625
1351.84814453125
1322.540771484375
1292.9813232421875
1262.8778076171875
1232.828125
1202.9893798828125
1173.4581298828125
1144.1871337890625
1115.187255859375
1086.4501953125
1057.97900390625
1030.3114013671875
1003.2674560546875
976.886962890625
951.225830078125
926.0132446289062
901.2269897460938
876.9450073242188
853.2750244140625
830.2061767578125
807.7938842773438
786.0912475585938
765.1776123046875
745.2036743164062
726.1693115234375
707.7929077148438
690.0715942382812
673.1353149414062
656.8369750976562
641.0700073242188
625.8801879882812
611.25927734375
