1499.999755859375
1499.0870361328125
1500.0
1500.0
1500.0
1500.0
1500.0
1500.0
1500.0
1500.0
1500.0
1500.0
1500.0
1500.0
1500.0
1500.0
1500.0
1500.0
1500.0
1500.0
1500.0
1500.0
1500.0
1500.0
1500.0
1500.0
1500.0
1500.0
1500.0
1500.0
1500.0
1500.0
100.0
100.0
100.0
100.0
100.0
100.0
1494.8240966796875
1500.0
1500.0
1452.6761474609375
1412.5142822265625
1374.80078125
1335.4617919921875
1293.695068359375
1250.4918212890625
1207.530517578125
1165.89404296875
1125.3941650390625
1085.1241455078125
1045.40087890625
1006.9027099609375
970.1695556640625
934.9696655273438
900.6998901367188
866.9930419921875
833.4736938476562
800.8819580078125
769.4983520507812
739.080810546875
709.693115234375
681.42431640625
654.4066162109375
628.8780517578125
604.7899780273438
581.9780883789062
560.262939453125
539.600341796875
519.87646484375
501.08758544921875
483.1175537109375
465.8385925292969
449.23419189453125
433.3605651855469
418.1289978027344
403.52813720703125
389.5177001953125
376.0209655761719
363.000732421875
350.4387512207031
338.8703918457031
328.0766296386719
317.95635986328125
308.2994689941406
299.0402526855469
290.19140625
281.70159912109375
273.66326904296875
266.0281066894531
258.84417724609375
252.0989990234375
