1500.0
1500.0
1500.0
1500.0008544921875
1500.0
1500.0
1500.0
1500.0
1500.0
1500.0
1500.0
1500.0
1500.0
1500.0
1500.0
1500.0
1500.0
1500.0
1500.0
1500.0
1500.0
1500.0
1500.0
1500.0
1500.0
1500.0
1500.0
1500.0
1500.0
1500.0
1500.0
1500.0
100.0
100.0
100.0
100.0
100.0
100.0
1500.0
1500.0
1500.0
1500.0
1500.0
1500.0
1500.0
1500.0
1500.0
1500.0
1500.0
1500.0
1500.0
1464.6024169921875
1419.3798828125
1375.5648193359375
1331.576171875
1287.4537353515625
1243.0372314453125
1198.35986328125
1153.4847412109375
1108.8314208984375
1064.8568115234375
1021.881103515625
980.3685913085938
940.3104858398438
901.8233642578125
865.1959228515625
830.57763671875
797.8124389648438
766.7313232421875
737.1437377929688
708.9151000976562
681.9112548828125
656.0445556640625
631.2664184570312
607.5347290039062
584.737060546875
562.7681884765625
541.70458984375
521.5032348632812
502.0958251953125
483.44317626953125
465.1551513671875
447.85394287109375
431.3852844238281
415.5647888183594
400.3642578125
385.703369140625
371.5501708984375
358.0429992675781
345.03717041015625
332.56695556640625
320.67083740234375
