1332.6910400390625
1047.8486328125
831.478515625
709.5269775390625
663.7844848632812
639.626220703125
618.802001953125
598.994873046875
580.2176513671875
562.2352905273438
545.5791015625
528.9685668945312
512.4425048828125
496.54998779296875
481.16973876953125
465.9546203613281
450.98175048828125
436.25250244140625
422.2496643066406
408.5389709472656
396.1243896484375
386.13336181640625
375.8970031738281
365.54412841796875
354.6861267089844
343.18768310546875
331.6014404296875
320.03009033203125
308.55596923828125
297.1435546875
286.72381591796875
277.39837646484375
100.0
100.0
99.99991607666016
100.0
100.0
100.0
353.5162658691406
279.0545654296875
257.7427978515625
252.4827117919922
248.82037353515625
244.85592651367188
240.91595458984375
237.15858459472656
233.58389282226562
230.53945922851562
227.4210662841797
224.0413818359375
220.45152282714844
216.84835815429688
213.21266174316406
209.59014892578125
205.86080932617188
202.11256408691406
198.28585815429688
194.3008575439453
190.33387756347656
186.3539276123047
182.46717834472656
178.58636474609375
174.65576171875
170.6682891845703
166.62405395507812
162.52359008789062
158.39559936523438
154.2708282470703
150.17108154296875
146.1106414794922
142.09239196777344
138.10446166992188
134.17007446289062
130.45281982421875
126.8050765991211
123.20635986328125
119.69519805908203
116.30242919921875
113.0284652709961
109.8852310180664
106.87024688720703
103.97480773925781
101.19133758544922
98.51907348632812
95.95637512207031
93.49959564208984
91.14569091796875
88.88404846191406
86.71968841552734
84.6587905883789
82.70249938964844
80.85160827636719
