1500.0
1500.0
1500.0
1500.0
1500.0
1500.0
1500.0
1500.0
1500.0
1500.0
1500.0
1500.0
1500.0
1500.0
1500.0
1500.0
1500.0
1500.0
1500.0
1500.0
1500.0
1500.0
1500.0
1500.0
1500.0
1500.0
1500.0
1500.0
1500.0
1500.0
1500.0
1500.0
100.0
100.0
100.0
100.0
100.0
100.0
1500.0
1500.0
1500.0
1500.0
1500.0
1500.0
1500.0
1500.0
1500.0
1500.0
1500.0
1500.0
1500.0
1500.0
1500.0
1500.0
1500.0
1500.0
1500.0
1500.0
1500.0
1447.838623046875
1395.908203125
1346.3524169921875
1298.843505859375
1252.944091796875
1209.114013671875
1167.736328125
1128.1602783203125
1090.18310546875
1053.59423828125
1018.5460815429688
984.830078125
952.3839111328125
921.2420654296875
891.3455200195312
862.623779296875
834.5503540039062
806.6937866210938
780.2442016601562
754.6332397460938
729.8934326171875
706.0399780273438
683.0099487304688
661.0494995117188
639.885498046875
619.7730712890625
600.8239135742188
582.8184814453125
565.6494140625
549.2474365234375
533.6986083984375
519.0925903320312
505.5794677734375
