1499.9949951171875
1500.0
1500.0
1500.0
1500.0
1500.0
1500.0
1500.0
1500.0
1500.0
1500.0
1500.0
1499.9998779296875
1499.9998779296875
1500.0
1500.0
1500.0
1500.0
1500.0
1500.0
1500.0
1500.0
1500.0
1500.0
1500.0
1500.0
1500.0
1500.0
1500.0
1500.0
1500.0
1500.0
100.0
100.0
100.0
100.0
100.0
100.0
1500.0
1500.0
1500.0
1500.0
1500.0
1500.0
1500.0
1500.0
1500.0
1500.0
1500.0
1500.0
1500.0
1500.0
1500.0
1500.0
1500.0
1500.0
1500.0
1500.0
1500.0
1500.0
1500.0
1500.0
1500.0
1500.0
1500.0
1500.0
1500.0
1500.0
1500.0
1500.0
1500.0001220703125
1500.0001220703125
1500.0001220703125
1500.0001220703125
1500.0001220703125
1500.0
1500.000244140625
1500.0001220703125
1500.000244140625
1499.979248046875
1500.0
1499.9998779296875
1472.9473876953125
1440.4359130859375
1413.738525390625
1388.7642822265625
1364.1072998046875
1339.83935546875
1315.9085693359375
1292.4775390625
1269.9796142578125
1248.119384765625
1226.173095703125
1205.17822265625
