1499.999755859375
1500.0020751953125
1500.0
1499.9996337890625
1500.0
1500.0
1500.0
1500.0
1500.0
1500.0
1500.0
1500.0
1500.0
1500.0
1500.0
1500.0
1500.0
1500.0
1500.0
1500.0
1500.0
1500.0
1500.0
1500.0
1500.0
1500.0
1500.0
1477.4012451171875
1430.2845458984375
1382.7060546875
1334.2742919921875
1284.481689453125
99.99998474121094
100.0
100.0
100.0
100.0
100.0
1382.89013671875
1298.69873046875
1242.445068359375
1186.7606201171875
1145.7374267578125
1106.3250732421875
1064.4610595703125
1019.9448852539062
974.059814453125
928.9755859375
884.8599853515625
841.6464233398438
798.5608520507812
756.48486328125
716.2876586914062
678.36083984375
642.9539794921875
610.2378540039062
580.0360717773438
552.0249633789062
525.9383544921875
501.49139404296875
478.5654602050781
468.7158508300781
456.7421569824219
436.1932678222656
416.7414855957031
398.45196533203125
381.173828125
364.68597412109375
348.9766540527344
334.67822265625
321.5847473144531
309.3583984375
297.79583740234375
286.7403259277344
276.03717041015625
265.9344482421875
256.52777099609375
247.90081787109375
239.79054260253906
232.04649353027344
224.47161865234375
217.306884765625
210.28118896484375
203.67799377441406
197.4071807861328
191.69619750976562
186.71434020996094
182.23377990722656
178.0570526123047
174.12210083007812
170.3732452392578
166.83729553222656
163.5745849609375
160.5804901123047
