1500.0
1500.0
1500.001708984375
1500.0
1500.0
1500.0
1500.0
1499.9998779296875
1500.0
1500.0
1500.0
1500.0
1500.0
1500.0
1500.0
1500.0
1500.0
1500.0
1500.0
1500.0
1500.0
1500.0
1500.0
1500.0
1500.0
1500.0
1500.0
1500.0
1500.0
1500.0
1500.0
1500.0
100.0
100.0
100.0
100.0
100.0
100.0
1500.0
1499.999755859375
1500.0
1500.0
1500.0
1500.0
1500.0
1500.0
1500.0
1500.0
1500.0
1500.0
1500.0
1498.6317138671875
1421.045654296875
1351.0609130859375
1285.899169921875
1220.9283447265625
1149.5482177734375
1077.4332275390625
1014.867431640625
957.0234375
901.6431884765625
845.5008544921875
795.5343017578125
744.3129272460938
692.0029296875
644.8090209960938
606.7844848632812
570.8628540039062
538.3629760742188
523.0949096679688
508.4209289550781
481.6822509765625
458.20147705078125
435.9045715332031
414.98895263671875
395.4971008300781
377.0827331542969
361.01739501953125
348.0247497558594
341.82916259765625
335.4960632324219
326.891845703125
315.147705078125
299.95098876953125
282.7011413574219
264.7876281738281
246.22091674804688
229.3494415283203
222.51580810546875
216.77491760253906
211.15342712402344
203.68116760253906
194.68182373046875
