1500.0
1500.0
1500.0
1500.0028076171875
1500.0
1500.0
1500.0
1500.0
1500.0
1500.0
1500.0
1500.0
1500.0
1500.0
1500.0
1500.0
1500.0
1500.0
1500.0
1500.0
1500.0
1500.0
1500.0
1500.0
1500.0
1500.0
1445.6611328125
1359.78564453125
1269.4144287109375
1182.0926513671875
1099.598388671875
1021.5441284179688
100.0
100.0
100.0
100.0
100.0
100.0
1472.65380859375
1203.0152587890625
1078.9813232421875
963.7046508789062
865.1139526367188
785.8356323242188
742.0859375
705.1163330078125
670.3728637695312
636.4491577148438
604.017333984375
573.6437377929688
547.2178344726562
524.24560546875
503.4856872558594
484.0338134765625
465.2110290527344
446.8766784667969
429.0739440917969
411.9507141113281
395.7138977050781
380.44964599609375
366.04486083984375
352.42889404296875
339.4819030761719
327.0679016113281
315.086181640625
303.84918212890625
298.4613952636719
293.2158203125
283.23834228515625
273.7408447265625
264.7266845703125
256.2700500488281
248.35824584960938
241.00645446777344
234.19725036621094
227.8703155517578
221.95106506347656
216.38714599609375
211.13690185546875
206.15980529785156
201.46627807617188
197.0581512451172
192.88687133789062
190.8165740966797
188.86866760253906
185.23193359375
181.7178192138672
178.33799743652344
175.06785583496094
171.88671875
168.8080291748047
165.85150146484375
163.0203094482422
160.312744140625
