1500.0
1500.0
1500.0
1500.0
1500.0
1500.0
1500.0
1500.0
1500.0
1500.0
1500.0
1500.0
1500.0
1500.0
1500.0
1500.0
1500.0
1500.0
1500.0
1500.0
1500.0
1500.0
1500.0
1500.0
1500.0
1500.0
1500.0
1500.0
1500.0
1500.0
1500.0
1500.0
100.0
100.0
100.0
100.0
100.0
100.0
1500.0
1500.0
1500.0
1500.0
1500.0
1497.0091552734375
1372.7734375
1257.645263671875
1155.8621826171875
1061.8045654296875
976.5105590820312
900.7564697265625
832.5584716796875
800.4403076171875
769.8399047851562
715.97705078125
664.0067138671875
613.749267578125
566.1912841796875
530.17138671875
500.9254150390625
474.7919006347656
449.59063720703125
424.02740478515625
398.665283203125
374.1308288574219
351.73101806640625
330.40899658203125
309.5696105957031
291.4190979003906
278.3597412109375
266.5082092285156
255.14622497558594
244.14566040039062
233.6169891357422
223.30621337890625
213.09063720703125
203.02981567382812
193.2675323486328
183.61485290527344
174.0247344970703
164.8283233642578
156.4572296142578
148.460205078125
140.68167114257812
133.77365112304688
127.73387145996094
123.68607330322266
120.61241912841797
118.57036590576172
116.35676574707031
114.07157135009766
111.7625961303711
109.46890258789062
107.22920227050781
