1500.0
1500.0250244140625
1499.9998779296875
1500.0
1500.0
1500.0
1499.9998779296875
1500.0
1500.0
1500.0
1500.0
1500.0
1500.0
1500.0
1500.0
1500.0
1500.0
1489.690185546875
1472.866943359375
1455.0322265625
1434.0604248046875
1409.5174560546875
1381.77978515625
1351.3626708984375
1318.7933349609375
1284.41162109375
1248.6138916015625
1211.6873779296875
1173.60302734375
1134.545166015625
1095.0089111328125
1055.35009765625
100.0
100.0
100.0
100.0
100.0
100.0
1329.0814208984375
1067.739990234375
981.8895263671875
937.3612670898438
898.7417602539062
860.7169799804688
840.7832641601562
822.8839111328125
783.4798583984375
743.8604125976562
705.5247802734375
667.7146606445312
630.2559814453125
593.5623168945312
560.4515380859375
530.335205078125
502.7908630371094
477.3318176269531
453.4420471191406
431.2003479003906
410.3829345703125
390.93475341796875
372.82098388671875
355.9787292480469
340.49517822265625
326.17364501953125
312.6879577636719
299.8237609863281
287.8542785644531
276.8575134277344
266.5658264160156
256.7500305175781
247.3378143310547
238.2843475341797
229.6035614013672
221.64926147460938
214.7118377685547
208.72019958496094
203.24452209472656
198.126220703125
193.2955780029297
188.7868194580078
184.51300048828125
180.46511840820312
176.70191955566406
173.1076202392578
169.7758331298828
166.82826232910156
164.21966552734375
161.52859497070312
158.3718719482422
155.11422729492188
150.9859619140625
147.00326538085938
143.17172241210938
