1499.9998779296875
1499.9998779296875
1500.0
1500.0
1500.0
1500.0
1500.0
1500.0
1500.0
1500.0
1500.0
1500.0
1500.0
1500.0
1500.0
1500.0
1500.0
1500.0
1500.0
1500.0
1461.4715576171875
1403.8560791015625
1347.025146484375
1290.082763671875
1233.160888671875
1176.6279296875
1121.78173828125
1068.1658935546875
1014.8952026367188
962.9085083007812
912.4017944335938
862.0782470703125
100.0
100.0
100.0
100.0
100.0
100.0
938.9139404296875
824.0394897460938
757.149169921875
701.183837890625
650.7073364257812
604.8207397460938
562.3460693359375
521.8472290039062
483.6515808105469
446.76123046875
411.1837158203125
379.27691650390625
351.293701171875
325.8811340332031
301.400146484375
279.2480773925781
259.3899230957031
241.42471313476562
225.02218627929688
209.9929656982422
196.17807006835938
183.44090270996094
171.67059326171875
166.25193786621094
161.16908264160156
151.9285888671875
143.49533081054688
135.77232360839844
128.6710662841797
122.12370300292969
116.07984924316406
110.48751068115234
105.29948425292969
100.48021697998047
95.9974365234375
91.82316589355469
87.93425750732422
84.3061752319336
80.91320037841797
77.73515319824219
74.75594329833984
71.95958709716797
69.33168029785156
66.85630798339844
64.51728057861328
62.303768157958984
60.207176208496094
58.22148895263672
56.341060638427734
54.560794830322266
52.87839889526367
51.28925323486328
49.78067398071289
48.345767974853516
46.98008346557617
