1499.9998779296875
1500.0
1500.0
1500.0
1500.0
1500.0
1500.0
1500.0
1500.0
1500.0
1500.0
1500.0
1500.0
1500.0
1500.0
1500.0
1500.0
1500.0
1500.0
1500.0
1500.0
1500.0
1500.0
1500.0
1500.0
1500.0
1451.51416015625
1396.126708984375
1343.9173583984375
1289.0313720703125
1235.868408203125
1183.8470458984375
100.0
100.0
100.0
100.0
100.0
100.0
1220.767333984375
1022.0414428710938
942.5728149414062
893.3236083984375
852.7071533203125
814.6632080078125
777.5357666015625
740.914306640625
704.9342041015625
669.7947387695312
635.8253173828125
603.3052978515625
572.2896118164062
542.620849609375
523.5226440429688
514.1380004882812
486.943115234375
461.13128662109375
436.7060241699219
413.6185607910156
391.83837890625
370.92034912109375
351.49932861328125
333.3729553222656
316.45758056640625
300.6133728027344
285.6882019042969
271.0257568359375
257.8320007324219
245.64706420898438
234.04312133789062
222.89801025390625
212.57235717773438
202.9552764892578
193.88150024414062
185.29885864257812
177.25369262695312
169.6802215576172
162.5270233154297
155.77474975585938
149.3976593017578
143.37539672851562
137.68112182617188
132.27529907226562
127.14000701904297
122.26399230957031
117.62838745117188
113.22684478759766
109.04710388183594
105.07280731201172
101.2954330444336
97.70249938964844
94.28913879394531
91.03948974609375
87.93965911865234
