1499.9984130859375
1500.0
1500.0
1500.0
1500.0
1500.0
1500.0
1500.0
1500.0
1500.0
1500.0
1500.0
1500.0
1500.0
1500.0
1500.0
1500.0
1500.0
1500.0
1500.0
1500.0
1500.0
1500.0
1500.0
1500.0
1500.0
1500.0
1500.0
1500.0
1500.0
1500.0
1500.0
100.0
100.0
100.0
100.0
100.0
100.0
1500.0
1500.0
1500.0
1500.0
1500.0
1500.0
1500.0
1462.510009765625
1383.5845947265625
1312.060791015625
1246.2518310546875
1185.4681396484375
1129.1307373046875
1076.946044921875
1028.6612548828125
984.075439453125
942.8755493164062
904.957275390625
869.4908447265625
835.9459228515625
803.8480834960938
773.1810913085938
743.9752197265625
716.4135131835938
690.4906005859375
666.5872802734375
644.4688110351562
623.6530151367188
603.9002685546875
585.0621337890625
567.1353149414062
550.073974609375
533.8844604492188
518.5637817382812
504.03948974609375
489.90478515625
476.0726318359375
462.5278625488281
449.26239013671875
436.255126953125
423.6776428222656
411.5419921875
400.2401428222656
389.981689453125
380.6498718261719
372.0261535644531
363.9200439453125
356.20098876953125
348.77880859375
341.5882873535156
334.6535339355469
327.99456787109375
321.5882873535156
315.3569030761719
