1500.0
1500.0
1500.0
1500.0
1500.0
1500.0
1500.0
1500.0
1500.0
1500.0
1500.0
1500.0
1500.0
1500.0
1500.0
1500.0
1500.0
1500.0
1500.0
1500.0
1500.0
1500.0
1500.0
1500.0
1500.0
1500.0
1500.0
1500.0
1467.8984375
1410.78759765625
1358.9478759765625
1309.6234130859375
100.0
100.0
100.0
100.0
100.0
100.0
1328.3021240234375
1132.0
1054.547607421875
1006.9217529296875
968.1778564453125
932.219970703125
896.9244995117188
861.6516723632812
826.1859130859375
790.677490234375
755.4014892578125
720.48876953125
686.1356201171875
652.4534301757812
619.749755859375
588.2803955078125
558.22021484375
529.4886474609375
501.8781433105469
475.44378662109375
450.2793884277344
426.30615234375
403.5325012207031
381.9410400390625
361.4698181152344
341.4710388183594
322.64605712890625
305.5261535644531
289.54376220703125
274.40484619140625
260.09783935546875
246.4058837890625
233.66671752929688
221.6673126220703
210.37911987304688
199.75833129882812
189.64752197265625
180.19798278808594
171.3411102294922
162.9932098388672
155.1565399169922
147.80029296875
140.90626525878906
134.45579528808594
128.41221618652344
122.74557495117188
117.43326568603516
112.44624328613281
107.76133728027344
103.3454818725586
99.18824005126953
95.27255249023438
91.58174896240234
88.10494995117188
