1499.999755859375
1499.996826171875
1500.0013427734375
1500.0
1500.0
1500.0
1500.0
1500.0
1500.0
1500.0
1500.0
1499.9998779296875
1500.0
1500.0
1500.0
1500.0
1500.0
1499.9996337890625
1500.0
1500.0
1500.0
1500.0
1500.0
1500.0
1500.0
1500.0
1500.0
1500.0
1500.0
1475.1937255859375
1405.3912353515625
1339.12939453125
100.0
100.0
100.0
100.0
100.0
100.0
1409.5772705078125
1229.16357421875
1138.59765625
1071.7978515625
1015.6697387695312
965.2249145507812
918.6653442382812
875.6288452148438
835.2221069335938
796.915771484375
760.2984619140625
725.19091796875
691.5147705078125
675.1458740234375
659.1021728515625
628.0634765625
598.3336181640625
569.9717407226562
542.8750610351562
516.954345703125
492.1556701660156
468.4356384277344
445.7610778808594
424.12994384765625
403.5158386230469
383.9218444824219
365.3760681152344
347.8730773925781
331.3682556152344
315.7844543457031
301.07550048828125
287.2151184082031
274.1589660644531
261.8249816894531
250.17572021484375
239.093505859375
228.63424682617188
218.7899932861328
209.24395751953125
200.22796630859375
191.57981872558594
183.60935974121094
176.2655029296875
169.29441833496094
162.68431091308594
156.4147491455078
150.43406677246094
144.75917053222656
139.39817810058594
134.33047485351562
129.5392303466797
124.99205017089844
120.67176055908203
116.56112670898438
112.64717864990234
