1500.0
1500.0
1500.0
1500.0594482421875
1500.0
1500.0
1500.0
1500.0
1500.0
1500.0
1500.0
1500.0
1500.0
1500.0
1500.0
1500.0
1500.0
1500.0
1500.0
1500.0
1500.0
1500.0
1500.0
1500.0
1500.0
1500.0
1500.0
1500.0
1500.0
1500.0
1500.0
1500.0
100.0
100.0
100.0
100.0
100.0
100.0
1500.0120849609375
1500.0
1500.0
1500.0
1500.0
1500.0
1500.0
1410.010009765625
1302.4195556640625
1209.2034912109375
1124.0289306640625
1045.4530029296875
973.0787963867188
905.7826538085938
845.7794799804688
791.1307983398438
739.5175170898438
693.6736450195312
649.8726196289062
608.3101196289062
569.3438720703125
530.0426635742188
499.489501953125
473.25115966796875
447.1509094238281
421.8670959472656
397.6978454589844
374.23187255859375
353.13726806640625
333.0075378417969
313.33734130859375
294.2452697753906
278.34124755859375
266.4060974121094
255.53395080566406
245.20457458496094
235.75698852539062
226.7186279296875
217.62062072753906
208.3778076171875
199.0259552001953
189.777099609375
180.66107177734375
171.77197265625
163.54136657714844
155.9667205810547
148.73248291015625
141.76846313476562
135.33164978027344
129.26907348632812
124.0434799194336
119.88074493408203
117.5712661743164
115.98788452148438
