1500.0
1500.0
1499.9996337890625
1500.0
1500.0
1499.999755859375
1500.0
1500.0
1500.0
1500.0
1500.0
1500.0
1500.0
1500.0
1500.0
1500.0
1500.0
1500.0
1500.0
1500.0
1500.0
1500.0
1500.0
1500.0
1500.0
1500.0
1500.0
1500.0
1500.0
1500.0
1500.0
1500.0
100.0
100.0
100.0
100.0
100.0
100.0
1500.0
1500.0
1500.0
1500.0
1500.0
1500.0
1500.0
1500.0
1500.0
1500.0
1500.0
1500.0
1500.0
1500.0
1500.0
1500.0
1500.0
1500.0
1500.0
1447.0740966796875
1392.357666015625
1340.364501953125
1290.2684326171875
1242.604736328125
1198.230712890625
1156.3699951171875
1116.4754638671875
1078.421142578125
1043.177734375
1009.8504028320312
978.6380004882812
949.301025390625
922.0088500976562
896.5597534179688
872.841064453125
850.63671875
829.8624267578125
810.6036376953125
792.70947265625
775.8828735351562
759.6378784179688
743.6110229492188
727.7533569335938
712.5494384765625
698.0377197265625
684.0787963867188
670.0578002929688
655.661376953125
640.5852661132812
624.76904296875
608.3629150390625
593.14599609375
579.0067749023438
566.176513671875
552.827392578125
