1500.0
1500.0
1500.0
1500.0
1500.0
1500.0
1500.0
1500.0
1500.0
1500.0
1500.0
1500.0
1500.0
1500.0
1500.0
1500.0
1500.0
1500.0
1500.0
1500.0
1500.0
1500.0
1500.0
1500.0
1500.0
1500.0
1500.0
1500.0
1500.0
1500.0
1500.0
1500.0
100.0
100.0
100.0
100.0
100.0
100.0
1500.0
1500.0
1500.0
1500.0
1500.0
1500.0
1500.0
1500.0
1500.0
1500.0
1500.0
1500.0
1500.0
1500.0
1500.0
1477.0816650390625
1398.9517822265625
1327.4923095703125
1259.5552978515625
1194.56787109375
1132.38623046875
1073.018310546875
1016.4306030273438
962.4718017578125
911.4139404296875
863.1945190429688
817.6709594726562
774.677978515625
734.1756591796875
696.0176391601562
677.6212158203125
659.7545776367188
625.70556640625
593.576904296875
563.3112182617188
534.8148193359375
508.0334167480469
482.79656982421875
458.9235534667969
436.73968505859375
415.9825744628906
396.31494140625
377.1134948730469
359.51531982421875
343.5611267089844
328.4230651855469
314.10333251953125
300.5629577636719
287.718994140625
275.6048889160156
264.16668701171875
253.35455322265625
243.13400268554688
233.44590759277344
224.25704956054688
