1499.9998779296875
1500.0
1500.0
1500.0
1499.999755859375
1500.0
1500.0
1500.0
1500.0
1500.0
1500.0
1500.0
1500.0
1500.0
1500.0
1500.0
1500.0
1500.0
1500.0
1500.0
1500.0
1500.0
1500.0
1500.0
1500.0
1500.0
1456.0953369140625
1399.8140869140625
1347.4342041015625
1292.795654296875
1239.4766845703125
1187.476806640625
100.0
100.0
100.0
100.0
100.0
100.0
1221.8961181640625
1022.6148071289062
971.6878662109375
939.1279296875
893.5520629882812
853.7307739257812
815.46923828125
777.8419799804688
740.7095336914062
704.2818603515625
668.757568359375
634.4904174804688
601.752685546875
570.5989990234375
540.8193359375
523.131103515625
512.3001098632812
485.0792541503906
459.2644958496094
434.84014892578125
411.7826843261719
389.69757080078125
368.9423522949219
349.69549560546875
331.6487121582031
314.78619384765625
298.9832458496094
283.9828186035156
269.2493896484375
256.4010925292969
244.18057250976562
232.53746032714844
221.44430541992188
211.15957641601562
201.55368041992188
192.48001098632812
183.9171142578125
175.90139770507812
168.34426879882812
161.2156982421875
154.49307250976562
148.1465301513672
142.15953063964844
136.4928741455078
131.10279846191406
125.97512817382812
121.11197662353516
116.49993896484375
112.1273193359375
107.97582244873047
104.0265884399414
100.2725830078125
96.7022933959961
93.30863189697266
90.07820892333984
86.99665069580078
