1499.9990234375
1500.0
1500.0
1500.0169677734375
1500.0
1499.9998779296875
1500.0
1500.0
1500.0
1500.0
1500.0
1500.0
1500.0
1500.0
1500.0
1500.0
1500.0
1500.0
1500.0
1500.0
1500.0
1500.0
1500.0
1500.0
1500.0
1500.0
1500.0
1500.0
1500.0
1500.0
1500.0
1500.0
100.0
100.0
100.0
100.0
100.0
100.0
1500.0
1500.0
1500.0
1500.0
1500.0
1500.0
1500.0
1500.0
1500.0
1500.0
1500.0
1500.0
1500.0
1500.0
1500.0
1500.0
1499.999755859375
1500.0
1500.0
1468.3516845703125
1406.6927490234375
1348.1236572265625
1291.50146484375
1236.7239990234375
1182.6275634765625
1127.64453125
1073.575927734375
1019.4967651367188
955.594482421875
886.7234497070312
830.2753295898438
792.0236206054688
758.1973876953125
726.6541137695312
698.7544555664062
672.9671020507812
648.3370971679688
624.4879150390625
601.1715087890625
578.3723754882812
556.6795043945312
536.7161254882812
518.181396484375
500.7948303222656
485.53704833984375
472.94464111328125
460.2275085449219
447.7359619140625
435.85699462890625
424.7855529785156
414.57586669921875
405.2624206542969
396.80511474609375
389.1378173828125
