1259.420654296875
984.1024169921875
780.0626831054688
677.4960327148438
638.70068359375
610.44580078125
584.8914794921875
561.5411987304688
538.4627075195312
515.7177124023438
493.818115234375
472.7478942871094
451.8597106933594
430.892578125
410.18402099609375
390.0282287597656
374.153564453125
359.27703857421875
344.46478271484375
329.7267761230469
315.2331237792969
301.075927734375
287.3489074707031
274.88226318359375
270.5008850097656
266.3892517089844
262.2381591796875
257.9178161621094
253.31039428710938
248.4036102294922
243.27767944335938
238.07260131835938
100.0
100.0
100.0
100.0
100.0
100.0
244.75318908691406
225.0395965576172
216.85000610351562
213.2490234375
207.67129516601562
202.34097290039062
199.88475036621094
197.30740356445312
192.30296325683594
187.55545043945312
183.00152587890625
178.68173217773438
174.32095336914062
169.87998962402344
165.29541015625
160.5477752685547
155.6643829345703
150.69598388671875
145.68255615234375
140.67535400390625
135.70709228515625
130.96580505371094
126.32633972167969
121.7967758178711
117.4260482788086
113.21273803710938
109.21732330322266
105.41827392578125
101.8027572631836
98.3720474243164
95.1263198852539
92.0703125
89.19251251220703
86.4911880493164
83.95989227294922
81.5794448852539
79.38618469238281
77.30547332763672
75.31790161132812
73.42662048339844
71.63021850585938
69.920166015625
68.28864288330078
66.73289489746094
65.24755859375
63.82896041870117
62.46731948852539
61.16121292114258
59.90735626220703
58.70201873779297
57.53366470336914
56.396629333496094
55.28849792480469
54.207313537597656
53.15267562866211
52.12275695800781
