1279.3194580078125
975.419677734375
785.5218505859375
678.5281372070312
639.6372680664062
612.7825317382812
588.6732788085938
566.60400390625
544.496337890625
522.3890991210938
500.7779235839844
480.0491943359375
459.6239929199219
439.45550537109375
419.3798828125
399.7779235839844
382.4314880371094
368.4169616699219
354.2587585449219
340.05670166015625
325.7078857421875
311.363037109375
297.4019775390625
283.97613525390625
273.29156494140625
268.9665832519531
264.9133605957031
260.81170654296875
256.5074462890625
251.8994598388672
247.0254669189453
241.89312744140625
100.0
100.0
100.0
100.0
100.0
100.0
254.31198120117188
233.9659423828125
221.34161376953125
217.29202270507812
211.92820739746094
206.55972290039062
201.4490966796875
196.64537048339844
192.0450439453125
187.57156372070312
183.17071533203125
178.9644012451172
174.65060424804688
170.20025634765625
165.5759735107422
160.77523803710938
155.8419647216797
150.83795166015625
145.82151794433594
140.8271942138672
135.86851501464844
131.16510009765625
126.57646942138672
122.09455108642578
117.76324462890625
113.60541534423828
109.65818786621094
105.90333557128906
102.32633209228516
98.93222045898438
95.7166748046875
92.66976165771484
89.78702545166016
87.07197570800781
84.51205444335938
82.1264877319336
79.91007995605469
77.83331298828125
75.85730743408203
73.97596740722656
72.18067169189453
70.46894836425781
68.8405990600586
67.29145812988281
65.81314086914062
64.40438079833984
63.052337646484375
61.75422668457031
60.507999420166016
59.31070327758789
58.15217971801758
57.02505874633789
55.92644500732422
54.85371017456055
53.80617904663086
