1499.9986572265625
1243.33642578125
1084.7979736328125
1024.21044921875
1001.1282348632812
985.3670654296875
973.2266845703125
961.6786499023438
947.9458618164062
934.3696899414062
921.5103759765625
908.3905029296875
895.1802978515625
882.4593505859375
870.0192260742188
857.63037109375
844.3129272460938
829.3057250976562
811.5694580078125
790.7772827148438
767.1741943359375
741.628173828125
716.4398803710938
691.8480224609375
667.3431396484375
643.2588500976562
619.0433349609375
594.7162475585938
570.375732421875
546.1389770507812
522.58154296875
499.684814453125
100.0
100.0
100.0
100.0
100.0
100.0
457.3986511230469
427.07196044921875
407.0601501464844
390.2777099609375
374.77783203125
360.0488586425781
345.696533203125
331.5005798339844
317.3682556152344
303.24139404296875
289.18603515625
275.34259033203125
261.8415832519531
248.7943572998047
236.34886169433594
224.61990356445312
213.26971435546875
202.23214721679688
191.78216552734375
181.7873992919922
177.4844970703125
172.21298217773438
163.1190948486328
154.12725830078125
145.7672119140625
137.92698669433594
130.576171875
123.66658782958984
116.7016372680664
113.40579986572266
110.29874420166016
104.41574096679688
98.87691497802734
93.64201354980469
88.730224609375
84.0576400756836
79.68470764160156
75.53433227539062
71.6605224609375
68.04402923583984
64.66387176513672
61.51465606689453
58.58894729614258
55.8700065612793
53.33639144897461
50.96976852416992
48.755775451660156
46.679222106933594
44.728973388671875
42.89720916748047
41.1784553527832
39.56306838989258
38.04549789428711
36.61849594116211
35.27455520629883
34.01046371459961
