1500.0
1500.0
1500.0
1500.0
1500.0
1500.0
1500.0
1500.0
1500.0
1500.0
1500.0
1500.0
1500.0
1500.0
1500.0
1500.0
1500.0
1500.0
1500.0
1500.0
1500.0
1500.0
1500.0
1500.0
1500.0
1500.0
1500.0
1500.0
1500.0
1500.0
1500.0
1500.0
100.0
100.0
100.0
100.0
100.0
100.0
1500.0
1500.0
1500.0
1500.0
1500.0
1500.0
1500.0
1500.0
1500.0
1500.0
1443.4669189453125
1357.7802734375
1280.75048828125
1210.2496337890625
1143.7803955078125
1080.7803955078125
1020.8102416992188
964.2200317382812
910.7797241210938
861.695068359375
816.5078735351562
776.0965576171875
739.0931396484375
703.2957153320312
669.658935546875
637.8117065429688
607.1058959960938
579.38671875
564.4597778320312
553.5816040039062
528.7008056640625
504.8689880371094
482.54559326171875
461.21759033203125
440.9334411621094
420.10784912109375
400.07659912109375
380.8963623046875
361.7838439941406
343.7789001464844
326.4162292480469
308.78253173828125
293.47491455078125
280.6582336425781
267.82257080078125
254.9824981689453
244.5442657470703
235.6646270751953
226.3530731201172
216.22128295898438
204.99951171875
192.88128662109375
181.50148010253906
170.67514038085938
161.24835205078125
