1500.0
1500.0
1500.0
1500.0
1500.0
1500.0
1500.0
1500.0
1500.0
1500.0
1500.0
1500.0
1500.0
1500.0
1500.0
1500.0
1500.0
1500.0
1500.0
1500.0
1500.0
1500.0
1500.0
1500.0
1500.0
1500.0
1500.0
1500.0
1500.0
1500.0
1500.0
1500.0
100.0
100.0
100.0
100.0
100.0
100.0
1500.0
1500.0
1500.0
1500.0
1500.0
1500.0
1500.0
1500.0
1500.0
1500.0
1500.0
1500.0
1500.0
1500.0
1500.0
1500.0
1500.0
1500.0
1500.0
1500.0
1500.0
1500.0
1500.0
1460.010009765625
1415.1484375
1373.374267578125
1333.5369873046875
1295.07568359375
1257.737548828125
1221.3968505859375
1185.82470703125
1151.1309814453125
1117.4698486328125
1085.10107421875
1054.1326904296875
1024.5921630859375
996.4376220703125
969.5758666992188
956.4768676757812
943.7023315429688
919.24609375
895.541748046875
872.5828857421875
850.3890380859375
828.8809814453125
808.014404296875
787.749755859375
768.0956420898438
749.074462890625
730.6903686523438
712.8833618164062
695.5892944335938
678.77197265625
662.4405517578125
646.7362060546875
