0.0931488573551178
0.10477876663208008
0.11948937177658081
0.12956726551055908
0.13708770275115967
0.1406063288450241
0.14270539581775665
0.14426623284816742
0.14545543491840363
0.14642168581485748
0.1472208946943283
0.14797286689281464
0.14880216121673584
0.1496368795633316
0.15050958096981049
0.1514749974012375
0.1524360328912735
0.15346212685108185
0.15462316572666168
0.15570533275604248
0.15663984417915344
0.15837009251117706
0.1607576608657837
0.1634645015001297
0.16825759410858154
0.1759803295135498
0.18642635643482208
0.1997029334306717
0.21624507009983063
0.23666103184223175
0.2622223496437073
0.29415586590766907
0.04601414129137993
0.024739252403378487
0.016374722123146057
0.03828828036785126
0.13047729432582855
0.20984673500061035
5.647738933563232
9.039419174194336
12.360525131225586
15.396305084228516
18.33129119873047
21.267433166503906
24.45718002319336
28.398305892944336
32.68248748779297
37.561485290527344
42.7736701965332
44.49897003173828
45.61821746826172
46.70293426513672
47.87211990356445
48.824092864990234
49.57373046875
50.20857620239258
50.79964828491211
51.307579040527344
51.700042724609375
51.969017028808594
52.120155334472656
52.220333099365234
52.28525924682617
52.32125473022461
52.32039260864258
52.281314849853516
52.21083450317383
52.13203048706055
52.06641387939453
52.02145004272461
52.02201461791992
52.020416259765625
67.485595703125
88.62417602539062
101.1773681640625
108.22767639160156
112.54373168945312
115.513427734375
117.32574462890625
118.43033599853516
119.102294921875
119.62466430664062
119.88743591308594
119.94678497314453
119.99815368652344
119.92393493652344
119.71894073486328
119.40778350830078
119.01165008544922
118.55994415283203
118.08744049072266
117.61974334716797
