0.03791309893131256
0.04035433381795883
0.04417477920651436
0.04825033247470856
0.051524970680475235
0.052484624087810516
0.05280251428484917
0.052974674850702286
0.05331870913505554
0.05362919345498085
0.053951725363731384
0.05429251864552498
0.05460424721240997
0.05496138706803322
0.0553206205368042
0.05567317083477974
0.05604013055562973
0.056415725499391556
0.05681253597140312
0.05728011578321457
0.05789516493678093
0.05863529443740845
0.05947039648890495
0.06037156283855438
0.061314862221479416
0.062283698469400406
0.063269704580307
0.06427305936813354
0.06530660390853882
0.06632326543331146
0.0673287883400917
0.06832683831453323
0.003970310091972351
0.003771468298509717
0.003691811580210924
0.003656635759398341
0.003641424933448434
0.003634963883087039
0.06305956840515137
0.06586655974388123
0.06747216731309891
0.06882630288600922
0.0701950415968895
0.07164141535758972
0.07317343354225159
0.07477245479822159
0.0764249712228775
0.07822040468454361
0.07997515052556992
0.08171343803405762
0.08356250822544098
0.08550776541233063
0.08751187473535538
0.08951548486948013
0.09143165498971939
0.09293588995933533
0.09423687309026718
0.09581396728754044
0.09732022881507874
0.09875966608524323
0.1001279205083847
0.10141154378652573
0.10204656422138214
0.10266642272472382
0.10378469526767731
0.1048937737941742
0.10653144121170044
0.10803544521331787
0.10896995663642883
0.10996023565530777
0.10714845359325409
0.10294155776500702
0.09877079725265503
0.09524611383676529
0.09229638427495956
0.08951966464519501
0.08666807413101196
0.08383515477180481
0.08101386576890945
0.07919997721910477
0.07821004092693329
0.07773015648126602
0.07756154239177704
0.0776689276099205
0.08521862328052521
0.10791940987110138
0.14015214145183563
0.1784246861934662
0.22098064422607422
0.2668320834636688
0.31612953543663025
0.3686107099056244
0.42420417070388794
