0.008677932433784008
0.008519045077264309
0.008128982968628407
0.007824379950761795
0.00764964846894145
0.00754204299300909
0.007459617219865322
0.007386565208435059
0.007318621035665274
0.007251739501953125
0.007186839822679758
0.007126412820070982
0.007068172097206116
0.007010979577898979
0.006957285106182098
0.006910114549100399
0.006867706310003996
0.006829016376286745
0.006791568361222744
0.006753218360245228
0.006711720488965511
0.006663137581199408
0.006611138582229614
0.0065580508671700954
0.006502489093691111
0.006442904472351074
0.006378659512847662
0.00630900589749217
0.006235903594642878
0.006158399861305952
0.006076399702578783
0.005980390589684248
0.001096792402677238
0.0010925987735390663
0.0011135439854115248
0.0011363376397639513
0.00115766073577106
0.0011772694997489452
0.005886844824999571
0.005722835194319487
0.005577117670327425
0.005458523519337177
0.005345197860151529
0.00528912665322423
0.005232429131865501
0.005114794708788395
0.0049935937859117985
0.00486911041662097
0.004742381628602743
0.004614412784576416
0.004486928693950176
0.004360450431704521
0.004233581013977528
0.0041611348278820515
0.0041066319681704044
0.003979220055043697
0.0038526065181940794
0.003727087052538991
0.003603378776460886
0.003482280997559428
0.0033641124609857798
0.0032494887709617615
0.0031384737230837345
0.0030304344836622477
0.0029255400877445936
0.0028242929838597775
0.002726954175159335
0.0026326405350118876
0.002541289897635579
0.0024530652444809675
0.0023679088335484266
0.0022860101889818907
0.002207609824836254
0.002132777590304613
0.002061485080048442
0.0019935835152864456
0.0019289861666038632
0.0018673754530027509
0.0018085249466821551
0.0017521760892122984
0.0016981789376586676
0.0016464991495013237
0.0015970076201483607
0.0015495686093345284
0.0015040527796372771
0.0014603511663153768
0.0014183559687808156
0.0013780336594209075
0.0013393671251833439
0.0013023230712860823
0.001266840728931129
0.001232846174389124
0.001200269442051649
0.0011690107639878988
