0.008007897064089775
0.008882085792720318
0.009894723072648048
0.01099830586463213
0.011563939973711967
0.01171197835355997
0.011795331723988056
0.011897261254489422
0.01202964037656784
0.01217624545097351
0.012313670478761196
0.012431636452674866
0.012551329098641872
0.012712813913822174
0.012946470640599728
0.013248883187770844
0.013608889654278755
0.014014593325555325
0.014457779936492443
0.014888576231896877
0.01529756560921669
0.015729514881968498
0.01618553325533867
0.016669394448399544
0.017195897176861763
0.01775445230305195
0.01834983006119728
0.018995251506567
0.019703222438693047
0.020461084321141243
0.0212326031178236
0.021870367228984833
0.0012281598756089807
0.0012169743422418833
0.001226317253895104
0.0012377339880913496
0.0012489946093410254
0.0012598938774317503
0.022679325193166733
0.023234760388731956
0.023313619196414948
0.023495929315686226
0.0238652266561985
0.02409396320581436
0.024362938478589058
0.02499697171151638
0.025686245411634445
0.02639356069266796
0.027115952223539352
0.027860328555107117
0.028623433783650398
0.02941381372511387
0.03022325597703457
0.030694134533405304
0.031050020828843117
0.03187619149684906
0.032730065286159515
0.0335424579679966
0.034305181354284286
0.03501947224140167
0.03568904474377632
0.035476204007864
0.03395619988441467
0.03257947787642479
0.031270697712898254
0.030019601806998253
0.02882249280810356
0.027680659666657448
0.0265889223664999
0.02554442547261715
0.024544626474380493
0.023603884503245354
0.022718073800206184
0.021880704909563065
0.02108807861804962
0.020337769761681557
0.01962592825293541
0.018947800621390343
0.018302511423826218
0.01768762245774269
0.017100509256124496
0.01654106378555298
0.01600676029920578
0.015498073771595955
0.015014509670436382
0.014555634930729866
0.014120587147772312
0.01370607316493988
0.01331168320029974
0.012935257516801357
0.012576214969158173
0.01223855558782816
0.011917741037905216
0.01161064300686121
