3.963003396987915
4.767282485961914
6.34343147277832
7.914579391479492
8.022736549377441
7.488763809204102
7.219482421875
7.276459217071533
7.556135177612305
8.00140380859375
8.589897155761719
9.236847877502441
9.771528244018555
9.95401668548584
10.020503044128418
10.035629272460938
10.0944242477417
10.215682983398438
10.407532691955566
10.644622802734375
10.91844654083252
11.183764457702637
11.441498756408691
11.68671989440918
11.920281410217285
12.163528442382812
12.419425010681152
12.67959213256836
12.941176414489746
13.206042289733887
13.496416091918945
13.787725448608398
0.4200742840766907
0.3539746403694153
0.3539515435695648
0.36791664361953735
0.38314932584762573
0.3990805149078369
16.146841049194336
16.58843231201172
16.731475830078125
16.870437622070312
17.10344123840332
17.391357421875
17.69967269897461
18.009445190429688
18.311279296875
18.601884841918945
18.880258560180664
19.14516258239746
19.39630126953125
19.634140014648438
19.85856819152832
20.069095611572266
20.265775680541992
20.450603485107422
20.626380920410156
20.794984817504883
20.95899200439453
21.123544692993164
21.28774070739746
21.450580596923828
21.612083435058594
21.771839141845703
21.928268432617188
22.08123016357422
22.23090934753418
22.376909255981445
22.52307891845703
22.670480728149414
22.81884002685547
22.968387603759766
23.117839813232422
23.270612716674805
23.42513656616211
23.580467224121094
23.73662757873535
23.89599609375
24.056982040405273
24.2182559967041
24.38053321838379
24.543563842773438
24.762920379638672
24.978300094604492
25.187376022338867
25.39000701904297
25.587665557861328
25.782506942749023
25.97759437561035
26.170442581176758
26.36054039001465
26.55155372619629
