0.48755112290382385
0.5242798924446106
0.7878119945526123
1.005569338798523
1.0241295099258423
1.031374454498291
1.0419642925262451
1.0556912422180176
1.0732113122940063
1.0957720279693604
1.1142463684082031
1.1302143335342407
1.147915244102478
1.1665774583816528
1.184328317642212
1.2009276151657104
1.222650170326233
1.2557569742202759
1.2927725315093994
1.3353136777877808
1.3835530281066895
1.4442737102508545
1.5237395763397217
1.632546305656433
1.789573311805725
2.008843183517456
2.0170135498046875
2.008972406387329
2.062065601348877
2.158074378967285
2.712283134460449
14.4266939163208
0.39419007301330566
0.48734167218208313
0.6013028621673584
0.7096728086471558
0.8130491971969604
0.9149564504623413
39.240604400634766
43.41534423828125
50.111507415771484
54.51375198364258
59.15694808959961
69.46916961669922
74.87120819091797
79.86750793457031
88.93852233886719
97.36613464355469
105.35871124267578
109.3079833984375
113.1950454711914
120.87744903564453
128.0669708251953
134.14918518066406
139.42752075195312
144.1032257080078
148.15184020996094
151.51174926757812
154.4705810546875
157.28257751464844
159.19129943847656
160.56448364257812
161.4871368408203
161.88494873046875
161.5986785888672
161.07806396484375
160.43812561035156
159.73658752441406
159.00588989257812
158.19595336914062
157.32188415527344
156.4204864501953
155.52386474609375
154.64820861816406
153.76968383789062
152.89581298828125
152.03762817382812
151.19825744628906
150.4072265625
149.66204833984375
148.9485321044922
148.27377319335938
147.64532470703125
147.08274841308594
146.5938262939453
146.2418212890625
145.99386596679688
145.72146606445312
144.4177703857422
143.38685607910156
142.50489807128906
141.73143005371094
141.04055786132812
140.41505432128906
139.8406524658203
