18.676593780517578
17.339515686035156
14.391337394714355
11.99278736114502
10.908305168151855
10.425464630126953
10.235588073730469
10.23399543762207
10.391225814819336
10.656908988952637
11.0283842086792
11.495083808898926
12.019384384155273
12.60023307800293
13.272199630737305
14.017470359802246
14.881869316101074
15.906696319580078
17.181947708129883
18.645755767822266
20.201839447021484
21.91534423828125
23.628177642822266
25.231098175048828
26.708023071289062
28.135215759277344
29.559906005859375
31.071674346923828
32.627559661865234
34.28696060180664
35.96469497680664
37.59073257446289
10.68293571472168
9.49648666381836
10.01048469543457
10.714563369750977
11.441577911376953
12.207236289978027
52.21446228027344
49.31665802001953
49.32707977294922
49.507144927978516
49.81462478637695
50.18022155761719
51.093116760253906
52.14693069458008
53.15754318237305
54.07826614379883
54.89326858520508
55.49437713623047
55.912315368652344
56.19293212890625
56.329261779785156
56.34022521972656
56.24641036987305
56.06212615966797
55.80653762817383
55.48623275756836
55.115821838378906
54.69566345214844
54.23741912841797
53.77367401123047
53.55562973022461
53.320220947265625
52.85371780395508
52.42738723754883
52.03580856323242
51.68275451660156
51.37152862548828
51.100006103515625
50.863502502441406
50.551971435546875
50.18301773071289
49.86575698852539
49.55408477783203
49.25759506225586
48.98126220703125
48.724246978759766
48.485321044921875
48.26278305053711
48.05608367919922
47.86552047729492
47.69084548950195
47.53171157836914
47.3844108581543
47.24774932861328
47.12106704711914
47.00757598876953
46.90943908691406
46.820648193359375
46.73572540283203
46.651214599609375
46.56270217895508
46.46778106689453
