0.022765683010220528
0.0269901305437088
0.028704417869448662
0.02994563616812229
0.030831919983029366
0.031117865815758705
0.031124338507652283
0.03108839876949787
0.03112359344959259
0.031218193471431732
0.031392622739076614
0.03160811960697174
0.031913116574287415
0.032247353345155716
0.032580696046352386
0.03289875015616417
0.033194608986377716
0.033489130437374115
0.03379327803850174
0.03410978615283966
0.034445974975824356
0.034831542521715164
0.03528110310435295
0.035798996686935425
0.03637899085879326
0.03701680153608322
0.03770717978477478
0.03843950852751732
0.039201460778713226
0.04000444710254669
0.04085225611925125
0.04148099571466446
0.0018269073916599154
0.0014717308804392815
0.0014489516615867615
0.0014358918415382504
0.0013952025910839438
0.0014222608879208565
0.034101832658052444
0.03871555253863335
0.041772596538066864
0.04131332039833069
0.040284283459186554
0.039543651044368744
0.038933321833610535
0.03837038204073906
0.03781939670443535
0.03717634454369545
0.03651208430528641
0.035836540162563324
0.03514448180794716
0.03443291038274765
0.033706169575452805
0.032974012196063995
0.03225940838456154
0.03152241185307503
0.030779311433434486
0.03003646805882454
0.029294071719050407
0.028546376153826714
0.02779608778655529
0.027048232033848763
0.026299184188246727
0.025547422468662262
0.024798821657896042
0.024057913571596146
0.023327456787228584
0.022609109058976173
0.021903347223997116
0.021211549639701843
0.02053147740662098
0.01986563205718994
0.019215377047657967
0.01858237013220787
0.017968537285923958
0.017373286187648773
0.016795894131064415
0.016242310404777527
0.0157177671790123
0.015219478867948055
0.014746039174497128
0.014295163564383984
0.01386365108191967
0.013448781333863735
0.013048939406871796
0.012664146721363068
0.012292297556996346
0.01193244382739067
0.011582883074879646
0.011243700049817562
0.010916751809418201
0.010602382943034172
