9.135809898376465
13.435142517089844
10.90697193145752
9.044297218322754
8.329968452453613
8.078882217407227
7.99753475189209
7.922339916229248
7.823991775512695
7.735805511474609
7.665372371673584
7.615434646606445
7.586633682250977
7.5369086265563965
7.484516620635986
7.444928169250488
7.4251484870910645
7.426011085510254
7.452608585357666
7.502170562744141
7.569884300231934
7.648604393005371
7.728747844696045
7.781227111816406
7.827849388122559
7.879663944244385
7.943600654602051
8.025489807128906
8.127457618713379
8.249711990356445
8.395047187805176
8.55452823638916
0.6933673024177551
0.5904738903045654
0.5926692485809326
0.6057605743408203
0.6208354234695435
0.6365650296211243
10.945755004882812
10.985690116882324
10.9666166305542
11.120508193969727
11.360779762268066
11.637190818786621
11.931035995483398
12.23305606842041
12.53915786743164
12.847648620605469
13.158427238464355
13.485017776489258
13.817804336547852
14.152850151062012
14.488539695739746
14.824251174926758
15.160442352294922
15.494686126708984
15.82650089263916
16.155794143676758
16.48178482055664
16.802915573120117
17.119760513305664
17.435163497924805
17.764728546142578
18.102710723876953
18.440174102783203
18.769201278686523
19.085100173950195
19.41304588317871
19.745935440063477
20.042781829833984
20.313304901123047
20.566219329833984
20.80502700805664
21.02690315246582
21.234039306640625
21.429182052612305
21.63458824157715
21.8407039642334
22.044517517089844
22.239885330200195
22.425657272338867
22.601444244384766
22.768146514892578
22.926767349243164
23.077590942382812
23.221269607543945
23.35869598388672
23.489511489868164
23.614675521850586
23.735471725463867
23.85306167602539
23.969972610473633
