0.02252286858856678
0.026929499581456184
0.028764545917510986
0.029973575845360756
0.030840832740068436
0.031142910942435265
0.031161874532699585
0.031132781878113747
0.03117014653980732
0.03127725049853325
0.031454313546419144
0.031701862812042236
0.03203821927309036
0.03239594027400017
0.03274568170309067
0.03307446464896202
0.033383287489414215
0.03369637206196785
0.03402154520153999
0.03436129912734032
0.034748442471027374
0.0352025181055069
0.035732369869947433
0.036332789808511734
0.03699822723865509
0.03772227466106415
0.03849367797374725
0.039295732975006104
0.04014020413160324
0.04102950915694237
0.04146384075284004
0.040930457413196564
0.0019116821931675076
0.0014938822714611888
0.0014894100604578853
0.001516909571364522
0.0015438763657584786
0.0015668553533032537
0.03525787219405174
0.03990929573774338
0.042144082486629486
0.04062729328870773
0.0396384559571743
0.03890476003289223
0.038277123123407364
0.037683553993701935
0.036999039351940155
0.036313869059085846
0.035616740584373474
0.0348961316049099
0.03415736183524132
0.03340063989162445
0.03264463692903519
0.0318998247385025
0.031132619827985764
0.030357547104358673
0.029584310948848724
0.028806408867239952
0.028026051819324493
0.027241487056016922
0.026468610391020775
0.02569079026579857
0.024915391579270363
0.024148035794496536
0.023392029106616974
0.02265026420354843
0.02192416973412037
0.0212154109030962
0.020521482452750206
0.01984354853630066
0.019182465970516205
0.0185396745800972
0.01791474223136902
0.017306353896856308
0.016711773350834846
0.016144385561347008
0.015607989393174648
0.015100904740393162
0.014619991183280945
0.01416225265711546
0.013723856769502163
0.013302157633006573
0.012894620187580585
0.012501485645771027
0.01212228648364544
0.011751933954656124
0.011396205052733421
0.011057859286665916
0.010736806318163872
0.010430542752146721
0.0101389791816473
0.00986277125775814
