0.0959126427769661
0.10591311752796173
0.11861278861761093
0.12653540074825287
0.13313357532024384
0.13891200721263885
0.14269644021987915
0.14463751018047333
0.14616659283638
0.14776943624019623
0.14906412363052368
0.14999687671661377
0.15078051388263702
0.15160077810287476
0.15243899822235107
0.15322519838809967
0.15404477715492249
0.15486188232898712
0.1557372361421585
0.1566046178340912
0.1575201451778412
0.15846602618694305
0.15939995646476746
0.1603504866361618
0.16149753332138062
0.1629008650779724
0.1649743765592575
0.16785754263401031
0.1709478348493576
0.17414849996566772
0.17760105431079865
0.18129368126392365
0.02485467493534088
0.018785491585731506
0.015411976724863052
0.012550688348710537
0.011226976290345192
0.010553388856351376
0.13860265910625458
0.151516392827034
0.16380177438259125
0.17493321001529694
0.1847447007894516
0.1935683935880661
0.20198312401771545
0.2100697010755539
0.21791675686836243
0.22563664615154266
0.23372042179107666
0.24246102571487427
0.2557782232761383
0.2689509987831116
0.2806059420108795
0.2925523519515991
0.307020902633667
0.3260248303413391
0.34949633479118347
0.3788306713104248
0.3788034915924072
0.37664076685905457
0.3792330026626587
0.38513684272766113
0.3925207555294037
0.3990696668624878
0.4060290455818176
0.4139173924922943
0.42251095175743103
4.014274597167969
8.20544147491455
11.5562105178833
14.417012214660645
16.559083938598633
18.169099807739258
19.383161544799805
20.300613403320312
21.094144821166992
21.70476531982422
22.158384323120117
22.54004669189453
22.86526107788086
23.130504608154297
23.345184326171875
23.51841163635254
23.654407501220703
23.742328643798828
23.77511978149414
23.77398109436035
23.74854850769043
23.706483840942383
23.651872634887695
23.575273513793945
23.497102737426758
