0.006613601464778185
0.0072176712565124035
0.007968698628246784
0.008654763922095299
0.009235688485205173
0.00970741268247366
0.009885584004223347
0.009966550394892693
0.010055446065962315
0.01015970017760992
0.010240157134830952
0.010325655341148376
0.010420076549053192
0.010519757866859436
0.010631999000906944
0.010753952898085117
0.01090338733047247
0.011092064902186394
0.011318747885525227
0.011578911915421486
0.011867066845297813
0.012179117649793625
0.012511578388512135
0.01285446435213089
0.013147176243364811
0.013456331565976143
0.013779251836240292
0.014117215760052204
0.014474800787866116
0.014856376685202122
0.015259540639817715
0.01568230800330639
0.0009666297701187432
0.0009198997868224978
0.0009185952949337661
0.0009226815891452134
0.0009269992006011307
0.0009308300795964897
0.01583286002278328
0.016600430011749268
0.01704082265496254
0.017378587275743484
0.01771511323750019
0.018070746213197708
0.01843808963894844
0.018850095570087433
0.01928536407649517
0.019729118794202805
0.020221393555402756
0.020739270374178886
0.021277500316500664
0.021833986043930054
0.022404106333851814
0.022978324443101883
0.023549454286694527
0.024110527709126472
0.024669745936989784
0.02523048222064972
0.02579125203192234
0.026355812326073647
0.02664155326783657
0.026928497478365898
0.027505964040756226
0.02809213288128376
0.028694123029708862
0.029324602335691452
0.029969433322548866
0.030612098053097725
0.031245052814483643
0.03185713291168213
0.032448042184114456
0.03301100432872772
0.03353458642959595
0.03400487080216408
0.03438602760434151
0.03468148782849312
0.034899767488241196
0.035052742809057236
0.03514498844742775
0.03518415614962578
0.035171784460544586
0.03511461615562439
0.0350213348865509
0.03489689156413078
0.03474131226539612
0.03450196981430054
0.03333885595202446
0.03236740082502365
0.03146488964557648
0.030608490109443665
0.029799647629261017
0.0290239080786705
0.028272660449147224
