6.997755527496338
8.604666709899902
12.17813777923584
15.63685417175293
17.24890899658203
17.21332550048828
17.539836883544922
18.446252822875977
19.46338653564453
19.869056701660156
20.20824432373047
20.699636459350586
21.3887882232666
22.062490463256836
22.75658416748047
23.606178283691406
24.65871810913086
25.97389793395996
27.615968704223633
29.25598907470703
30.888553619384766
32.72535705566406
34.45933151245117
36.323280334472656
38.676509857177734
41.72016906738281
44.531192779541016
46.86693572998047
49.1940803527832
51.35057067871094
53.56654357910156
56.027828216552734
0.7759467363357544
0.7003786563873291
0.6454423069953918
0.5684113502502441
0.5624359846115112
0.5759586095809937
20.767858505249023
58.515018463134766
68.24882507324219
75.36011505126953
80.05216217041016
80.09385681152344
79.80654907226562
80.95380401611328
82.80872344970703
85.1073989868164
87.78575134277344
90.90312957763672
94.35409545898438
97.93245697021484
101.6915054321289
105.5739517211914
109.421630859375
113.29740905761719
117.1927490234375
121.13176727294922
125.1961441040039
129.3878631591797
133.56698608398438
137.7119598388672
141.84848022460938
145.93702697753906
150.00213623046875
154.08975219726562
158.11891174316406
162.24501037597656
166.20819091796875
169.99105834960938
173.6211395263672
177.14511108398438
180.58261108398438
183.92799377441406
187.16534423828125
190.2739715576172
193.2206268310547
196.0015869140625
198.63063049316406
201.24380493164062
203.73971557617188
206.14183044433594
208.5587158203125
210.9990234375
213.58462524414062
216.00587463378906
218.3631591796875
220.7310791015625
222.98580932617188
225.15451049804688
227.30154418945312
229.49237060546875
