0.023181753233075142
0.027512861415743828
0.02922637015581131
0.03064139187335968
0.031352750957012177
0.031540397554636
0.031676363199949265
0.03200645372271538
0.032558683305978775
0.03320099413394928
0.03386204317212105
0.03453812748193741
0.03528054803609848
0.036149073392152786
0.03714371100068092
0.038239747285842896
0.03939761593937874
0.04064273461699486
0.04154519736766815
0.04070182144641876
0.03990820050239563
0.03912162035703659
0.03831939026713371
0.03749958053231239
0.036578837782144547
0.03551146760582924
0.03444775566458702
0.03334828093647957
0.03221369907259941
0.03104047104716301
0.02990022674202919
0.028753405436873436
0.002980713965371251
0.0028676227666437626
0.002926683984696865
0.0029768231324851513
0.003008723957464099
0.003027407918125391
0.031893495470285416
0.02946671098470688
0.027661902830004692
0.02617291361093521
0.02480514533817768
0.02348989248275757
0.022221513092517853
0.020993011072278023
0.019850954413414
0.01879066415131092
0.017792291939258575
0.01686623878777027
0.01600596308708191
0.015202402137219906
0.014465092681348324
0.013781478628516197
0.013137809000909328
0.01253349520266056
0.01196581032127142
0.011431610211730003
0.010928286239504814
0.010446238331496716
0.00998778361827135
0.009554686956107616
0.009151788428425789
0.00877782329916954
0.008430295623838902
0.00810652133077383
0.0078040617518126965
0.007520571816712618
0.007253948599100113
0.007002468220889568
0.006764700636267662
0.006539459340274334
0.006325872149318457
0.00612304825335741
0.0059301601722836494
0.0057470244355499744
0.0055725728161633015
0.005406002514064312
0.005246738903224468
0.0050943028181791306
0.004948328714817762
0.0048083956353366375
0.004674125462770462
0.004545398522168398
0.004421938210725784
0.004303124733269215
0.004188500344753265
0.0040779439732432365
0.003971243277192116
0.003868183121085167
0.003768605412915349
0.0036723485682159662
