0.008031942881643772
0.008985853753983974
0.010019330307841301
0.011185826733708382
0.0115401241928339
0.011663039214909077
0.011765893548727036
0.011889255605638027
0.012010053731501102
0.012190770357847214
0.012392189353704453
0.012599908746778965
0.012840819545090199
0.013182117603719234
0.013634801842272282
0.01417191419750452
0.014737471006810665
0.015247120521962643
0.01578683778643608
0.016352197155356407
0.01695537008345127
0.01760246232151985
0.018282826989889145
0.019001217558979988
0.019763518124818802
0.02058986760675907
0.02138112299144268
0.022090883925557137
0.022885365411639214
0.023724274709820747
0.024598073214292526
0.025512969121336937
0.001458226703107357
0.0014461888931691647
0.0014543442521244287
0.001463291235268116
0.0014698104932904243
0.0014746644301339984
0.026226051151752472
0.027405250817537308
0.02821924164891243
0.02908778376877308
0.030086295679211617
0.03119037300348282
0.032363515347242355
0.033620208501815796
0.034960731863975525
0.036331020295619965
0.03772959113121033
0.03681832179427147
0.03474121913313866
0.032887138426303864
0.031172320246696472
0.029596559703350067
0.028129369020462036
0.02673601545393467
0.025437554344534874
0.024233980104327202
0.023116635158658028
0.022074062377214432
0.02109927497804165
0.020181387662887573
0.01931067742407322
0.018490828573703766
0.017717810347676277
0.016985716298222542
0.016291501000523567
0.01563233509659767
0.015005867928266525
0.014410066418349743
0.013843109831213951
0.013303138315677643
0.012788589112460613
0.012297844514250755
0.011829547584056854
0.01138273160904646
0.010956059210002422
0.010547870770096779
0.010157687589526176
0.009784720838069916
0.009428064338862896
0.009086795151233673
0.008759843185544014
0.008446593768894672
0.008146448992192745
0.007858628407120705
0.0075828335247933865
0.007318398449569941
0.0070646777749061584
0.006821153685450554
0.006587378215044737
0.00636288383975625
