0.007754856254905462
0.008700534701347351
0.009766632691025734
0.010910242795944214
0.011165154166519642
0.011254661716520786
0.01133781112730503
0.011473800987005234
0.011690805666148663
0.011920493096113205
0.01215433981269598
0.012390908785164356
0.012665036134421825
0.013022385537624359
0.01345495693385601
0.013936740346252918
0.014389658346772194
0.014827976934611797
0.01529733370989561
0.01580568589270115
0.016340697184205055
0.016904640942811966
0.017504673451185226
0.018154941499233246
0.01885242387652397
0.01965111866593361
0.02048472687602043
0.02113356813788414
0.021766481921076775
0.02248646505177021
0.023260749876499176
0.024101806804537773
0.0012552186381071806
0.001222437946125865
0.0012265003751963377
0.0012355649378150702
0.0012444914318621159
0.001252426183782518
0.023305462673306465
0.02464667521417141
0.024150995537638664
0.023071618750691414
0.022082947194576263
0.02114567533135414
0.020244482904672623
0.019369011744856834
0.018515266478061676
0.017681751400232315
0.01686517335474491
0.016069136559963226
0.015299097634851933
0.01455309335142374
0.013844196684658527
0.013182317838072777
0.012566179037094116
0.011992150917649269
0.011455046012997627
0.010952521115541458
0.01048132311552763
0.010038335807621479
0.009620817378163338
0.009227271191775799
0.008855581283569336
0.008503824472427368
0.008171738125383854
0.007858490571379662
0.007562889251857996
0.007283652666956186
0.007019607350230217
0.006769625004380941
0.006533580832183361
0.006310214754194021
0.006098067853599787
0.005896103102713823
0.005703016649931669
0.0055183786898851395
0.005341731011867523
0.0051727076061069965
0.005010908003896475
0.004855794366449118
0.004706807434558868
0.004563577007502317
0.004425831604748964
0.004293294623494148
0.00416567362844944
0.004042766988277435
0.003924424760043621
0.0038103803526610136
0.0037003925535827875
0.0035942173562943935
0.0034916941076517105
0.003392728278413415
