0.17122295498847961
0.1714029461145401
0.1777867078781128
0.19654405117034912
0.211833193898201
0.22543169558048248
0.23608100414276123
0.24056683480739594
0.24482318758964539
0.24840278923511505
0.251486599445343
0.25422173738479614
0.2563936412334442
0.2596985697746277
0.26332399249076843
0.2676677703857422
0.2726288139820099
0.28511494398117065
0.2991677224636078
0.3140966594219208
0.33044493198394775
0.34842464327812195
0.36801856756210327
0.3897203207015991
0.4132402837276459
0.4385267198085785
0.4677920639514923
0.5009407997131348
0.5346382260322571
0.5699042081832886
0.6099338531494141
0.65318363904953
0.05456048995256424
0.05336200073361397
0.052758559584617615
0.05187806859612465
0.050792500376701355
0.046450816094875336
0.5034685134887695
0.5745664238929749
0.6202467679977417
0.6686296463012695
0.7189905047416687
0.767829418182373
0.8157964944839478
0.8640097379684448
0.9138610363006592
0.9657956957817078
1.0203297138214111
1.077227234840393
1.1359186172485352
1.1976398229599
1.2150079011917114
1.1520261764526367
1.0998400449752808
1.0542658567428589
1.0130962133407593
0.9752362370491028
0.9399904608726501
0.9069112539291382
0.8756189942359924
0.845678985118866
0.8168237805366516
0.7865100502967834
0.7551979422569275
0.7235175371170044
0.6966398358345032
0.6714670658111572
0.6473568677902222
0.6241762638092041
0.6019102334976196
0.5907922387123108
0.6054391860961914
0.6354445219039917
0.6690070629119873
0.7042964696884155
0.7428268790245056
0.7850630879402161
0.831060528755188
0.8818482756614685
3.924283266067505
13.123968124389648
18.445470809936523
22.019304275512695
24.5913143157959
26.56529426574707
28.149181365966797
29.587230682373047
30.8828125
32.030601501464844
33.098175048828125
34.12136459350586
