7.143194198608398
8.862013816833496
11.902259826660156
14.544336318969727
15.436803817749023
15.508447647094727
15.487482070922852
15.913100242614746
16.64823341369629
17.267780303955078
17.27852439880371
17.260650634765625
17.540729522705078
18.193925857543945
19.19879722595215
20.487565994262695
21.76319122314453
23.32742691040039
25.602746963500977
28.87912940979004
33.88298797607422
40.98222732543945
50.38499450683594
60.645652770996094
72.63143157958984
86.88422393798828
103.7038345336914
123.7557373046875
145.31361389160156
168.77496337890625
193.8084716796875
220.7467498779297
6.789364814758301
5.347507953643799
5.746840000152588
6.093437671661377
6.424066066741943
6.751696586608887
143.86782836914062
257.93157958984375
346.986328125
389.5357971191406
389.05206298828125
391.6610107421875
399.0782470703125
416.04693603515625
430.3236083984375
442.1303405761719
451.99560546875
460.1801452636719
466.6714172363281
470.8422546386719
473.29608154296875
474.54864501953125
475.1510925292969
475.29888916015625
475.1101379394531
474.3968200683594
473.07733154296875
471.2132263183594
468.961669921875
466.4125671386719
463.6521911621094
460.7051696777344
457.60986328125
454.47467041015625
451.3695983886719
448.2977294921875
445.2940368652344
442.3588562011719
439.4972839355469
436.7347717285156
434.1039733886719
431.5815124511719
428.5110168457031
424.84765625
421.7205505371094
418.87646484375
416.20257568359375
413.3462219238281
410.5832824707031
407.9574279785156
405.465576171875
403.0428161621094
400.7027282714844
398.59539794921875
396.6637878417969
394.89227294921875
393.2481994628906
391.6927795410156
390.1969299316406
388.6827392578125
387.12066650390625
