0.11183375865221024
0.1221819519996643
0.13701005280017853
0.14844699203968048
0.1507241278886795
0.15163640677928925
0.1522824764251709
0.15291757881641388
0.1535879224538803
0.15446799993515015
0.1554829180240631
0.15660424530506134
0.15765826404094696
0.15859393775463104
0.1594909131526947
0.1604439616203308
0.16147877275943756
0.16256453096866608
0.16373948752880096
0.16506853699684143
0.1666206419467926
0.16847014427185059
0.17071208357810974
0.1733963042497635
0.1764909327030182
0.17986345291137695
0.18356862664222717
0.18761295080184937
0.19206032156944275
0.19690941274166107
0.20216946303844452
0.20943519473075867
0.012271462008357048
0.010915784165263176
0.010422124527394772
0.010234174318611622
0.010162434540688992
0.010138473473489285
0.18780411779880524
0.20095007121562958
0.20845162868499756
0.2182929366827011
0.23042622208595276
0.24520675837993622
0.2625761330127716
0.2724302411079407
0.26635459065437317
0.2601589262485504
0.2538716197013855
0.24751748144626617
0.24108637869358063
0.23409096896648407
0.22702953219413757
0.21995295584201813
0.2128637731075287
0.20593516528606415
0.1991257518529892
0.1923546940088272
0.18555234372615814
0.17869625985622406
0.17185482382774353
0.16551104187965393
0.1597183644771576
0.15440477430820465
0.14938533306121826
0.14500229060649872
0.1413494050502777
0.13809850811958313
0.1350414752960205
0.13248232007026672
0.13038891553878784
0.12858545780181885
0.1270100325345993
0.1256631761789322
0.12450624257326126
0.12349870800971985
0.12259222567081451
0.1217794269323349
0.12105322629213333
0.12041393667459488
0.11985836178064346
0.11936456710100174
0.11891593784093857
0.11851862818002701
0.11817630380392075
0.11787788569927216
0.11761816591024399
0.1173945814371109
0.11720482259988785
0.11704763025045395
0.11692483723163605
0.11682859808206558
