0.04599553346633911
0.05537568777799606
0.06104481965303421
0.062176622450351715
0.061238329857587814
0.06077660247683525
0.06084950640797615
0.06114959716796875
0.06150777265429497
0.06194676458835602
0.062406737357378006
0.06275780498981476
0.06314373016357422
0.0635809376835823
0.0640358105301857
0.06454656273126602
0.06445875018835068
0.06376951187849045
0.06318732351064682
0.06267886608839035
0.062211036682128906
0.06174837797880173
0.0612674318253994
0.06075584143400192
0.06022058054804802
0.05965578183531761
0.0590519942343235
0.05840848386287689
0.05772073566913605
0.056985415518283844
0.056201353669166565
0.05517001077532768
0.05393558368086815
0.0035542240366339684
0.0027702644001692533
0.0027643342036753893
0.002793743275105953
0.002829031553119421
0.0028517055325210094
0.06319748610258102
0.057716403156518936
0.0537225678563118
0.050944600254297256
0.04913841933012009
0.04761634021997452
0.04690456762909889
0.04620633274316788
0.044779811054468155
0.043327320367097855
0.0418766513466835
0.04060910642147064
0.03945641964673996
0.03833559900522232
0.037239789962768555
0.03612075001001358
0.0349084809422493
0.03363913297653198
0.03237157687544823
0.031117815524339676
0.029907241463661194
0.028741532936692238
0.027613786980509758
0.026543239131569862
0.02602509967982769
0.025521237403154373
0.024568170309066772
0.023664137348532677
0.022805988788604736
0.02198679745197296
0.02119818888604641
0.020436009392142296
0.019698264077305794
0.018988842144608498
0.018310176208615303
0.01765158213675022
0.01700683683156967
0.0163855142891407
0.015793170779943466
0.015232551842927933
0.014697429724037647
0.01418750174343586
0.013697893358767033
0.013213740661740303
0.012744328007102013
0.0123022785410285
0.011888477019965649
0.011500167660415173
0.011134755797684193
0.01078961230814457
0.010458300821483135
0.010143124498426914
0.009854231961071491
0.009591794572770596
0.009344018064439297
0.009103666990995407
0.008853686042129993
